----------------------------For Number of clusters 85----------------------------
Avg Clusters:
2.520163 4.410036 2.482398 10.777749 2.479186 2.849112 2.473239 10.498068 2.508313 3.591266 
2.501469 4.544642 2.509955 9.713068 2.483878 9.076245 2.533383 2.617575 2.505857 3.238214 
2.476283 10.832537 2.520831 6.455136 2.525836 10.405041 2.530751 3.884119 2.470106 3.820408 
2.540761 10.580427 2.500598 3.209886 2.516045 6.856189 2.515148 7.056109 2.487293 9.943293 
2.490892 2.696766 2.481653 2.855705 2.484398 4.010764 2.522793 9.664473 2.493289 9.820317 
2.506133 10.731820 2.513528 3.316781 2.476733 5.934862 2.529836 10.801047 2.501952 3.550645 
2.488069 10.839282 2.551112 8.040597 2.527199 3.181446 2.489990 4.741254 2.483114 3.518453 
2.521185 5.080628 2.510969 3.838213 2.512517 10.859177 2.486333 10.655728 2.492260 10.985626 
2.496313 4.389413 2.481189 2.905171 2.521441 4.122399 2.516556 2.924569 2.512752 10.340566 
2.459559 7.431257 2.526785 2.989181 2.492281 10.846946 2.521771 4.499472 2.527312 10.818512 
2.493728 5.386998 2.502836 10.653360 2.503218 2.621837 2.483693 5.014180 2.497000 11.316209 
2.509679 3.192306 2.510020 3.710664 2.500219 4.443464 2.497001 7.099566 2.482032 3.097713 
2.473873 11.508205 2.509829 9.517614 2.475105 9.786278 2.527079 4.825091 2.531224 10.810585 
2.478252 10.963754 2.508490 4.121865 2.507119 2.895768 2.513715 2.826933 2.510057 10.649491 
2.507959 5.444855 2.506822 10.967974 2.518713 10.218874 2.515681 10.836744 2.521319 10.504453 
2.509873 10.678854 2.467500 10.375759 2.492183 6.581353 2.527409 11.072560 2.511828 3.926823 
2.537774 11.008761 2.504170 7.681848 2.479988 10.000300 2.499190 10.994959 2.487969 10.579838 
2.516032 3.951653 2.511157 10.913157 2.516233 11.136044 2.488743 9.950648 2.515579 3.272289 
2.492520 3.973494 2.481543 10.019680 2.496104 2.757124 2.538479 3.614072 2.472840 3.148171 
2.509863 11.020681 2.472923 11.126300 2.500000 3.330723 2.489420 3.447699 2.483443 9.973401 
2.522517 4.047856 2.513182 3.162700 2.522723 10.240819 2.467788 11.037597 2.471020 3.044419 
2.516930 7.639925 2.516987 10.455205 2.524753 3.461372 2.468623 10.940673 2.461257 10.443670 
2.467752 10.716358 2.535964 11.436787 2.496948 11.128992 2.510661 9.675573 2.467133 7.494470 
2.519451 2.892233 2.485543 10.374359 2.478381 11.385859 2.473124 3.766132 2.499211 6.635037 
2.505675 10.893393 2.493717 3.066275 2.543305 11.424537 2.478652 9.281043 2.492501 6.328469 
2.490984 10.775888 2.480038 10.971021 2.498307 2.164029 2.505473 10.176786 2.477675 4.504370 
2.522780 3.290349 2.477111 3.135213 2.490828 10.128191 2.481792 3.006804 2.477328 3.861902 
2.473362 10.516596 2.538043 4.989277 2.485021 11.025447 2.511574 10.688085 2.510298 2.298894 
2.529710 6.588024 2.557900 10.085214 2.496914 4.537540 2.516352 6.643482 2.506863 6.946845 
2.505711 3.420529 2.516400 7.587631 2.487272 2.828574 2.514360 11.229031 2.503264 10.544713 
2.472475 10.917478 2.470505 2.440954 2.505199 9.663018 2.483419 11.428478 2.501915 10.707672 
2.470137 3.832288 2.523821 3.753428 2.482764 3.191959 2.502440 11.699435 2.511271 3.316136 
2.539991 10.378826 2.492070 10.645521 2.510502 10.655036 2.485212 6.877240 2.528504 2.867895 
2.486935 10.914464 2.513833 5.828927 2.492776 2.927990 2.542038 11.085767 2.453966 8.447741 
2.499099 10.683986 2.466645 11.142600 2.498525 6.729553 2.443124 2.585560 2.525897 4.208245 
2.421385 2.308933 2.450372 7.914505 2.556282 3.819084 2.489736 9.687345 2.527972 6.080532 
2.442365 7.109729 2.487315 10.967857 2.469581 6.493596 2.519828 7.086823 2.548399 2.454064 
2.510819 7.432987 2.481414 3.008243 2.446699 2.690893 2.484664 5.103036 2.508837 4.829833 
2.537069 6.468879 2.525431 11.032414 2.468103 10.882241 2.498707 4.973362 2.478793 9.946638 
2.482358 2.311308 2.517861 11.676200 2.491234 4.423296 2.479400 10.472167 2.520491 10.625247 
2.456092 2.886465 2.521527 6.093920 2.513388 9.315781 2.515830 5.975258 2.509237 8.416456 
2.477591 2.906515 2.434255 2.569694 2.478973 11.059131 2.541560 9.183317 2.558342 6.908687 
2.532894 6.542449 2.532784 4.168259 2.497199 6.917188 2.481933 11.025920 2.534102 6.939484 
2.507500 10.330013 2.520341 10.936517 2.532461 11.485059 2.502820 2.424817 2.550462 6.182887 
2.518978 2.407807 2.484473 7.345805 2.489217 10.413630 2.460858 11.451369 2.454604 7.269894 
2.499063 3.085083 2.538302 3.977719 2.506162 3.564823 2.461993 2.224391 2.477374 3.966184 
2.523474 2.884670 2.491835 10.705246 2.525822 9.973464 2.470912 2.629414 2.479996 11.506940 
2.490628 7.349256 2.528117 10.816907 2.524368 6.829000 2.555932 2.546015 2.471641 10.896844 
2.567445 7.888698 2.470393 6.522850 2.483047 11.026658 2.478256 2.316216 2.463391 10.285012 
2.445982 9.465590 2.509804 11.318724 2.535948 11.309881 2.567282 3.000000 2.473664 1.910611 
2.525470 7.704813 2.483774 3.140159 2.465990 7.991259 2.487391 5.465789 2.541445 2.927961 
2.511230 11.797647 2.467059 10.919144 2.525989 3.941711 2.497219 10.081390 2.544064 11.208663 
2.529097 7.278285 2.549963 3.469959 2.497012 2.662053 2.449093 7.661843 2.467128 11.450142 
2.439558 2.681704 2.566097 9.070495 2.531289 11.256471 2.507791 7.848706 2.497487 11.712993 
2.509562 9.913325 2.450648 10.692011 2.524676 11.375077 2.462060 11.735194 2.526835 2.703115 
2.500855 3.754472 2.483992 8.420303 2.554176 7.225590 2.543694 11.239376 2.514185 2.463940 
2.541045 2.202198 2.472973 7.550020 2.501210 2.866983 2.489008 4.169020 2.513312 9.648245 
2.492778 11.161331 2.471696 2.217841 2.501464 10.624146 2.472282 2.712278 2.533964 4.952176 
2.465265 10.821094 2.481779 4.106903 2.461191 6.213586 2.461962 2.373555 2.477596 7.060112 
2.509359 7.160814 2.514415 7.677961 2.482853 2.936740 2.488045 2.431890 2.518923 7.791775 
2.465316 7.110190 2.501074 7.177409 2.559085 11.277931 2.530387 10.433855 2.505525 5.544659 
2.502063 2.954318 2.528736 7.137931 2.512231 6.638373 2.540525 2.664014 2.561450 11.427645 
2.487858 3.150432 2.508635 11.756881 2.461549 7.572585 2.474366 10.824744 2.522666 6.486913 
2.513104 10.210902 2.498954 3.543128 2.529347 4.024609 2.499446 2.309831 2.446782 2.243140 
2.498109 10.019630 2.508128 5.736939 2.509662 2.440037 2.495041 10.542071 2.523566 2.433085 
2.475546 2.076124 2.481199 11.049172 2.501315 7.075072 2.504076 6.000526 2.445175 3.626611 
2.468313 2.466151 2.516669 2.329275 2.494140 10.122084 2.459097 4.906702 2.468995 11.242121 
2.515927 9.850386 2.517133 11.452944 2.463079 11.662403 2.458494 2.543678 2.473456 11.498793 
2.497815 3.088579 2.534428 6.586749 2.516712 11.334947 2.489666 6.534310 2.513287 2.416558 
2.519854 3.509635 2.463796 6.587445 2.440730 6.698248 2.558832 9.185839 2.480438 11.647153 
2.523745 2.567348 2.458002 11.701369 2.484705 6.587798 2.589150 5.981240 2.480311 10.402569 
2.553053 2.835669 2.412579 4.868535 2.480647 11.376710 2.516850 2.007841 2.517851 10.284117 
2.491134 7.551506 2.451168 2.804531 2.520687 4.657895 2.490008 11.755981 2.479735 11.449620 
2.533408 11.232739 2.479677 6.942372 2.479538 3.079761 2.465618 6.912444 2.570991 10.943903 
2.472958 6.581737 2.525969 3.298912 2.446606 10.740309 2.523977 2.927838 2.495940 6.526582 
2.483065 11.896681 2.455183 2.910366 2.511119 5.764283 2.510777 6.281389 2.477592 2.620424 
2.474021 11.806066 2.487071 3.143306 2.516796 10.640889 2.508942 3.243838 2.484050 11.242629 
2.493412 10.158935 2.469393 11.885397 2.483118 2.322536 2.485040 3.525528 2.470629 3.276421 
2.470682 11.849745 2.473709 2.303856 2.481039 2.887030 2.477215 10.326322 2.560070 10.756373 
2.484242 11.377380 2.505909 10.873933 2.527577 6.684997 2.445010 7.087163 2.496389 7.736540 
2.451714 7.593276 2.440672 2.600363 2.547132 2.255603 2.447100 11.025544 2.514338 6.311305 
2.505689 8.030282 2.527219 2.738491 2.502013 11.987222 2.447401 6.329249 2.507789 2.537721 
2.523736 11.804689 2.508429 2.825615 2.490409 1.995543 2.532261 4.602596 2.549506 5.610347 
2.514465 2.899856 2.474408 11.664354 2.545490 3.723000 2.553737 2.403456 2.479906 7.711481 
2.459073 8.719112 2.538417 6.334556 2.479537 6.404054 2.481274 3.540734 2.457722 11.589575 

Avg Classes:
2.501062 6.987991 2.500831 7.004122 2.500320 6.993248 2.501601 6.996249 2.500578 6.990609 
2.499498 7.005723 2.498374 7.006795 2.501292 7.002107 2.499690 7.004367 2.498954 6.983451 
2.499895 6.977804 2.500798 6.985700 2.497879 6.992608 2.496556 7.012830 2.497165 6.990719 
2.505279 7.053359 2.508546 7.025330 2.503622 7.027224 2.496757 7.017660 2.492969 7.021495 
2.515058 7.299356 2.473616 7.259717 2.514286 7.283912 2.472844 7.284170 2.470785 7.327413 
2.523547 7.069138 2.523547 7.098196 2.523547 7.013026 2.523547 6.972445 2.523547 6.891283 
2.484551 7.143258 2.502809 7.093399 2.549157 7.078652 2.497893 7.214185 2.465590 7.115169 
2.417391 6.704348 2.482609 6.821739 2.565217 6.452174 2.560870 6.960870 2.504348 6.700000 
2.416667 8.583333 2.416667 7.583333 2.416667 8.166667 2.416667 7.083333 2.416667 7.333333 
3.333333 7.666667 3.333333 7.666667 3.333333 12.000000 3.333333 8.000000 3.333333 11.666667 

Cluster 0 is class 0
Cluster 1 is class 0
Cluster 2 is class 8
Cluster 3 is class 1
Cluster 4 is class 0
Cluster 5 is class 0
Cluster 6 is class 0
Cluster 7 is class 9
Cluster 8 is class 0
Cluster 9 is class 8
Cluster 10 is class 0
Cluster 11 is class 0
Cluster 12 is class 8
Cluster 13 is class 0
Cluster 14 is class 9
Cluster 15 is class 4
Cluster 16 is class 8
Cluster 17 is class 4
Cluster 18 is class 0
Cluster 19 is class 8
Cluster 20 is class 0
Cluster 21 is class 4
Cluster 22 is class 8
Cluster 23 is class 0
Cluster 24 is class 8
Cluster 25 is class 0
Cluster 26 is class 7
Cluster 27 is class 8
Cluster 28 is class 0
Cluster 29 is class 0
Cluster 30 is class 9
Cluster 31 is class 7
Cluster 32 is class 8
Cluster 33 is class 0
Cluster 34 is class 0
Cluster 35 is class 7
Cluster 36 is class 5
Cluster 37 is class 0
Cluster 38 is class 8
Cluster 39 is class 0
Cluster 40 is class 0
Cluster 41 is class 0
Cluster 42 is class 0
Cluster 43 is class 8
Cluster 44 is class 0
Cluster 45 is class 7
Cluster 46 is class 0
Cluster 47 is class 4
Cluster 48 is class 4
Cluster 49 is class 8
Cluster 50 is class 0
Cluster 51 is class 8
Cluster 52 is class 0
Cluster 53 is class 9
Cluster 54 is class 4
Cluster 55 is class 7
Cluster 56 is class 0
Cluster 57 is class 0
Cluster 58 is class 0
Cluster 59 is class 7
Cluster 60 is class 0
Cluster 61 is class 0
Cluster 62 is class 0
Cluster 63 is class 0
Cluster 64 is class 7
Cluster 65 is class 0
Cluster 66 is class 0
Cluster 67 is class 9
Cluster 68 is class 0
Cluster 69 is class 0
Cluster 70 is class 0
Cluster 71 is class 0
Cluster 72 is class 4
Cluster 73 is class 0
Cluster 74 is class 0
Cluster 75 is class 0
Cluster 76 is class 4
Cluster 77 is class 5
Cluster 78 is class 0
Cluster 79 is class 8
Cluster 80 is class 0
Cluster 81 is class 8
Cluster 82 is class 0
Cluster 83 is class 0
Cluster 84 is class 4

Overall Accuracy is 0.291656

