----------------------------For Number of clusters 6----------------------------
Avg Clusters:
2.497252 3.932974 2.504804 8.215900 2.504640 5.508955 2.512212 4.174353 2.499091 7.143537 
2.504412 4.349827 2.507044 6.660746 2.506610 9.288292 2.495291 10.644247 2.496941 7.020785 
2.502583 10.097364 2.496447 10.027459 2.498167 9.521511 2.500796 5.210491 2.501184 5.320608 
2.499152 8.910958 2.482595 8.394273 2.495489 3.181099 2.492234 10.003618 2.494618 8.186685 
2.500164 8.985877 2.489857 3.599897 2.498930 8.263842 2.487189 4.772080 2.502796 10.260453 
2.499940 9.286070 2.517626 3.215491 2.495562 6.397617 2.511270 7.670352 2.505060 2.982561 

Avg Classes:
2.501062 6.987991 2.500831 7.004122 2.500320 6.993248 2.501601 6.996249 2.500578 6.990609 
2.499498 7.005723 2.498374 7.006795 2.501292 7.002107 2.499690 7.004367 2.498954 6.983451 
2.499895 6.977804 2.500798 6.985700 2.497879 6.992608 2.496556 7.012830 2.497165 6.990719 
2.505279 7.053359 2.508546 7.025330 2.503622 7.027224 2.496757 7.017660 2.492969 7.021495 
2.515058 7.299356 2.473616 7.259717 2.514286 7.283912 2.472844 7.284170 2.470785 7.327413 
2.523547 7.069138 2.523547 7.098196 2.523547 7.013026 2.523547 6.972445 2.523547 6.891283 
2.484551 7.143258 2.502809 7.093399 2.549157 7.078652 2.497893 7.214185 2.465590 7.115169 
2.417391 6.704348 2.482609 6.821739 2.565217 6.452174 2.560870 6.960870 2.504348 6.700000 
2.416667 8.583333 2.416667 7.583333 2.416667 8.166667 2.416667 7.083333 2.416667 7.333333 
3.333333 7.666667 3.333333 7.666667 3.333333 12.000000 3.333333 8.000000 3.333333 11.666667 

Cluster 0 is class 0
Cluster 1 is class 4
Cluster 2 is class 8
Cluster 3 is class 0
Cluster 4 is class 0
Cluster 5 is class 7

Overall Accuracy is 0.273221

