----------------------------For Number of clusters 72----------------------------
Avg Clusters:
2.529366 10.205019 2.463027 11.229817 2.487340 3.100571 2.487899 3.711079 2.499049 8.806876 
2.506377 2.733801 2.502852 5.197441 2.499762 10.167182 2.517665 9.571095 2.496633 10.896863 
2.480726 9.657039 2.497483 10.924411 2.493477 4.060780 2.504502 5.344872 2.487524 2.862566 
2.509601 11.047349 2.496630 3.234623 2.517952 10.959264 2.484083 9.127676 2.496884 5.257683 
2.494660 3.767023 2.494908 9.642586 2.505163 3.335202 2.523968 3.523188 2.468651 3.972004 
2.501065 10.250201 2.474837 3.950686 2.493906 3.425174 2.489016 10.046729 2.505605 10.804142 
2.501751 9.988571 2.515465 3.587881 2.477240 2.891158 2.524463 7.146727 2.507490 3.132915 
2.485743 3.171272 2.513962 3.754620 2.471836 3.921096 2.532000 9.885868 2.505404 3.661515 
2.507503 3.500554 2.512064 10.752366 2.516839 6.621067 2.513982 3.985804 2.473570 10.744906 
2.489431 3.690262 2.521905 9.978488 2.483819 3.925175 2.479517 10.831868 2.488982 10.776684 
2.500061 10.452214 2.502744 10.518232 2.518761 9.878084 2.506647 10.624172 2.483068 10.192772 
2.505107 3.485004 2.483248 7.823434 2.505627 2.577906 2.517013 3.322816 2.529048 10.981068 
2.500454 10.213858 2.521204 10.381333 2.520863 10.279288 2.513972 3.052518 2.500984 3.724460 
2.513200 3.674287 2.458097 3.975349 2.491961 10.736939 2.501514 3.181900 2.491321 3.538363 
2.498150 8.164979 2.531383 3.168121 2.505271 8.828248 2.540808 11.672694 2.468268 3.073937 
2.497928 7.362386 2.499361 2.897448 2.496752 5.001023 2.486164 3.326428 2.500384 11.019232 
2.502644 9.823902 2.514422 5.571743 2.489400 10.827357 2.506779 6.281526 2.537088 11.162854 
2.529819 2.549581 2.482906 3.582830 2.516976 7.594148 2.504369 3.752829 2.508415 9.692840 
2.460975 5.669008 2.558598 10.622178 2.506244 10.595761 2.518792 6.721482 2.576429 3.087776 
2.493074 4.708430 2.527546 7.488186 2.497587 11.324663 2.537762 2.769790 2.485616 10.521279 
2.490795 2.367188 2.505573 7.656857 2.517345 9.769443 2.485034 8.611584 2.450908 4.161553 
2.500132 10.920222 2.504557 6.883701 2.556135 3.834368 2.467177 2.468961 2.472725 3.685775 
2.517747 11.112760 2.484250 9.346211 2.473123 3.358936 2.499943 10.718158 2.510899 7.158297 
2.486899 3.443151 2.478186 3.314652 2.492152 3.430439 2.493166 11.353208 2.531543 9.598866 
2.546449 6.777999 2.450348 10.709519 2.537806 7.225144 2.476095 11.288849 2.523481 3.195527 
2.478917 11.006704 2.489643 2.618489 2.526379 9.995777 2.483609 3.161360 2.480459 10.384260 
2.528795 11.286051 2.491035 3.447880 2.509269 9.329889 2.503495 11.134250 2.507370 10.678392 
2.515126 3.300057 2.474664 3.644356 2.514653 2.958499 2.498676 7.480147 2.486860 11.362639 
2.506049 3.732333 2.527203 3.039334 2.505917 3.780393 2.476168 3.473392 2.488068 3.341641 
2.465290 8.911164 2.483242 4.775715 2.551044 2.849988 2.480237 11.711765 2.512366 3.236074 
2.538144 10.088833 2.471597 10.795060 2.516247 3.175407 2.516481 10.042079 2.493493 11.694304 
2.498505 2.925188 2.495183 11.339114 2.432928 3.646269 2.527673 9.458840 2.538768 3.386885 
2.448288 10.892550 2.473325 4.401283 2.512075 10.600082 2.493519 3.563515 2.510916 2.538204 
2.482280 7.175886 2.571817 7.269079 2.540128 3.125914 2.433527 6.545378 2.518939 8.812957 
2.523822 10.610568 2.485337 2.342580 2.487098 6.308587 2.507266 3.027301 2.482695 4.364333 
2.530753 3.091086 2.504595 11.263130 2.528137 9.997719 2.518412 10.850225 2.502918 8.072171 
2.451148 4.118242 2.499698 2.452431 2.494941 11.077318 2.525068 7.529900 2.530806 6.683857 
2.483916 10.967832 2.526374 10.897840 2.497914 3.397145 2.506999 11.025216 2.496060 2.638083 
2.514115 3.431461 2.467477 10.722352 2.490250 10.511932 2.510259 2.484284 2.490469 5.522846 
2.483494 4.255105 2.585050 10.755600 2.472789 10.955384 2.466043 9.170819 2.526671 11.883062 
2.503547 2.871333 2.496453 3.450527 2.520038 10.164142 2.431160 11.897507 2.504027 6.034228 
2.513555 10.525336 2.504307 11.150177 2.459970 10.226818 2.504180 3.057385 2.486002 10.671966 
2.479956 4.257190 2.528649 2.327887 2.460240 11.429521 2.464706 3.521351 2.473638 11.107298 
2.472941 7.275484 2.509563 3.519126 2.489241 11.508368 2.486633 11.319387 2.495001 10.569767 
2.547195 3.494586 2.501586 3.776222 2.513070 10.852784 2.488024 10.585038 2.499070 1.873783 
2.500650 11.245191 2.456910 10.815593 2.484701 10.947567 2.520433 9.789719 2.534465 3.518516 
2.505715 8.769616 2.507513 3.482728 2.453063 2.217285 2.513291 2.517786 2.496982 6.013869 
2.514902 2.829042 2.472670 11.550032 2.493088 11.449207 2.459480 3.820038 2.485986 10.248700 
2.430131 10.927377 2.493940 10.180607 2.514575 6.650907 2.507363 6.320345 2.479315 10.429430 
2.487006 11.919924 2.542315 2.725233 2.451577 4.725677 2.508219 10.834962 2.502110 5.158374 
2.492050 6.834982 2.442219 8.052335 2.498811 11.383123 2.536246 11.153750 2.531864 6.648178 
2.500170 11.463576 2.508236 6.276617 2.498217 4.342163 2.505858 2.776533 2.549244 11.060791 
2.565023 10.987364 2.541765 6.848597 2.511573 11.151962 2.508331 3.149950 2.451303 7.625182 
2.496293 2.963303 2.511122 3.084580 2.529848 2.447530 2.492271 3.342591 2.497675 8.542793 
2.455006 11.517398 2.453006 7.303293 2.499533 8.448474 2.491135 11.515265 2.476070 3.955873 
2.447351 6.378692 2.479030 11.175761 2.502931 2.605975 2.509470 10.568658 2.526156 6.661556 
2.525268 6.219076 2.520255 6.590164 2.473513 6.488823 2.493971 10.645306 2.480423 7.906381 
2.530450 2.924867 2.491173 8.390995 2.618448 3.012180 2.411523 11.958122 2.460928 3.889147 
2.478909 6.735053 2.500306 3.103069 2.519257 8.332437 2.415210 6.523903 2.507519 2.635408 
2.453840 7.355836 2.550873 9.512753 2.501248 4.947463 2.539784 2.228583 2.459800 10.692542 
2.563576 2.733223 2.478918 11.507947 2.534216 2.811038 2.546578 6.247351 2.556623 8.869536 
2.541860 3.110624 2.501189 7.351520 2.490302 7.314854 2.475160 3.221124 2.480666 3.123764 
2.469848 7.265153 2.463403 6.228479 2.443149 7.926346 2.517109 3.932177 2.556238 6.903790 
2.459007 9.019449 2.503591 2.277229 2.489976 11.524237 2.505386 2.781269 2.514811 5.632107 
2.475109 7.479170 2.540532 2.045571 2.555873 5.446533 2.460520 8.723267 2.479019 7.870056 
2.564932 5.686814 2.468567 2.930577 2.518460 7.339558 2.579758 10.509052 2.441768 11.799002 
2.475934 11.783285 2.484914 2.632902 2.462883 2.702706 2.505388 4.521312 2.494732 9.394157 
2.509061 8.408000 2.509551 6.498776 2.540245 11.805714 2.480816 9.334857 2.500408 2.342367 
2.513593 2.911095 2.483468 11.135807 2.474161 11.147930 2.487387 11.044453 2.475508 2.652829 
2.577361 11.242155 2.532709 6.522717 2.449961 6.918657 2.514598 7.379703 2.461983 2.699922 
2.467874 2.565197 2.502362 11.701260 2.457795 9.366299 2.485354 3.665354 2.504724 2.164409 
2.511224 7.579503 2.560128 11.402993 2.522582 10.811464 2.455639 6.558792 2.488108 7.555986 

Avg Classes:
2.501062 6.987991 2.500831 7.004122 2.500320 6.993248 2.501601 6.996249 2.500578 6.990609 
2.499498 7.005723 2.498374 7.006795 2.501292 7.002107 2.499690 7.004367 2.498954 6.983451 
2.499895 6.977804 2.500798 6.985700 2.497879 6.992608 2.496556 7.012830 2.497165 6.990719 
2.505279 7.053359 2.508546 7.025330 2.503622 7.027224 2.496757 7.017660 2.492969 7.021495 
2.515058 7.299356 2.473616 7.259717 2.514286 7.283912 2.472844 7.284170 2.470785 7.327413 
2.523547 7.069138 2.523547 7.098196 2.523547 7.013026 2.523547 6.972445 2.523547 6.891283 
2.484551 7.143258 2.502809 7.093399 2.549157 7.078652 2.497893 7.214185 2.465590 7.115169 
2.417391 6.704348 2.482609 6.821739 2.565217 6.452174 2.560870 6.960870 2.504348 6.700000 
2.416667 8.583333 2.416667 7.583333 2.416667 8.166667 2.416667 7.083333 2.416667 7.333333 
3.333333 7.666667 3.333333 7.666667 3.333333 12.000000 3.333333 8.000000 3.333333 11.666667 

Cluster 0 is class 0
Cluster 1 is class 9
Cluster 2 is class 5
Cluster 3 is class 8
Cluster 4 is class 7
Cluster 5 is class 0
Cluster 6 is class 7
Cluster 7 is class 7
Cluster 8 is class 0
Cluster 9 is class 0
Cluster 10 is class 8
Cluster 11 is class 0
Cluster 12 is class 8
Cluster 13 is class 0
Cluster 14 is class 0
Cluster 15 is class 0
Cluster 16 is class 9
Cluster 17 is class 7
Cluster 18 is class 0
Cluster 19 is class 9
Cluster 20 is class 0
Cluster 21 is class 0
Cluster 22 is class 4
Cluster 23 is class 7
Cluster 24 is class 0
Cluster 25 is class 8
Cluster 26 is class 4
Cluster 27 is class 0
Cluster 28 is class 0
Cluster 29 is class 0
Cluster 30 is class 4
Cluster 31 is class 7
Cluster 32 is class 8
Cluster 33 is class 0
Cluster 34 is class 0
Cluster 35 is class 0
Cluster 36 is class 0
Cluster 37 is class 0
Cluster 38 is class 0
Cluster 39 is class 9
Cluster 40 is class 0
Cluster 41 is class 8
Cluster 42 is class 0
Cluster 43 is class 9
Cluster 44 is class 0
Cluster 45 is class 8
Cluster 46 is class 0
Cluster 47 is class 9
Cluster 48 is class 8
Cluster 49 is class 0
Cluster 50 is class 4
Cluster 51 is class 0
Cluster 52 is class 8
Cluster 53 is class 7
Cluster 54 is class 4
Cluster 55 is class 6
Cluster 56 is class 0
Cluster 57 is class 7
Cluster 58 is class 7
Cluster 59 is class 0
Cluster 60 is class 0
Cluster 61 is class 0
Cluster 62 is class 0
Cluster 63 is class 8
Cluster 64 is class 0
Cluster 65 is class 0
Cluster 66 is class 0
Cluster 67 is class 8
Cluster 68 is class 0
Cluster 69 is class 5
Cluster 70 is class 5
Cluster 71 is class 8

Overall Accuracy is 0.253128

