----------------------------For Number of clusters 56----------------------------
Avg Clusters:
2.498483 6.044267 2.518785 10.072801 2.506959 6.013953 2.550912 2.846792 2.500610 5.358182 
2.481790 10.141914 2.483672 3.268774 2.508627 10.552979 2.510712 4.393231 2.487986 3.839963 
2.504613 10.413077 2.456602 9.725708 2.503277 9.854820 2.517436 10.638148 2.494178 3.572256 
2.503716 8.605174 2.523189 10.304135 2.460882 10.209902 2.527283 3.676495 2.494805 11.139407 
2.510826 10.453909 2.474100 9.255413 2.505570 3.499513 2.488443 10.682970 2.509330 10.715693 
2.504785 10.187849 2.479036 3.191979 2.526368 10.606299 2.515972 8.578072 2.512840 10.325783 
2.497609 3.830615 2.528832 9.917635 2.498084 10.143418 2.487729 10.451756 2.518477 10.317774 
2.504131 9.754111 2.488598 10.269685 2.505371 3.163059 2.474139 3.139098 2.499380 10.898000 
2.499126 10.229528 2.495155 9.911300 2.485611 3.285444 2.495519 10.518068 2.498652 3.163740 
2.527033 3.182551 2.477961 5.480042 2.487004 10.335818 2.489312 3.459347 2.488669 3.379554 
2.503836 2.631872 2.509909 9.656166 2.516480 9.828136 2.476950 3.471764 2.489310 10.275643 
2.485692 2.812488 2.512124 9.734036 2.521318 2.959510 2.526336 4.459644 2.502318 10.070906 
2.520065 10.433776 2.541143 8.731455 2.524321 10.565616 2.504560 3.263022 2.519305 3.093180 
2.506736 3.266291 2.474608 2.831113 2.525959 4.843828 2.508287 4.564595 2.539166 10.101188 
2.462096 10.446379 2.480894 12.205393 2.487365 9.400539 2.480817 3.805624 2.476348 4.037442 
2.524735 4.567727 2.526985 3.401316 2.527906 9.975725 2.466333 10.977635 2.492823 3.719034 
2.509287 9.362999 2.525234 3.125778 2.489146 6.090151 2.488362 11.412499 2.490390 9.803982 
2.523371 3.166101 2.470807 10.062793 2.552604 6.283560 2.506712 10.664038 2.480471 3.651140 
2.481490 3.099962 2.511073 11.244545 2.472139 10.548586 2.514956 3.902937 2.507847 3.533822 
2.458897 3.378422 2.497493 5.291025 2.479704 2.791757 2.510359 9.891176 2.486713 3.824320 
2.495414 10.617030 2.484852 3.269005 2.491981 3.000522 2.501804 10.323641 2.507063 4.993133 
2.474010 3.854752 2.524828 2.356805 2.475715 3.639941 2.505771 11.095282 2.543884 6.178480 
2.497231 3.567810 2.513440 11.449075 2.459881 2.315885 2.508983 9.413684 2.562677 4.781372 
2.496980 3.219591 2.507470 9.121636 2.481723 3.245020 2.502119 11.024952 2.494596 10.846631 
2.497945 7.422062 2.533573 11.236468 2.515930 3.812693 2.459318 10.403991 2.477646 7.763018 
2.483034 11.101471 2.527274 3.482014 2.482551 10.308869 2.499570 10.895737 2.495705 3.702727 
2.485978 5.324444 2.480428 3.564216 2.495211 10.488237 2.496341 2.584009 2.484063 10.480330 
2.498893 9.675522 2.514667 3.339491 2.497924 4.668535 2.535561 8.105438 2.474609 2.099696 
2.503660 10.754196 2.498133 4.293561 2.522484 3.285544 2.487028 2.896071 2.470295 3.734077 
2.486673 3.066525 2.487995 2.874293 2.483589 11.083780 2.496953 5.664880 2.507379 7.093913 
2.537324 10.687929 2.498855 8.328623 2.465358 10.804122 2.511809 10.799149 2.517370 10.579850 
2.525295 2.991237 2.487508 3.535985 2.499068 7.242387 2.517589 10.725917 2.503045 10.726973 
2.484428 11.262003 2.499670 3.943911 2.502972 9.252096 2.491084 2.874409 2.495555 10.346492 
2.483439 10.805101 2.469505 10.850623 2.496015 3.095294 2.492767 3.702250 2.497255 3.372970 
2.474336 3.402332 2.478589 8.498387 2.465464 11.510485 2.481009 10.363323 2.538495 2.952266 
2.516099 3.436872 2.522908 3.763358 2.507271 3.075476 2.488402 3.334564 2.481420 3.770744 
2.501083 10.672873 2.481234 3.273494 2.497336 3.045143 2.512969 7.204169 2.513145 10.967328 
2.488741 10.501146 2.520977 3.104843 2.482184 3.405072 2.507624 2.406336 2.509599 10.024492 
2.512479 4.833961 2.510202 3.380419 2.477537 2.163587 2.444522 10.287766 2.471582 11.157982 
2.504721 5.958417 2.517251 5.045760 2.507173 2.793082 2.526784 2.804340 2.462048 10.519248 
2.523654 3.994626 2.510412 11.963919 2.529700 11.145092 2.502543 10.129546 2.480760 5.271375 
2.466134 10.577718 2.498176 12.134161 2.560177 9.794634 2.524140 9.548889 2.462834 9.631382 
2.513334 10.925128 2.571400 7.232364 2.518366 6.786253 2.515950 7.712489 2.441683 6.736339 
2.465357 3.839038 2.526659 3.439754 2.511792 11.157933 2.477471 7.707259 2.488208 11.711113 
2.513347 3.013065 2.470692 10.563277 2.496186 3.083616 2.507698 3.445763 2.456568 3.245339 
2.542984 4.556775 2.464264 11.667506 2.440105 6.226193 2.530199 7.740588 2.518623 11.054157 
2.498782 3.581522 2.465647 4.048631 2.538544 11.671085 2.527044 11.646331 2.478998 9.195010 
2.491255 10.559560 2.560978 7.206807 2.495982 2.752659 2.446939 4.887970 2.538171 7.222997 
2.488779 3.566470 2.478224 2.804964 2.491347 7.337486 2.510365 7.170597 2.499144 2.876854 
2.473703 6.928066 2.486085 7.614858 2.512264 3.481250 2.459788 6.520165 2.511557 2.694811 
2.527892 11.640022 2.510951 9.602677 2.517035 10.514227 2.474541 3.431674 2.525084 8.235305 
2.509122 6.782775 2.542745 7.284578 2.511137 11.070429 2.508061 7.342066 2.502652 6.226771 
2.521724 11.127968 2.442901 11.784900 2.467118 4.353632 2.516975 6.112298 2.505223 8.386159 
2.488805 7.163832 2.553652 11.425915 2.510584 9.236510 2.489783 7.503242 2.601126 2.462743 
2.508946 7.228095 2.493201 2.762192 2.466926 6.676311 2.467539 2.629792 2.512218 4.290461 
2.527491 6.604806 2.476636 6.865275 2.526884 5.773273 2.449084 6.761622 2.472387 10.998786 

Avg Classes:
2.501062 6.987991 2.500831 7.004122 2.500320 6.993248 2.501601 6.996249 2.500578 6.990609 
2.499498 7.005723 2.498374 7.006795 2.501292 7.002107 2.499690 7.004367 2.498954 6.983451 
2.499895 6.977804 2.500798 6.985700 2.497879 6.992608 2.496556 7.012830 2.497165 6.990719 
2.505279 7.053359 2.508546 7.025330 2.503622 7.027224 2.496757 7.017660 2.492969 7.021495 
2.515058 7.299356 2.473616 7.259717 2.514286 7.283912 2.472844 7.284170 2.470785 7.327413 
2.523547 7.069138 2.523547 7.098196 2.523547 7.013026 2.523547 6.972445 2.523547 6.891283 
2.484551 7.143258 2.502809 7.093399 2.549157 7.078652 2.497893 7.214185 2.465590 7.115169 
2.417391 6.704348 2.482609 6.821739 2.565217 6.452174 2.560870 6.960870 2.504348 6.700000 
2.416667 8.583333 2.416667 7.583333 2.416667 8.166667 2.416667 7.083333 2.416667 7.333333 
3.333333 7.666667 3.333333 7.666667 3.333333 12.000000 3.333333 8.000000 3.333333 11.666667 

Cluster 0 is class 0
Cluster 1 is class 8
Cluster 2 is class 4
Cluster 3 is class 9
Cluster 4 is class 0
Cluster 5 is class 9
Cluster 6 is class 9
Cluster 7 is class 0
Cluster 8 is class 0
Cluster 9 is class 0
Cluster 10 is class 0
Cluster 11 is class 0
Cluster 12 is class 8
Cluster 13 is class 7
Cluster 14 is class 8
Cluster 15 is class 0
Cluster 16 is class 0
Cluster 17 is class 2
Cluster 18 is class 0
Cluster 19 is class 7
Cluster 20 is class 0
Cluster 21 is class 0
Cluster 22 is class 5
Cluster 23 is class 0
Cluster 24 is class 0
Cluster 25 is class 8
Cluster 26 is class 0
Cluster 27 is class 7
Cluster 28 is class 0
Cluster 29 is class 0
Cluster 30 is class 9
Cluster 31 is class 0
Cluster 32 is class 8
Cluster 33 is class 0
Cluster 34 is class 0
Cluster 35 is class 0
Cluster 36 is class 0
Cluster 37 is class 0
Cluster 38 is class 0
Cluster 39 is class 7
Cluster 40 is class 0
Cluster 41 is class 8
Cluster 42 is class 8
Cluster 43 is class 9
Cluster 44 is class 7
Cluster 45 is class 0
Cluster 46 is class 9
Cluster 47 is class 0
Cluster 48 is class 0
Cluster 49 is class 0
Cluster 50 is class 8
Cluster 51 is class 4
Cluster 52 is class 4
Cluster 53 is class 0
Cluster 54 is class 0
Cluster 55 is class 0

Overall Accuracy is 0.292086

