----------------------------For Number of clusters 69----------------------------
Avg Clusters:
2.502302 4.092104 2.522482 4.272593 2.505613 3.461815 2.472851 3.832062 2.488554 4.019897 
2.495000 9.832982 2.528079 11.350680 2.496626 10.199647 2.494377 4.168714 2.497042 9.678835 
2.496008 10.131520 2.528148 3.339845 2.498075 3.067807 2.459733 3.453411 2.478864 8.743404 
2.513311 10.975876 2.480587 10.744962 2.495822 4.743775 2.485215 10.444094 2.493570 10.101982 
2.476483 8.191488 2.501528 10.444395 2.502311 3.771914 2.532797 3.960644 2.469924 3.093396 
2.505220 3.815306 2.525463 4.071250 2.490295 7.297424 2.508395 10.911880 2.454849 4.350216 
2.516968 5.271295 2.527830 9.255858 2.497871 2.871693 2.474995 4.114024 2.510563 10.630515 
2.498860 3.400232 2.469913 3.153727 2.511678 3.944901 2.510560 3.856725 2.515592 10.765409 
2.491074 3.389355 2.487586 9.407830 2.513867 2.766794 2.519596 10.228016 2.505024 3.914847 
2.502231 10.513450 2.488584 3.323908 2.510957 6.870621 2.527752 4.270765 2.521848 11.156082 
2.499833 2.901197 2.450670 2.989128 2.512899 10.775213 2.503839 10.025893 2.492108 9.598541 
2.523844 3.216431 2.501185 10.745739 2.496714 9.948643 2.507107 3.294192 2.469851 6.015858 
2.498694 8.995361 2.530087 10.254842 2.513557 10.932393 2.522070 3.720611 2.518332 2.835600 
2.490052 3.618519 2.504974 9.696862 2.494739 9.969581 2.501100 3.262722 2.502965 11.484551 
2.520532 11.259445 2.456387 4.274355 2.515773 10.828750 2.508529 9.775049 2.487007 9.082129 
2.497116 4.067021 2.497780 3.809063 2.500768 3.166286 2.499357 10.871146 2.505789 10.479064 
2.475358 10.475205 2.524897 3.167728 2.501605 10.739463 2.479945 8.948168 2.505581 3.294226 
2.528693 7.943620 2.479234 10.812549 2.515239 6.467400 2.483923 10.646478 2.514793 3.207938 
2.526129 11.862203 2.475474 8.081395 2.506081 9.521051 2.523323 3.710906 2.488706 4.499532 
2.493490 11.173255 2.505331 9.471870 2.502563 2.473343 2.481944 10.072990 2.480707 3.565950 
2.511088 10.296217 2.499765 3.212105 2.470702 4.191965 2.517297 6.479050 2.512392 3.176415 
2.498853 5.865122 2.482056 3.021707 2.505737 10.586508 2.519183 3.361909 2.477145 4.050574 
2.515094 9.289207 2.468180 7.318041 2.522182 11.152847 2.510076 11.064914 2.518359 3.224293 
2.491025 3.076376 2.513500 10.900651 2.509124 3.756849 2.474765 10.435185 2.502959 10.524191 
2.546920 5.249427 2.500931 11.305946 2.519986 7.844484 2.535244 9.085817 2.493123 10.401003 
2.495755 2.623840 2.524189 6.702758 2.520766 11.147305 2.468505 8.911472 2.545054 3.215626 
2.476205 11.067565 2.488159 3.036014 2.522736 10.306651 2.507604 3.096164 2.485284 6.761217 
2.508646 2.820286 2.485830 10.711563 2.483233 3.703221 2.522126 3.691840 2.469864 3.769571 
2.506685 3.217493 2.506741 3.252869 2.486964 10.400613 2.482284 2.954652 2.469136 10.006184 
2.488227 10.064736 2.510656 3.824236 2.497794 3.574010 2.482594 11.058677 2.472602 7.790221 
2.503797 2.343302 2.486454 2.610762 2.486922 8.402925 2.489078 5.630355 2.535765 3.381644 
2.468371 2.104815 2.514584 10.916974 2.527236 4.084168 2.584607 3.310402 2.479266 10.085662 
2.475619 7.454830 2.505451 4.018761 2.465309 11.187357 2.491000 4.533592 2.532240 10.905434 
2.533762 10.977186 2.504900 8.358597 2.489129 2.994794 2.533379 6.142857 2.551524 8.958659 
2.472955 10.191403 2.518612 11.042435 2.531226 11.075135 2.513128 10.707136 2.494824 8.140879 
2.486886 10.076429 2.470558 11.845927 2.524145 3.391437 2.496613 3.675699 2.463523 11.092757 
2.491386 10.520263 2.485234 3.485562 2.477358 6.308450 2.470796 10.789418 2.524610 11.696226 
2.511628 7.951135 2.515206 8.917239 2.462480 11.013841 2.482817 10.640429 2.522738 11.872423 
2.518418 10.454124 2.526153 2.906797 2.473460 6.840085 2.546843 11.414483 2.495504 3.295272 
2.526176 11.142841 2.475904 7.943488 2.484225 4.608922 2.505721 2.047151 2.496360 10.881775 
2.483389 11.289969 2.484034 11.508547 2.495001 10.531233 2.531126 9.716590 2.543812 2.789270 
2.538132 2.434619 2.501200 11.222536 2.480891 6.988689 2.532562 10.528535 2.506512 3.962382 
2.499757 2.539838 2.537004 10.575628 2.494170 11.516842 2.513603 9.969960 2.489150 10.064858 
2.496218 3.811904 2.488655 10.430341 2.463554 10.646607 2.461471 11.211772 2.527239 6.059630 
2.501367 11.325861 2.478814 3.735511 2.527337 2.357572 2.522417 11.027747 2.499590 3.030891 
2.433236 3.657115 2.509357 11.218908 2.462086 10.792982 2.502632 6.402827 2.543470 2.506140 
2.491938 7.027076 2.485346 7.303620 2.444884 7.129500 2.505730 2.912686 2.544265 6.782578 
2.552930 3.641260 2.496209 6.558444 2.446578 8.018907 2.496603 11.195273 2.494535 10.895421 
2.456754 11.120181 2.510852 3.342512 2.494223 10.123205 2.481266 3.370694 2.511068 2.089623 
2.446754 2.714956 2.451125 6.502825 2.501119 5.407632 2.501332 7.153822 2.538322 9.188466 
2.474573 6.137736 2.535669 3.583827 2.465139 2.892722 2.513657 10.608715 2.515184 2.765948 
2.515506 11.706213 2.518044 10.976824 2.535592 5.750910 2.450392 5.981128 2.501711 3.210794 
2.520044 8.038111 2.460846 8.363756 2.525096 2.483910 2.481384 10.942998 2.468863 11.397144 
2.506231 11.224655 2.440552 11.127428 2.480633 3.491411 2.466936 2.495341 2.534074 6.179746 
2.529312 2.908937 2.433054 6.736033 2.497297 10.547016 2.467826 2.498675 2.528464 2.896851 
2.450486 3.350711 2.574707 6.310676 2.589174 11.506236 2.531928 6.784984 2.503991 10.473684 
2.510642 5.005775 2.466590 10.783039 2.566078 11.290546 2.461970 11.511797 2.449926 2.239894 
2.510613 7.383807 2.533151 2.827243 2.525274 10.821116 2.512473 11.421116 2.519365 10.508643 
2.480273 2.216670 2.471168 3.178409 2.502493 2.583568 2.470952 10.018643 2.547800 4.661825 
2.527781 11.389732 2.521962 7.141358 2.470622 11.244837 2.474044 3.178095 2.476554 10.756874 
2.509738 7.117415 2.587355 6.414338 2.495202 10.913491 2.484335 7.411233 2.526249 5.734829 
2.458620 11.426022 2.464381 7.667276 2.491078 6.948293 2.518055 11.288745 2.459323 4.380778 
2.509484 10.734079 2.473839 4.642445 2.519381 3.513791 2.485384 2.156877 2.456520 2.985705 
2.499812 10.728001 2.482538 3.051070 2.486294 2.173489 2.524721 8.236200 2.526224 11.469896 
2.591497 5.857741 2.517132 2.338452 2.537817 6.819924 2.504822 7.271954 2.483376 10.295178 
2.489938 9.171756 2.497571 7.791985 2.510236 7.618147 2.516655 5.905795 2.503990 11.621443 
2.517627 4.857206 2.522173 2.375499 2.530820 11.486253 2.498780 11.031264 2.469734 3.112749 
2.438992 7.134342 2.512717 11.443922 2.475966 2.515182 2.477311 10.139496 2.566050 6.248179 
2.454115 11.150582 2.473456 2.199329 2.515492 11.130255 2.536609 3.286955 2.480758 11.546477 

Avg Classes:
2.501062 6.987991 2.500831 7.004122 2.500320 6.993248 2.501601 6.996249 2.500578 6.990609 
2.499498 7.005723 2.498374 7.006795 2.501292 7.002107 2.499690 7.004367 2.498954 6.983451 
2.499895 6.977804 2.500798 6.985700 2.497879 6.992608 2.496556 7.012830 2.497165 6.990719 
2.505279 7.053359 2.508546 7.025330 2.503622 7.027224 2.496757 7.017660 2.492969 7.021495 
2.515058 7.299356 2.473616 7.259717 2.514286 7.283912 2.472844 7.284170 2.470785 7.327413 
2.523547 7.069138 2.523547 7.098196 2.523547 7.013026 2.523547 6.972445 2.523547 6.891283 
2.484551 7.143258 2.502809 7.093399 2.549157 7.078652 2.497893 7.214185 2.465590 7.115169 
2.417391 6.704348 2.482609 6.821739 2.565217 6.452174 2.560870 6.960870 2.504348 6.700000 
2.416667 8.583333 2.416667 7.583333 2.416667 8.166667 2.416667 7.083333 2.416667 7.333333 
3.333333 7.666667 3.333333 7.666667 3.333333 12.000000 3.333333 8.000000 3.333333 11.666667 

Cluster 0 is class 0
Cluster 1 is class 8
Cluster 2 is class 0
Cluster 3 is class 8
Cluster 4 is class 0
Cluster 5 is class 0
Cluster 6 is class 0
Cluster 7 is class 0
Cluster 8 is class 0
Cluster 9 is class 8
Cluster 10 is class 0
Cluster 11 is class 0
Cluster 12 is class 8
Cluster 13 is class 0
Cluster 14 is class 8
Cluster 15 is class 0
Cluster 16 is class 0
Cluster 17 is class 0
Cluster 18 is class 8
Cluster 19 is class 5
Cluster 20 is class 0
Cluster 21 is class 0
Cluster 22 is class 8
Cluster 23 is class 4
Cluster 24 is class 4
Cluster 25 is class 0
Cluster 26 is class 8
Cluster 27 is class 0
Cluster 28 is class 0
Cluster 29 is class 0
Cluster 30 is class 0
Cluster 31 is class 0
Cluster 32 is class 9
Cluster 33 is class 0
Cluster 34 is class 8
Cluster 35 is class 0
Cluster 36 is class 0
Cluster 37 is class 9
Cluster 38 is class 0
Cluster 39 is class 0
Cluster 40 is class 8
Cluster 41 is class 0
Cluster 42 is class 9
Cluster 43 is class 0
Cluster 44 is class 7
Cluster 45 is class 0
Cluster 46 is class 0
Cluster 47 is class 0
Cluster 48 is class 0
Cluster 49 is class 7
Cluster 50 is class 0
Cluster 51 is class 8
Cluster 52 is class 0
Cluster 53 is class 8
Cluster 54 is class 0
Cluster 55 is class 9
Cluster 56 is class 0
Cluster 57 is class 9
Cluster 58 is class 7
Cluster 59 is class 8
Cluster 60 is class 8
Cluster 61 is class 8
Cluster 62 is class 0
Cluster 63 is class 0
Cluster 64 is class 0
Cluster 65 is class 4
Cluster 66 is class 0
Cluster 67 is class 7
Cluster 68 is class 8

Overall Accuracy is 0.326130

