----------------------------For Number of clusters 98----------------------------
Avg Clusters:
2.494786 7.314277 2.531893 11.374623 2.478058 10.339633 2.497591 6.823090 2.517654 8.992113 
2.491635 9.607273 2.474510 2.673753 2.462405 3.111898 2.458075 10.177984 2.537742 10.392826 
2.504404 3.310803 2.481057 3.730314 2.496013 10.921622 2.485591 2.854135 2.479754 9.316275 
2.463591 11.005262 2.474866 5.411115 2.521704 10.720474 2.510101 2.992295 2.518557 3.424927 
2.461714 3.889035 2.505917 10.803409 2.502782 3.696490 2.532167 2.681115 2.456706 9.986901 
2.493817 10.949092 2.500573 3.287171 2.492852 3.334640 2.517643 3.354424 2.507208 10.674830 
2.494601 10.079062 2.529540 2.644533 2.504282 11.295768 2.482748 9.523830 2.486409 3.771379 
2.501100 9.763924 2.504400 11.068243 2.488001 3.226127 2.512049 7.369913 2.473003 3.858864 
2.492703 4.777760 2.506187 3.228162 2.466423 6.465313 2.529928 10.143771 2.473456 2.777813 
2.524368 9.331098 2.483042 6.837345 2.455455 10.626494 2.513604 11.160167 2.509980 10.775572 
2.518168 2.944508 2.490153 6.974798 2.463753 10.115355 2.466148 11.153307 2.510087 9.896019 
2.476930 3.442165 2.516503 8.252917 2.480507 3.099959 2.516621 11.360321 2.515214 10.575482 
2.449221 3.156732 2.473936 3.121495 2.506819 2.735272 2.496296 8.242506 2.508550 6.652544 
2.483193 11.121225 2.471348 10.692562 2.490609 4.465959 2.513339 7.389393 2.487248 10.729911 
2.510254 10.544187 2.527515 11.508705 2.561965 9.839923 2.510770 11.044703 2.459206 9.605415 
2.535319 11.121268 2.479192 10.698140 2.485840 7.076712 2.463146 2.745637 2.497603 7.168766 
2.491867 10.006059 2.547514 11.069476 2.505828 11.503062 2.528745 4.227066 2.491077 3.333750 
2.518922 2.508328 2.479548 10.584250 2.518098 10.128656 2.492319 3.574127 2.470543 7.121711 
2.454129 6.148261 2.526607 7.375421 2.526925 3.616187 2.511794 2.921991 2.471549 3.198042 
2.524465 9.259596 2.493701 2.377967 2.482786 7.150381 2.497656 4.124231 2.493554 2.854380 
2.524910 6.770505 2.475732 10.583538 2.542527 9.742212 2.491833 10.852759 2.495625 2.885194 
2.478406 4.623837 2.458423 10.633620 2.502446 3.396504 2.472918 11.157421 2.510260 3.146147 
2.495666 10.690710 2.472686 2.253517 2.549804 10.461400 2.488387 9.777069 2.513167 11.109012 
2.511638 3.594096 2.439606 5.607387 2.467435 10.352302 2.492694 2.630076 2.505764 2.944196 
2.549363 2.737178 2.475615 10.710125 2.482360 2.989327 2.520605 6.109991 2.524755 4.115772 
2.483358 11.251380 2.476417 10.171015 2.508363 3.375481 2.480181 2.764342 2.544155 2.995819 
2.516689 2.549618 2.533423 2.795142 2.501754 4.872515 2.466487 3.243185 2.470805 3.851012 
2.503313 3.121212 2.499837 10.957206 2.510264 5.370913 2.491148 2.301618 2.467145 3.064082 
2.465291 6.355767 2.513439 5.238307 2.513757 11.163598 2.479577 6.405503 2.536614 2.794921 
2.462806 3.011692 2.492727 10.643988 2.482600 11.389063 2.482232 10.906555 2.490241 5.826920 
2.517332 9.745094 2.462140 10.828784 2.484322 3.023836 2.488232 11.678773 2.499511 9.162794 
2.482932 2.916085 2.570487 11.444761 2.515888 10.388588 2.503591 9.492081 2.479488 11.568224 
2.560139 2.158637 2.486193 9.655575 2.502369 9.367533 2.520162 10.762218 2.536106 2.392259 
2.494018 10.617773 2.538314 7.144488 2.518769 2.838707 2.451548 3.427162 2.501233 7.732761 
2.533316 3.330169 2.480485 2.796150 2.516174 3.377022 2.480222 10.597046 2.479782 11.218618 
2.476698 9.075236 2.532760 2.644626 2.512640 11.158469 2.530353 3.032588 2.506277 7.571969 
2.482679 2.662933 2.544573 11.376674 2.512933 3.508545 2.555312 10.480254 2.481524 7.227598 
2.537052 6.889867 2.536438 7.404811 2.478506 4.644319 2.423951 9.296827 2.439918 7.118526 
2.509327 9.796146 2.476657 11.542616 2.503968 2.876121 2.485108 2.972895 2.492734 11.109451 
2.520620 6.126818 2.480930 2.716567 2.463647 2.222169 2.496782 3.341955 2.508462 5.337306 
2.500128 2.520931 2.476170 3.101458 2.482650 11.077671 2.482309 9.372666 2.496632 5.906130 
2.426733 4.009888 2.527996 10.992852 2.448177 7.968072 2.517274 6.469740 2.548130 3.149392 
2.493002 11.089950 2.505521 3.134749 2.499543 3.057810 2.561643 10.242281 2.500387 3.284900 
2.528793 3.331458 2.540044 10.338564 2.482309 12.074759 2.478016 6.137528 2.485566 2.896521 
2.490077 9.185866 2.500484 5.360358 2.469143 3.112294 2.417957 7.070789 2.528921 2.472894 
2.533692 6.390488 2.513023 3.019719 2.547928 7.056733 2.504587 6.926816 2.470210 8.745123 
2.549665 3.684550 2.553840 3.685816 2.535366 11.335569 2.493357 11.227762 2.474883 2.210173 
2.553782 4.823199 2.505676 2.767000 2.518377 7.920535 2.542992 11.558840 2.439474 11.029336 
2.449805 6.194277 2.531631 3.187892 2.562256 2.602932 2.484096 11.795317 2.556935 4.292302 
2.491339 11.151975 2.483563 4.446917 2.522288 10.385634 2.503965 2.945184 2.484949 11.407653 
2.511618 11.083868 2.521133 6.699934 2.548794 3.682231 2.505643 11.252932 2.496570 11.130228 
2.503288 7.522502 2.508059 10.779239 2.537718 8.099936 2.534494 2.713475 2.492714 3.152289 
2.486558 11.138199 2.513748 8.228458 2.456915 11.243484 2.483492 5.843300 2.566391 10.144843 
2.487229 3.806889 2.468460 11.098878 2.447949 11.486649 2.499420 2.032701 2.567918 2.832237 
2.587724 2.757735 2.483641 6.501631 2.456657 3.940299 2.490165 3.536028 2.544134 8.623307 
2.531935 5.879962 2.507525 10.844531 2.482522 5.927835 2.436071 9.881977 2.494845 11.654343 
2.518058 11.616016 2.473729 10.740548 2.503563 8.244112 2.512743 7.041430 2.536297 2.932117 
2.492425 2.997452 2.493841 1.958233 2.514937 10.645335 2.512105 4.638822 2.534051 3.268724 
2.483185 3.250026 2.525299 7.876316 2.553818 7.970152 2.492487 3.344066 2.526423 11.820505 
2.445948 11.206346 2.494801 7.521603 2.464772 7.303066 2.529043 11.461187 2.473378 4.123073 
2.519118 5.225875 2.508497 11.077584 2.454987 10.928485 2.519624 2.574651 2.471879 11.441635 
2.465231 7.234302 2.447327 2.937857 2.453166 6.861053 2.456279 3.055397 2.521277 11.696419 
2.420384 6.305038 2.482460 2.671575 2.554208 11.132525 2.503681 11.577451 2.561426 7.470911 
2.474462 2.161654 2.456702 6.150246 2.507000 3.114338 2.442053 10.949961 2.537594 3.165414 
2.505563 11.448745 2.422822 10.718868 2.520005 11.473603 2.513849 10.640507 2.552083 4.133286 
2.541471 11.244786 2.515441 6.020857 2.500566 8.375909 2.495715 7.435247 2.490865 3.050445 
2.473910 4.311949 2.533544 3.064491 2.520895 2.372600 2.517280 3.325051 2.487350 11.320985 
2.503479 7.716597 2.524182 3.759743 2.460334 6.407968 2.506611 2.163361 2.479123 6.892832 
2.480692 11.065113 2.529427 11.567643 2.498802 4.199867 2.478029 11.507190 2.497204 3.042743 
2.550859 10.643984 2.521696 2.479572 2.505776 7.621020 2.499014 11.491124 2.509580 3.339110 
2.521100 9.500892 2.515453 7.793314 2.485587 4.595840 2.553195 2.625557 2.535513 11.899703 
2.454338 6.479758 2.527640 3.407532 2.494418 11.308137 2.505851 6.296570 2.527909 11.380498 
2.541894 7.169499 2.529925 6.522979 2.497562 2.408009 2.459435 6.878380 2.505542 11.259347 
2.532924 2.213930 2.500732 11.273924 2.513023 5.393766 2.565116 6.637401 2.496342 10.844893 
2.462241 2.876210 2.558645 7.075380 2.589212 11.578008 2.565837 6.489212 2.483126 10.797649 
2.532336 2.865421 2.502804 5.805047 2.492897 2.796449 2.547103 6.033645 2.432710 2.361869 
2.526625 2.228692 2.496002 3.004827 2.506260 7.136672 2.543219 6.848846 2.545784 11.014180 
2.491459 11.553416 2.514621 3.067313 2.496381 6.875796 2.515634 10.923567 2.431239 7.988564 
2.449265 9.805704 2.501296 6.389801 2.528781 11.690925 2.514952 11.461711 2.492308 2.798271 
2.500000 2.698572 2.464685 2.432844 2.484369 11.760517 2.510035 9.059051 2.476071 11.355847 
2.478846 11.700962 2.499679 6.271314 2.515385 2.527244 2.508013 8.795353 2.482692 6.712660 
2.421187 2.468917 2.479627 2.381607 2.505239 6.335274 2.546915 2.482189 2.507567 10.832130 
2.518303 6.964466 2.550008 11.612192 2.499311 2.741155 2.543575 3.503599 2.451677 5.896156 
2.553191 11.304807 2.484634 2.179039 2.512214 2.589598 2.509377 4.152876 2.520095 5.160126 
2.536949 7.660526 2.550404 7.983233 2.459739 8.539433 2.478369 3.267025 2.517698 10.296626 
2.540458 4.692557 2.471076 11.606776 2.573437 1.862678 2.499009 7.785547 2.537034 10.731483 
2.492475 2.206761 2.471174 6.884696 2.564483 2.545034 2.470711 6.118777 2.531605 11.618199 
2.556397 11.555245 2.517701 3.461222 2.509139 11.243702 2.466820 7.119875 2.452330 7.274823 
2.506311 6.875233 2.537968 6.894269 2.564246 10.771157 2.529692 9.017381 2.523898 6.208566 
2.495565 11.466692 2.498773 4.427250 2.489715 3.511606 2.539158 2.356671 2.416305 2.330628 
2.495453 2.346184 2.572558 6.421510 2.582048 8.207592 2.459075 7.225781 2.439897 3.546066 
2.513045 10.831617 2.551150 4.986268 2.525403 6.835221 2.549777 7.654652 2.488500 11.417267 
2.457969 11.832460 2.455446 2.923122 2.478160 6.907979 2.463988 4.726267 2.483207 7.343428 
2.521144 2.437094 2.523776 4.332514 2.470433 6.582909 2.549921 11.630461 2.523074 6.816985 
2.537662 10.175881 2.455659 7.842301 2.512616 2.371058 2.493878 11.517625 2.532282 2.709462 
2.590826 7.042410 2.465235 7.808336 2.508191 11.625592 2.464507 2.630506 2.476338 7.313615 
2.512680 3.491151 2.465061 11.461595 2.487137 7.488597 2.492063 11.376574 2.566138 7.667396 
2.508361 11.200521 2.501919 11.461486 2.500685 10.758498 2.511787 2.808251 2.489995 10.954633 

Avg Classes:
2.501062 6.987991 2.500831 7.004122 2.500320 6.993248 2.501601 6.996249 2.500578 6.990609 
2.499498 7.005723 2.498374 7.006795 2.501292 7.002107 2.499690 7.004367 2.498954 6.983451 
2.499895 6.977804 2.500798 6.985700 2.497879 6.992608 2.496556 7.012830 2.497165 6.990719 
2.505279 7.053359 2.508546 7.025330 2.503622 7.027224 2.496757 7.017660 2.492969 7.021495 
2.515058 7.299356 2.473616 7.259717 2.514286 7.283912 2.472844 7.284170 2.470785 7.327413 
2.523547 7.069138 2.523547 7.098196 2.523547 7.013026 2.523547 6.972445 2.523547 6.891283 
2.484551 7.143258 2.502809 7.093399 2.549157 7.078652 2.497893 7.214185 2.465590 7.115169 
2.417391 6.704348 2.482609 6.821739 2.565217 6.452174 2.560870 6.960870 2.504348 6.700000 
2.416667 8.583333 2.416667 7.583333 2.416667 8.166667 2.416667 7.083333 2.416667 7.333333 
3.333333 7.666667 3.333333 7.666667 3.333333 12.000000 3.333333 8.000000 3.333333 11.666667 

Cluster 0 is class 8
Cluster 1 is class 0
Cluster 2 is class 0
Cluster 3 is class 0
Cluster 4 is class 0
Cluster 5 is class 0
Cluster 6 is class 0
Cluster 7 is class 0
Cluster 8 is class 0
Cluster 9 is class 9
Cluster 10 is class 4
Cluster 11 is class 0
Cluster 12 is class 7
Cluster 13 is class 4
Cluster 14 is class 8
Cluster 15 is class 0
Cluster 16 is class 8
Cluster 17 is class 0
Cluster 18 is class 0
Cluster 19 is class 0
Cluster 20 is class 8
Cluster 21 is class 0
Cluster 22 is class 9
Cluster 23 is class 0
Cluster 24 is class 0
Cluster 25 is class 0
Cluster 26 is class 7
Cluster 27 is class 0
Cluster 28 is class 0
Cluster 29 is class 4
Cluster 30 is class 4
Cluster 31 is class 9
Cluster 32 is class 0
Cluster 33 is class 0
Cluster 34 is class 0
Cluster 35 is class 0
Cluster 36 is class 0
Cluster 37 is class 0
Cluster 38 is class 0
Cluster 39 is class 0
Cluster 40 is class 0
Cluster 41 is class 0
Cluster 42 is class 0
Cluster 43 is class 0
Cluster 44 is class 0
Cluster 45 is class 0
Cluster 46 is class 0
Cluster 47 is class 0
Cluster 48 is class 7
Cluster 49 is class 8
Cluster 50 is class 0
Cluster 51 is class 0
Cluster 52 is class 9
Cluster 53 is class 0
Cluster 54 is class 0
Cluster 55 is class 0
Cluster 56 is class 8
Cluster 57 is class 0
Cluster 58 is class 0
Cluster 59 is class 0
Cluster 60 is class 9
Cluster 61 is class 0
Cluster 62 is class 0
Cluster 63 is class 7
Cluster 64 is class 8
Cluster 65 is class 5
Cluster 66 is class 0
Cluster 67 is class 0
Cluster 68 is class 1
Cluster 69 is class 0
Cluster 70 is class 0
Cluster 71 is class 9
Cluster 72 is class 0
Cluster 73 is class 0
Cluster 74 is class 9
Cluster 75 is class 7
Cluster 76 is class 0
Cluster 77 is class 8
Cluster 78 is class 8
Cluster 79 is class 9
Cluster 80 is class 0
Cluster 81 is class 0
Cluster 82 is class 0
Cluster 83 is class 0
Cluster 84 is class 8
Cluster 85 is class 0
Cluster 86 is class 7
Cluster 87 is class 8
Cluster 88 is class 8
Cluster 89 is class 5
Cluster 90 is class 0
Cluster 91 is class 4
Cluster 92 is class 0
Cluster 93 is class 7
Cluster 94 is class 0
Cluster 95 is class 8
Cluster 96 is class 0
Cluster 97 is class 8

Overall Accuracy is 0.346464

