----------------------------For Number of clusters 75----------------------------
Avg Clusters:
2.501903 10.966772 2.482593 3.905987 2.500040 3.878469 2.483624 10.145004 2.525535 10.324187 
2.497943 8.738075 2.469936 7.675806 2.490679 4.908171 2.507642 10.627393 2.483624 2.958137 
2.533006 4.398383 2.479215 10.862972 2.523287 8.239126 2.481957 10.705495 2.499182 2.910701 
2.479174 11.221593 2.502183 9.588830 2.515084 9.667886 2.513274 4.053569 2.494238 3.091563 
2.507351 10.739309 2.511541 3.826614 2.495811 11.066477 2.488538 4.342147 2.501541 9.962651 
2.490228 3.851210 2.507445 9.734470 2.496917 12.103188 2.506340 9.773906 2.531235 4.580212 
2.503296 2.790900 2.493041 6.121520 2.502238 9.880962 2.532639 3.064545 2.480181 9.310842 
2.499346 8.106955 2.544914 3.402488 2.563032 11.134719 2.471808 9.446973 2.498941 3.359850 
2.489261 10.276823 2.538112 10.873327 2.487063 10.469231 2.502148 7.986863 2.521878 10.656693 
2.492064 10.614661 2.544659 7.002932 2.508122 3.367000 2.498394 3.408099 2.496812 10.297510 
2.485846 3.697136 2.482291 3.951537 2.538198 3.319339 2.505540 4.601547 2.509806 6.979594 
2.506596 10.793715 2.509210 11.501991 2.517486 3.596142 2.469135 10.970006 2.484816 4.254263 
2.507248 4.466584 2.480994 2.915252 2.475179 9.577885 2.489588 3.331680 2.496643 3.587805 
2.489790 3.163807 2.525603 9.243858 2.486129 9.338817 2.503065 10.143519 2.533719 11.417280 
2.459178 10.425778 2.485391 3.646206 2.496112 11.079053 2.492990 3.368402 2.508836 3.201166 
2.515964 8.044742 2.525494 3.596619 2.522963 10.548646 2.484682 10.789156 2.488343 11.088246 
2.531318 9.477555 2.516661 11.046073 2.524614 11.062701 2.478147 3.112718 2.514361 7.199343 
2.522667 10.462141 2.483000 10.174403 2.511575 11.119544 2.484688 10.789064 2.508199 3.463769 
2.517678 10.038811 2.462138 11.372934 2.507383 6.744852 2.513411 3.215863 2.474059 10.552493 
2.518682 3.417955 2.493924 10.231049 2.498099 2.925808 2.482392 9.284120 2.519509 10.777672 
2.470740 12.074130 2.529760 4.938559 2.438935 10.040821 2.490859 9.611069 2.457050 4.135153 
2.532288 3.405029 2.504258 10.772565 2.484656 3.334190 2.510567 3.560047 2.471182 6.187869 
2.522347 2.935867 2.456915 3.092980 2.512814 4.890987 2.517952 6.694441 2.513000 11.240622 
2.449618 11.187925 2.429319 10.975934 2.535524 8.468452 2.578424 10.262112 2.512922 6.891912 
2.511590 10.497958 2.511437 3.064332 2.489023 4.199683 2.491269 5.165526 2.490146 2.849842 
2.520461 3.569140 2.507508 11.244212 2.486735 11.236892 2.478914 4.046552 2.467025 10.290201 
2.484692 2.760488 2.437873 3.373930 2.505760 11.058708 2.519497 10.415881 2.521284 7.580731 
2.486875 5.174886 2.524545 2.821591 2.483636 2.884943 2.487273 10.293750 2.486648 3.536989 
2.497098 2.481324 2.538128 5.005803 2.508214 9.766571 2.449612 7.277891 2.509113 3.038987 
2.510617 10.695116 2.480072 2.649869 2.470353 2.930660 2.458429 3.036589 2.508657 7.644479 
2.485378 9.198676 2.515423 6.837698 2.534337 2.772879 2.512876 2.814419 2.457442 3.026990 
2.517211 7.431156 2.512651 10.774787 2.491100 5.544425 2.495808 10.898426 2.424463 10.174904 
2.482620 3.423297 2.500782 8.605508 2.507853 2.917231 2.549163 2.964198 2.529215 11.410644 
2.521389 10.171027 2.466069 11.196196 2.525708 2.704211 2.497134 7.254423 2.480937 10.829720 
2.476345 4.823393 2.498688 10.246993 2.506379 4.752701 2.516574 3.332092 2.486234 2.207008 
2.489406 2.598351 2.498960 4.132830 2.481701 2.956160 2.518992 11.407427 2.510825 8.684490 
2.499498 3.394113 2.494321 10.668315 2.513019 10.384841 2.528857 2.399907 2.516109 4.642123 
2.474756 4.707367 2.496568 2.225137 2.496644 10.533405 2.500763 3.147193 2.499237 10.465375 
2.502664 10.758420 2.515231 2.929929 2.461345 6.855233 2.480647 11.317483 2.500151 6.679903 
2.537110 4.189051 2.443415 7.438428 2.509084 11.118157 2.509797 3.286664 2.496259 2.366227 
2.477749 11.264183 2.470049 3.593364 2.540256 7.909523 2.536519 2.493149 2.509116 6.082550 
2.510576 5.888098 2.515450 2.751633 2.507554 3.347695 2.474218 2.709426 2.490301 11.266985 
2.477639 2.662023 2.473240 7.655938 2.489663 3.037610 2.517375 9.037757 2.524487 2.984091 
2.509774 9.793484 2.532082 8.805522 2.458642 11.262838 2.503037 2.744451 2.489012 11.600883 
2.499221 10.782635 2.457959 11.442375 2.508423 3.407347 2.479406 3.096401 2.514583 4.897069 
2.468037 11.215976 2.588286 8.474248 2.495021 3.056323 2.500268 7.706500 2.537424 6.668380 
2.511368 3.007067 2.486891 3.168988 2.475727 7.115629 2.550389 11.179844 2.500512 2.921446 
2.504030 11.367385 2.504030 3.563449 2.502437 2.398032 2.542737 10.583693 2.527179 3.488847 
2.521095 10.999113 2.496896 10.553275 2.466109 3.405423 2.527683 6.479919 2.489548 2.003928 
2.536342 11.373636 2.471351 9.784820 2.493972 3.367321 2.499483 11.711218 2.545872 10.874038 
2.450146 5.895664 2.477513 11.534762 2.486367 2.686085 2.504175 8.647349 2.559312 4.353657 
2.533846 3.625973 2.489605 3.398956 2.507045 7.137945 2.521234 11.450783 2.490098 11.228692 
2.507365 11.377027 2.490198 7.388789 2.464978 9.793578 2.548373 11.043658 2.482039 10.951680 
2.453530 6.654239 2.546900 6.930482 2.496615 9.990437 2.540668 6.741915 2.514774 7.039970 
2.504148 3.289287 2.535409 7.847541 2.496092 7.552723 2.442587 11.522183 2.469881 6.769148 
2.500527 10.287607 2.478091 2.879536 2.507454 7.279325 2.589369 11.334588 2.480500 2.138082 
2.486713 3.358805 2.532934 11.396960 2.479165 6.662083 2.523317 3.543998 2.439458 11.028953 
2.483575 6.736854 2.520371 7.050377 2.498433 2.473476 2.480789 11.061753 2.474753 8.469298 
2.469538 8.757634 2.473226 11.463343 2.458327 2.337218 2.486060 2.518513 2.492993 10.821213 
2.489495 11.348404 2.428723 2.691755 2.546011 11.711569 2.502128 10.024202 2.495479 8.179787 
2.501284 10.915490 2.493368 2.502353 2.548567 4.923941 2.525567 5.282413 2.487912 11.685708 
2.521471 3.256480 2.527634 3.321041 2.471975 3.528025 2.473247 3.321334 2.474518 2.642766 
2.538550 7.331176 2.532540 11.568027 2.466304 10.390244 2.492197 4.979771 2.533580 2.518668 
2.533841 2.473290 2.508581 11.416244 2.528402 3.042301 2.483321 11.463379 2.498187 4.798284 
2.530351 8.925139 2.530050 3.101973 2.449917 6.579756 2.506402 6.411357 2.490887 7.486519 
2.470602 6.668381 2.502747 2.793922 2.468147 2.742607 2.433548 10.201052 2.472940 11.375453 
2.505059 5.752887 2.480657 11.472920 2.553029 11.314486 2.491727 11.354839 2.524104 9.647185 
2.535082 3.273737 2.531381 4.256035 2.478597 11.562440 2.492436 11.589636 2.479079 2.401191 
2.505211 8.598550 2.463676 8.002114 2.469567 6.804410 2.468660 2.740674 2.504909 6.251926 
2.478644 8.460556 2.463900 4.303694 2.443228 8.057456 2.547500 2.641587 2.518924 11.624563 
2.573224 5.967996 2.527145 7.624832 2.540550 6.932641 2.456434 4.648794 2.524296 11.083780 
2.469765 3.311378 2.528582 3.517678 2.511841 11.335279 2.465690 7.557000 2.493777 11.530565 
2.485559 2.535293 2.508483 11.594612 2.503950 8.055433 2.545266 8.054656 2.480119 6.852869 
2.514720 5.823926 2.491656 2.341459 2.587662 7.284268 2.480968 10.626477 2.538159 6.612601 
2.455171 2.132545 2.513590 11.473703 2.447229 9.954112 2.491881 5.532474 2.483410 2.435757 

Avg Classes:
2.501062 6.987991 2.500831 7.004122 2.500320 6.993248 2.501601 6.996249 2.500578 6.990609 
2.499498 7.005723 2.498374 7.006795 2.501292 7.002107 2.499690 7.004367 2.498954 6.983451 
2.499895 6.977804 2.500798 6.985700 2.497879 6.992608 2.496556 7.012830 2.497165 6.990719 
2.505279 7.053359 2.508546 7.025330 2.503622 7.027224 2.496757 7.017660 2.492969 7.021495 
2.515058 7.299356 2.473616 7.259717 2.514286 7.283912 2.472844 7.284170 2.470785 7.327413 
2.523547 7.069138 2.523547 7.098196 2.523547 7.013026 2.523547 6.972445 2.523547 6.891283 
2.484551 7.143258 2.502809 7.093399 2.549157 7.078652 2.497893 7.214185 2.465590 7.115169 
2.417391 6.704348 2.482609 6.821739 2.565217 6.452174 2.560870 6.960870 2.504348 6.700000 
2.416667 8.583333 2.416667 7.583333 2.416667 8.166667 2.416667 7.083333 2.416667 7.333333 
3.333333 7.666667 3.333333 7.666667 3.333333 12.000000 3.333333 8.000000 3.333333 11.666667 

Cluster 0 is class 0
Cluster 1 is class 7
Cluster 2 is class 0
Cluster 3 is class 8
Cluster 4 is class 8
Cluster 5 is class 0
Cluster 6 is class 0
Cluster 7 is class 8
Cluster 8 is class 9
Cluster 9 is class 0
Cluster 10 is class 7
Cluster 11 is class 0
Cluster 12 is class 0
Cluster 13 is class 9
Cluster 14 is class 8
Cluster 15 is class 9
Cluster 16 is class 8
Cluster 17 is class 8
Cluster 18 is class 8
Cluster 19 is class 0
Cluster 20 is class 8
Cluster 21 is class 7
Cluster 22 is class 0
Cluster 23 is class 8
Cluster 24 is class 0
Cluster 25 is class 9
Cluster 26 is class 0
Cluster 27 is class 0
Cluster 28 is class 0
Cluster 29 is class 7
Cluster 30 is class 0
Cluster 31 is class 0
Cluster 32 is class 0
Cluster 33 is class 0
Cluster 34 is class 0
Cluster 35 is class 7
Cluster 36 is class 5
Cluster 37 is class 0
Cluster 38 is class 4
Cluster 39 is class 0
Cluster 40 is class 8
Cluster 41 is class 0
Cluster 42 is class 7
Cluster 43 is class 9
Cluster 44 is class 0
Cluster 45 is class 3
Cluster 46 is class 7
Cluster 47 is class 0
Cluster 48 is class 7
Cluster 49 is class 0
Cluster 50 is class 7
Cluster 51 is class 0
Cluster 52 is class 9
Cluster 53 is class 4
Cluster 54 is class 0
Cluster 55 is class 0
Cluster 56 is class 0
Cluster 57 is class 7
Cluster 58 is class 0
Cluster 59 is class 8
Cluster 60 is class 0
Cluster 61 is class 7
Cluster 62 is class 0
Cluster 63 is class 0
Cluster 64 is class 0
Cluster 65 is class 7
Cluster 66 is class 9
Cluster 67 is class 0
Cluster 68 is class 0
Cluster 69 is class 8
Cluster 70 is class 0
Cluster 71 is class 9
Cluster 72 is class 0
Cluster 73 is class 7
Cluster 74 is class 0

Overall Accuracy is 0.258770

