----------------------------For Number of clusters 49----------------------------
Avg Clusters:
2.505483 3.046051 2.502769 10.117219 2.515673 3.687057 2.481779 9.248560 2.518304 10.067291 
2.505455 3.694208 2.506803 9.877802 2.501257 9.752961 2.496385 3.315122 2.485577 10.179370 
2.507554 3.847585 2.486098 10.068463 2.487621 3.252714 2.533264 3.915699 2.472767 3.775217 
2.504199 4.117646 2.480752 3.329772 2.519145 4.375510 2.504764 4.383780 2.515113 10.405044 
2.500016 4.533991 2.492246 3.362458 2.493456 3.770737 2.489699 11.063302 2.501926 9.820602 
2.504239 10.748766 2.508028 3.834556 2.495652 4.423548 2.495352 3.920944 2.468337 3.924597 
2.504009 10.881408 2.518673 10.098874 2.517394 10.113787 2.509594 3.291099 2.513713 4.259898 
2.492798 10.251611 2.493400 3.579418 2.502506 10.401712 2.492970 3.448215 2.505226 9.787819 
2.485560 3.458870 2.517645 3.913678 2.474992 4.128689 2.517010 9.777499 2.494986 3.322406 
2.522999 10.203396 2.475597 10.750816 2.487071 3.498333 2.499842 6.570962 2.489948 10.161293 
2.498759 10.447165 2.488796 9.853841 2.518484 10.306776 2.516538 10.704596 2.495907 9.595169 
2.501459 10.290279 2.477743 10.196358 2.521692 4.561218 2.494918 2.194099 2.501270 10.292819 
2.496067 10.437730 2.538335 10.547672 2.442709 10.978102 2.508968 3.884739 2.503423 10.800770 
2.484374 8.559536 2.480180 3.028001 2.500435 10.548728 2.494955 3.834373 2.506481 3.073461 
2.494704 11.051575 2.489729 3.573116 2.497039 3.969982 2.498528 10.136417 2.502927 10.026160 
2.485746 10.599201 2.502420 3.377446 2.486535 3.214023 2.498475 3.321113 2.513413 10.594940 
2.497232 10.358860 2.523744 3.371652 2.503834 10.231526 2.498573 10.902204 2.501152 4.236753 
2.513942 3.637253 2.507982 10.788630 2.508452 10.185148 2.490970 10.820487 2.479701 4.114354 
2.489619 10.768038 2.513360 6.738525 2.491900 3.241505 2.509357 10.271390 2.489852 3.305512 
2.509295 10.468096 2.464756 10.682901 2.510893 10.074845 2.509973 10.169249 2.505325 2.988091 
2.493301 10.595496 2.492303 10.727718 2.511735 3.366448 2.496817 3.896902 2.497815 3.273613 
2.497492 3.468728 2.518016 10.171870 2.505425 3.185075 2.542021 3.090081 2.487819 10.653240 
2.527403 2.640706 2.497596 4.332141 2.490520 9.816776 2.485635 3.659782 2.496596 4.039845 
2.507482 10.000118 2.482581 10.548767 2.506358 3.287869 2.501449 11.674809 2.510439 9.552138 
2.491400 3.478697 2.502620 3.349446 2.497331 10.762703 2.500544 3.658462 2.483689 10.694642 
2.508914 3.169477 2.497469 6.377295 2.492407 10.684994 2.470881 10.813620 2.515341 9.159572 
2.495575 3.981665 2.521603 3.265255 2.521603 3.148939 2.476257 3.374573 2.496038 3.741165 
2.498090 9.824561 2.471872 2.173755 2.504888 3.724995 2.522885 10.299864 2.531883 3.642584 
2.523817 9.935989 2.490184 3.244420 2.502480 10.654681 2.496435 10.429686 2.514466 10.892023 
2.505614 3.360374 2.498216 10.911743 2.463795 10.644506 2.514272 3.067846 2.497901 3.615752 
2.508995 3.457437 2.478049 10.383606 2.497270 3.081486 2.495556 11.073241 2.509369 3.899079 
2.446702 4.647307 2.483687 2.758965 2.473703 10.678948 2.537899 7.710238 2.540360 6.688019 
2.483434 8.214209 2.484589 11.447295 2.476653 3.831715 2.461781 10.238018 2.524041 3.251888 
2.480808 6.905910 2.500340 8.883322 2.518682 7.070058 2.515965 3.184698 2.520465 3.701427 
2.544023 3.230523 2.497465 3.055096 2.509605 10.413354 2.487927 11.132938 2.460446 3.194037 
2.487611 6.679289 2.494437 6.723422 2.486676 3.011033 2.441702 8.087892 2.488827 7.434222 
2.474340 4.787460 2.528113 6.699146 2.543028 10.924443 2.474733 9.210676 2.530959 2.288784 
2.510166 12.186338 2.532978 11.311679 2.493429 4.097446 2.522068 10.043020 2.480288 3.868584 
2.500090 3.697839 2.559720 11.425552 2.497396 10.270371 2.514997 9.900377 2.513920 10.911214 
2.496631 6.981560 2.510638 11.111791 2.511170 10.122784 2.439894 6.706028 2.547518 6.890957 
2.482725 6.786394 2.494662 6.512034 2.510967 10.216615 2.533094 7.080357 2.455648 11.425854 
2.497269 11.136751 2.551414 6.383996 2.529276 6.727360 2.487302 6.343364 2.511931 10.352084 
2.482954 11.420073 2.512002 5.887894 2.497043 10.505914 2.476605 6.986172 2.468429 3.891894 
2.534266 6.573147 2.448112 8.869790 2.533147 11.637343 2.556084 5.502098 2.538182 2.614266 
2.485445 6.356628 2.535450 8.666903 2.487169 5.591541 2.512628 11.219191 2.438178 11.468405 
2.515791 7.314911 2.522333 6.535529 2.476427 3.034852 2.509249 2.485450 2.484773 7.220731 
2.441218 2.763835 2.530310 10.743377 2.493825 6.937211 2.480155 7.222495 2.511172 3.435090 
2.517857 3.372962 2.501794 2.357469 2.530577 9.786122 2.515248 10.465183 2.467303 11.203849 
2.526439 7.286925 2.440094 6.618139 2.540384 7.159192 2.516064 11.488063 2.516287 3.905622 

Avg Classes:
2.501062 6.987991 2.500831 7.004122 2.500320 6.993248 2.501601 6.996249 2.500578 6.990609 
2.499498 7.005723 2.498374 7.006795 2.501292 7.002107 2.499690 7.004367 2.498954 6.983451 
2.499895 6.977804 2.500798 6.985700 2.497879 6.992608 2.496556 7.012830 2.497165 6.990719 
2.505279 7.053359 2.508546 7.025330 2.503622 7.027224 2.496757 7.017660 2.492969 7.021495 
2.515058 7.299356 2.473616 7.259717 2.514286 7.283912 2.472844 7.284170 2.470785 7.327413 
2.523547 7.069138 2.523547 7.098196 2.523547 7.013026 2.523547 6.972445 2.523547 6.891283 
2.484551 7.143258 2.502809 7.093399 2.549157 7.078652 2.497893 7.214185 2.465590 7.115169 
2.417391 6.704348 2.482609 6.821739 2.565217 6.452174 2.560870 6.960870 2.504348 6.700000 
2.416667 8.583333 2.416667 7.583333 2.416667 8.166667 2.416667 7.083333 2.416667 7.333333 
3.333333 7.666667 3.333333 7.666667 3.333333 12.000000 3.333333 8.000000 3.333333 11.666667 

Cluster 0 is class 7
Cluster 1 is class 0
Cluster 2 is class 7
Cluster 3 is class 0
Cluster 4 is class 0
Cluster 5 is class 7
Cluster 6 is class 8
Cluster 7 is class 8
Cluster 8 is class 7
Cluster 9 is class 0
Cluster 10 is class 8
Cluster 11 is class 0
Cluster 12 is class 8
Cluster 13 is class 0
Cluster 14 is class 0
Cluster 15 is class 0
Cluster 16 is class 0
Cluster 17 is class 0
Cluster 18 is class 0
Cluster 19 is class 8
Cluster 20 is class 0
Cluster 21 is class 7
Cluster 22 is class 0
Cluster 23 is class 0
Cluster 24 is class 9
Cluster 25 is class 0
Cluster 26 is class 0
Cluster 27 is class 2
Cluster 28 is class 9
Cluster 29 is class 0
Cluster 30 is class 7
Cluster 31 is class 0
Cluster 32 is class 0
Cluster 33 is class 0
Cluster 34 is class 0
Cluster 35 is class 7
Cluster 36 is class 0
Cluster 37 is class 0
Cluster 38 is class 9
Cluster 39 is class 4
Cluster 40 is class 9
Cluster 41 is class 8
Cluster 42 is class 8
Cluster 43 is class 0
Cluster 44 is class 0
Cluster 45 is class 7
Cluster 46 is class 0
Cluster 47 is class 9
Cluster 48 is class 0

Overall Accuracy is 0.287877

