----------------------------For Number of clusters 19----------------------------
Avg Clusters:
2.493452 9.799856 2.496847 3.708054 2.498098 4.334044 2.495534 4.730986 2.495422 9.811626 
2.501894 10.086772 2.505600 4.274397 2.487057 4.591219 2.508304 10.106865 2.505833 3.671182 
2.496072 10.324099 2.515618 4.720671 2.526342 10.545829 2.494054 4.201378 2.493838 4.463324 
2.501994 4.138858 2.526136 10.443858 2.493489 9.379091 2.493127 9.834082 2.505288 9.582382 
2.503337 9.532110 2.507899 10.134882 2.478735 10.252991 2.514875 3.994160 2.499024 10.124126 
2.499809 3.874844 2.498165 4.448783 2.497846 3.497495 2.492884 10.201918 2.507962 9.534273 
2.504344 4.070521 2.508689 4.844878 2.509160 9.908490 2.487176 10.380225 2.498325 3.372287 
2.507258 10.392771 2.496983 4.264405 2.501552 10.006786 2.505002 10.305041 2.495017 9.900916 
2.493835 9.916533 2.485373 10.752793 2.512105 9.475005 2.513637 9.645899 2.509453 3.645470 
2.501077 3.463017 2.499550 9.897511 2.511208 3.907777 2.516095 3.886922 2.493374 9.629698 
2.495827 3.899449 2.489702 3.857903 2.499879 9.692055 2.496779 3.588460 2.509514 10.083858 
2.499579 4.204579 2.486697 10.387164 2.495349 3.563586 2.496650 9.711948 2.506355 3.667943 
2.494797 9.888953 2.497600 9.740218 2.502745 3.891103 2.506105 3.679933 2.479591 3.486388 
2.502328 3.514277 2.485576 3.466112 2.508412 10.680803 2.506800 10.388256 2.485503 10.115282 
2.510100 3.517536 2.477256 4.746846 2.481621 9.443478 2.504802 3.478791 2.492248 3.111329 
2.515747 10.145511 2.480854 10.199597 2.506299 3.645307 2.492206 10.383990 2.501156 9.925839 
2.500179 3.977708 2.505138 11.031424 2.498868 10.086308 2.510216 3.738121 2.506306 4.186348 
2.490866 4.189388 2.510571 3.765151 2.501036 3.033522 2.492193 4.442863 2.493796 3.825397 
2.509375 10.437106 2.486631 10.548264 2.510384 3.365131 2.472379 3.346969 2.500883 10.460607 

Avg Classes:
2.501062 6.987991 2.500831 7.004122 2.500320 6.993248 2.501601 6.996249 2.500578 6.990609 
2.499498 7.005723 2.498374 7.006795 2.501292 7.002107 2.499690 7.004367 2.498954 6.983451 
2.499895 6.977804 2.500798 6.985700 2.497879 6.992608 2.496556 7.012830 2.497165 6.990719 
2.505279 7.053359 2.508546 7.025330 2.503622 7.027224 2.496757 7.017660 2.492969 7.021495 
2.515058 7.299356 2.473616 7.259717 2.514286 7.283912 2.472844 7.284170 2.470785 7.327413 
2.523547 7.069138 2.523547 7.098196 2.523547 7.013026 2.523547 6.972445 2.523547 6.891283 
2.484551 7.143258 2.502809 7.093399 2.549157 7.078652 2.497893 7.214185 2.465590 7.115169 
2.417391 6.704348 2.482609 6.821739 2.565217 6.452174 2.560870 6.960870 2.504348 6.700000 
2.416667 8.583333 2.416667 7.583333 2.416667 8.166667 2.416667 7.083333 2.416667 7.333333 
3.333333 7.666667 3.333333 7.666667 3.333333 12.000000 3.333333 8.000000 3.333333 11.666667 

Cluster 0 is class 0
Cluster 1 is class 0
Cluster 2 is class 8
Cluster 3 is class 0
Cluster 4 is class 8
Cluster 5 is class 0
Cluster 6 is class 0
Cluster 7 is class 8
Cluster 8 is class 8
Cluster 9 is class 0
Cluster 10 is class 0
Cluster 11 is class 5
Cluster 12 is class 0
Cluster 13 is class 9
Cluster 14 is class 7
Cluster 15 is class 4
Cluster 16 is class 0
Cluster 17 is class 7
Cluster 18 is class 0

Overall Accuracy is 0.307237

