----------------------------For Number of clusters 15----------------------------
Avg Clusters:
2.509750 3.644054 2.517394 9.115553 2.488617 10.220540 2.511903 3.710561 2.494264 7.855192 
2.496793 9.773342 2.481549 9.381860 2.490505 3.910848 2.508304 9.892145 2.496450 3.963098 
2.498998 9.617114 2.486923 3.733349 2.495552 5.051145 2.488414 3.749811 2.495698 4.291020 
2.510523 3.863158 2.510683 9.407920 2.511175 3.930503 2.490632 9.857601 2.499299 9.911473 
2.499330 9.984959 2.495254 9.975950 2.497627 4.441590 2.499088 4.001877 2.494584 10.233638 
2.514778 4.134893 2.505432 9.347710 2.507396 9.993616 2.500327 10.163780 2.499405 3.570289 
2.495186 9.544868 2.509148 3.930838 2.501250 10.470573 2.505998 4.254434 2.496946 10.050910 
2.501411 9.660905 2.490407 3.505925 2.490332 4.401950 2.495962 10.303485 2.511525 9.832053 
2.490829 3.378619 2.506477 3.294775 2.488235 5.162048 2.497674 8.994595 2.502510 3.764284 
2.497931 10.229899 2.501114 9.791613 2.511468 10.225912 2.504716 4.280346 2.510463 3.635264 
2.503541 9.393675 2.495308 9.854229 2.506726 10.310733 2.498839 10.347541 2.502312 10.078566 
2.512283 3.843484 2.479959 3.782815 2.517897 4.417072 2.494731 3.812850 2.517570 10.268733 
2.487440 9.679599 2.521613 3.386222 2.511103 10.464457 2.490704 9.863093 2.499174 3.839702 
2.486545 4.017837 2.505318 9.990086 2.502644 3.719181 2.519505 3.806783 2.478875 3.809964 
2.489622 3.457857 2.490675 3.721907 2.509531 10.551003 2.496458 9.845742 2.497346 9.738718 

Avg Classes:
2.501062 6.987991 2.500831 7.004122 2.500320 6.993248 2.501601 6.996249 2.500578 6.990609 
2.499498 7.005723 2.498374 7.006795 2.501292 7.002107 2.499690 7.004367 2.498954 6.983451 
2.499895 6.977804 2.500798 6.985700 2.497879 6.992608 2.496556 7.012830 2.497165 6.990719 
2.505279 7.053359 2.508546 7.025330 2.503622 7.027224 2.496757 7.017660 2.492969 7.021495 
2.515058 7.299356 2.473616 7.259717 2.514286 7.283912 2.472844 7.284170 2.470785 7.327413 
2.523547 7.069138 2.523547 7.098196 2.523547 7.013026 2.523547 6.972445 2.523547 6.891283 
2.484551 7.143258 2.502809 7.093399 2.549157 7.078652 2.497893 7.214185 2.465590 7.115169 
2.417391 6.704348 2.482609 6.821739 2.565217 6.452174 2.560870 6.960870 2.504348 6.700000 
2.416667 8.583333 2.416667 7.583333 2.416667 8.166667 2.416667 7.083333 2.416667 7.333333 
3.333333 7.666667 3.333333 7.666667 3.333333 12.000000 3.333333 8.000000 3.333333 11.666667 

Cluster 0 is class 0
Cluster 1 is class 0
Cluster 2 is class 0
Cluster 3 is class 0
Cluster 4 is class 0
Cluster 5 is class 0
Cluster 6 is class 8
Cluster 7 is class 0
Cluster 8 is class 0
Cluster 9 is class 8
Cluster 10 is class 9
Cluster 11 is class 0
Cluster 12 is class 8
Cluster 13 is class 0
Cluster 14 is class 9

Overall Accuracy is 0.358827

