----------------------------For Number of clusters 39----------------------------
Avg Clusters:
2.492166 4.061132 2.492703 3.853391 2.507647 9.684097 2.501052 3.285220 2.495370 10.093335 
2.497081 10.304169 2.493855 7.030394 2.533082 9.487402 2.536642 4.605265 2.502330 4.209863 
2.482804 4.884297 2.522117 9.379739 2.500531 3.641427 2.490074 2.795856 2.494995 9.773348 
2.519573 6.884448 2.506367 3.747921 2.518804 4.784237 2.487055 10.477920 2.474172 4.120367 
2.495300 10.280339 2.497217 10.209578 2.505566 3.319409 2.492596 3.986110 2.494696 3.957885 
2.497527 3.959647 2.501317 10.093626 2.517727 9.911274 2.498174 10.239900 2.498012 3.836461 
2.489404 10.445487 2.489601 4.216964 2.490244 3.859260 2.501334 10.169046 2.512325 10.332312 
2.499158 10.879850 2.477057 10.056374 2.509542 6.922087 2.497088 3.439171 2.485091 10.488704 
2.493831 3.908845 2.504310 3.914789 2.503493 10.152479 2.502901 10.762732 2.487127 10.003690 
2.504110 3.499653 2.480671 3.805388 2.492721 9.226866 2.480539 3.990129 2.503252 3.079496 
2.493939 10.074281 2.492156 10.204481 2.513519 9.707066 2.508735 10.369889 2.490908 10.090979 
2.524705 10.074091 2.475622 10.667055 2.505062 2.587785 2.496757 6.577707 2.507582 10.946064 
2.502125 10.789201 2.492321 3.244601 2.503942 10.287350 2.490744 4.024511 2.495372 10.055262 
2.447782 2.432172 2.506274 5.058344 2.493542 3.357702 2.503617 9.779024 2.517455 4.694627 
2.504542 3.482666 2.492226 10.052564 2.498044 4.009832 2.538972 3.888103 2.469500 3.266900 
2.480461 10.501978 2.519630 3.699343 2.494005 10.335869 2.496835 10.494248 2.498570 3.926685 
2.522839 3.574368 2.514093 10.646120 2.496147 10.508144 2.500862 3.977600 2.480542 10.138854 
2.493110 3.992585 2.508608 10.046526 2.502562 3.879992 2.489100 10.757057 2.498743 10.484168 
2.484241 11.409951 2.510197 4.300608 2.485189 3.048678 2.525202 9.294399 2.518777 3.423705 
2.489244 9.595186 2.527923 11.459382 2.493632 10.603536 2.496230 3.905389 2.513440 3.463685 
2.520115 9.910071 2.540883 9.849987 2.434692 11.823276 2.501437 3.689198 2.521290 10.521486 
2.497275 10.138695 2.517188 3.550028 2.498044 3.192705 2.485048 3.347436 2.493851 9.739414 
2.495895 10.409310 2.492563 10.670707 2.482084 3.143278 2.511686 11.072436 2.512604 7.057514 
2.505656 9.695167 2.464669 10.632045 2.497527 4.898095 2.484452 10.539004 2.505019 2.441017 
2.505019 3.253575 2.471258 3.244479 2.532675 3.231942 2.497644 4.669357 2.527554 10.100832 
2.534219 10.501085 2.482158 3.517191 2.507972 10.621204 2.496692 10.563232 2.507592 10.696800 
2.506359 5.235498 2.529418 3.372505 2.481388 3.094044 2.484024 3.568607 2.489194 3.454813 
2.511665 10.615219 2.475772 10.509392 2.517050 10.979959 2.508375 10.588598 2.509631 3.671871 
2.506256 3.421905 2.530407 10.503846 2.505897 10.598964 2.488053 10.467798 2.518306 10.533535 
2.509438 3.194823 2.501859 10.244351 2.485032 10.725760 2.499142 3.315998 2.517638 3.629755 
2.518387 3.286291 2.482276 11.052425 2.478350 3.216557 2.487253 10.540342 2.523475 3.859537 
2.511690 11.097639 2.495620 3.265591 2.505947 4.841272 2.489644 3.014330 2.463190 3.415560 
2.525444 3.681000 2.491722 3.281722 2.502667 3.591889 2.498389 10.905167 2.496167 10.836000 
2.504285 6.355331 2.511827 11.021512 2.463404 6.560336 2.519112 6.499143 2.494515 6.815221 
2.528737 3.248561 2.510671 3.406889 2.510671 10.602541 2.489081 10.536480 2.484961 3.237095 
2.477033 9.628237 2.497374 2.657693 2.487777 11.206434 2.486389 3.592564 2.498461 3.512947 
2.528661 2.285118 2.504724 10.881102 2.529685 3.795984 2.552283 5.804016 2.526220 10.590079 
2.493657 3.993468 2.474820 4.811166 2.456134 11.250437 2.537790 6.746829 2.538017 7.045651 
2.508417 7.127647 2.524471 4.958001 2.470583 7.054842 2.492624 6.847622 2.484294 11.310396 

Avg Classes:
2.501062 6.987991 2.500831 7.004122 2.500320 6.993248 2.501601 6.996249 2.500578 6.990609 
2.499498 7.005723 2.498374 7.006795 2.501292 7.002107 2.499690 7.004367 2.498954 6.983451 
2.499895 6.977804 2.500798 6.985700 2.497879 6.992608 2.496556 7.012830 2.497165 6.990719 
2.505279 7.053359 2.508546 7.025330 2.503622 7.027224 2.496757 7.017660 2.492969 7.021495 
2.515058 7.299356 2.473616 7.259717 2.514286 7.283912 2.472844 7.284170 2.470785 7.327413 
2.523547 7.069138 2.523547 7.098196 2.523547 7.013026 2.523547 6.972445 2.523547 6.891283 
2.484551 7.143258 2.502809 7.093399 2.549157 7.078652 2.497893 7.214185 2.465590 7.115169 
2.417391 6.704348 2.482609 6.821739 2.565217 6.452174 2.560870 6.960870 2.504348 6.700000 
2.416667 8.583333 2.416667 7.583333 2.416667 8.166667 2.416667 7.083333 2.416667 7.333333 
3.333333 7.666667 3.333333 7.666667 3.333333 12.000000 3.333333 8.000000 3.333333 11.666667 

Cluster 0 is class 0
Cluster 1 is class 8
Cluster 2 is class 0
Cluster 3 is class 0
Cluster 4 is class 0
Cluster 5 is class 0
Cluster 6 is class 4
Cluster 7 is class 3
Cluster 8 is class 9
Cluster 9 is class 0
Cluster 10 is class 8
Cluster 11 is class 0
Cluster 12 is class 8
Cluster 13 is class 7
Cluster 14 is class 7
Cluster 15 is class 8
Cluster 16 is class 0
Cluster 17 is class 0
Cluster 18 is class 0
Cluster 19 is class 8
Cluster 20 is class 9
Cluster 21 is class 0
Cluster 22 is class 0
Cluster 23 is class 0
Cluster 24 is class 0
Cluster 25 is class 9
Cluster 26 is class 7
Cluster 27 is class 8
Cluster 28 is class 9
Cluster 29 is class 0
Cluster 30 is class 7
Cluster 31 is class 5
Cluster 32 is class 7
Cluster 33 is class 0
Cluster 34 is class 0
Cluster 35 is class 8
Cluster 36 is class 0
Cluster 37 is class 0
Cluster 38 is class 0

Overall Accuracy is 0.275511

