----------------------------For Number of clusters 35----------------------------
Avg Clusters:
2.508775 4.377400 2.483626 3.939670 2.497397 9.863498 2.485877 4.661661 2.494120 4.079509 
2.503436 4.721637 2.488655 4.314122 2.509971 3.926370 2.496663 4.621392 2.510429 10.476622 
2.521495 3.470105 2.519829 10.493278 2.517753 9.367858 2.498829 4.629004 2.498540 10.121316 
2.502035 9.962510 2.506183 3.969233 2.501622 4.341105 2.510292 10.044862 2.492972 3.861659 
2.507730 9.775460 2.473386 10.025684 2.504468 3.783845 2.504767 9.925957 2.497370 9.993636 
2.518846 9.799264 2.497657 4.131477 2.502549 10.133900 2.508400 10.156484 2.498983 10.025486 
2.499633 10.743752 2.513545 9.458947 2.501441 9.867461 2.502436 3.644092 2.496070 6.560886 
2.499379 9.712218 2.510392 10.430850 2.510828 9.300708 2.505423 5.138166 2.516671 2.295739 
2.504937 3.777748 2.485896 3.965146 2.499213 4.221032 2.486221 10.994087 2.499566 9.844445 
2.520580 3.684484 2.504911 4.233507 2.504826 10.186613 2.502072 11.136823 2.500057 4.119621 
2.492666 11.016477 2.504550 3.940351 2.491977 3.883228 2.487786 3.692540 2.504923 9.608520 
2.478945 9.841522 2.503563 3.678992 2.502718 10.568467 2.504711 3.440854 2.501638 10.413264 
2.497349 9.904893 2.463656 9.938586 2.516160 10.108840 2.513861 11.102357 2.506164 4.215285 
2.502376 3.935087 2.523992 9.961958 2.498600 10.107769 2.493219 10.936440 2.502627 10.001007 
2.499547 9.997910 2.518673 4.906041 2.498119 3.419105 2.496063 3.469412 2.473836 3.112563 
2.476589 3.386193 2.493157 3.208000 2.525848 10.709482 2.507127 8.795168 2.500264 10.742051 
2.477627 3.251680 2.519567 4.042937 2.472384 3.464557 2.516134 9.146976 2.505981 3.356863 
2.494980 4.158222 2.507471 10.657097 2.507404 3.015446 2.514456 3.762097 2.494141 9.870488 
2.501314 10.332927 2.478652 11.054504 2.506494 3.109998 2.499448 4.079223 2.484327 4.542068 
2.484459 3.171489 2.514824 10.655097 2.489744 3.492162 2.492252 10.461707 2.510032 10.074884 
2.483939 10.553422 2.533821 3.387616 2.501220 10.913557 2.476619 9.412496 2.500900 3.535501 
2.506442 3.610032 2.479383 10.836961 2.493841 7.483583 2.498566 10.172529 2.515730 3.367675 
2.497127 10.612232 2.491470 3.317431 2.478284 3.531605 2.494276 10.398637 2.519400 10.576329 
2.492141 3.569470 2.491631 9.544086 2.496149 4.412967 2.539136 2.988016 2.464322 3.417603 
2.481431 3.550248 2.530272 10.330407 2.515249 11.770763 2.488409 8.050641 2.497918 3.546309 
2.497798 3.299043 2.499330 4.143944 2.483581 10.286309 2.506462 2.619435 2.478554 10.310819 
2.512607 3.507688 2.526552 2.935255 2.518023 3.682251 2.457013 2.918010 2.500654 4.495300 
2.511793 10.601996 2.480156 10.586696 2.501577 4.520974 2.494468 3.350313 2.498611 11.141142 
2.504411 10.717345 2.517590 10.794771 2.519556 10.443405 2.498034 9.435806 2.493251 10.801360 
2.477946 10.663187 2.467794 3.238686 2.515588 10.151190 2.521623 3.129496 2.508117 3.492745 
2.493341 10.267800 2.505185 10.524955 2.491682 3.345362 2.484677 10.808517 2.497581 3.381077 
2.507566 3.535910 2.488103 10.336897 2.463980 10.800055 2.509649 2.486842 2.515406 3.943531 
2.513500 3.575996 2.474898 9.578966 2.521304 2.529867 2.491610 11.257993 2.488502 3.982184 
2.494792 4.478553 2.516608 11.151480 2.477815 2.797589 2.488477 6.986714 2.552858 3.803576 
2.505643 8.557554 2.520595 10.505290 2.440824 11.081746 2.524968 3.075892 2.480815 11.253985 

Avg Classes:
2.501062 6.987991 2.500831 7.004122 2.500320 6.993248 2.501601 6.996249 2.500578 6.990609 
2.499498 7.005723 2.498374 7.006795 2.501292 7.002107 2.499690 7.004367 2.498954 6.983451 
2.499895 6.977804 2.500798 6.985700 2.497879 6.992608 2.496556 7.012830 2.497165 6.990719 
2.505279 7.053359 2.508546 7.025330 2.503622 7.027224 2.496757 7.017660 2.492969 7.021495 
2.515058 7.299356 2.473616 7.259717 2.514286 7.283912 2.472844 7.284170 2.470785 7.327413 
2.523547 7.069138 2.523547 7.098196 2.523547 7.013026 2.523547 6.972445 2.523547 6.891283 
2.484551 7.143258 2.502809 7.093399 2.549157 7.078652 2.497893 7.214185 2.465590 7.115169 
2.417391 6.704348 2.482609 6.821739 2.565217 6.452174 2.560870 6.960870 2.504348 6.700000 
2.416667 8.583333 2.416667 7.583333 2.416667 8.166667 2.416667 7.083333 2.416667 7.333333 
3.333333 7.666667 3.333333 7.666667 3.333333 12.000000 3.333333 8.000000 3.333333 11.666667 

Cluster 0 is class 0
Cluster 1 is class 0
Cluster 2 is class 0
Cluster 3 is class 0
Cluster 4 is class 0
Cluster 5 is class 8
Cluster 6 is class 8
Cluster 7 is class 5
Cluster 8 is class 7
Cluster 9 is class 0
Cluster 10 is class 0
Cluster 11 is class 8
Cluster 12 is class 4
Cluster 13 is class 4
Cluster 14 is class 7
Cluster 15 is class 9
Cluster 16 is class 7
Cluster 17 is class 0
Cluster 18 is class 0
Cluster 19 is class 0
Cluster 20 is class 8
Cluster 21 is class 5
Cluster 22 is class 0
Cluster 23 is class 7
Cluster 24 is class 0
Cluster 25 is class 0
Cluster 26 is class 0
Cluster 27 is class 0
Cluster 28 is class 9
Cluster 29 is class 5
Cluster 30 is class 1
Cluster 31 is class 0
Cluster 32 is class 7
Cluster 33 is class 7
Cluster 34 is class 8

Overall Accuracy is 0.269110

