----------------------------For Number of clusters 31----------------------------
Avg Clusters:
2.488715 4.295800 2.503672 9.939444 2.512203 9.904327 2.499713 9.851670 2.500497 4.076872 
2.501889 9.961124 2.505138 4.099266 2.491436 4.168151 2.509641 9.878653 2.495840 3.922091 
2.504928 4.331519 2.506649 4.345929 2.487401 4.466170 2.502783 10.389585 2.489121 10.289907 
2.488318 9.849165 2.503784 10.241957 2.499917 4.138636 2.502709 4.042532 2.490613 4.190927 
2.493865 10.211822 2.510942 4.932127 2.488263 10.203166 2.503406 3.944018 2.496214 10.017926 
2.496018 10.190582 2.511103 4.391730 2.500281 3.428203 2.478739 3.817637 2.504084 9.967739 
2.524515 9.616674 2.495835 4.473786 2.521389 10.405510 2.505890 10.736651 2.504380 10.148602 
2.479015 3.068443 2.486136 3.815392 2.508475 10.783642 2.514172 9.239619 2.515400 9.177571 
2.488495 9.849823 2.481018 3.950568 2.526535 10.061827 2.500439 4.074449 2.504203 3.386646 
2.513740 4.034826 2.498366 10.864512 2.500562 3.747431 2.487071 9.536696 2.508563 9.981750 
2.500285 3.454164 2.493885 9.623905 2.494015 4.129113 2.528061 3.896020 2.481811 3.904156 
2.513491 4.571040 2.518933 10.450161 2.482586 10.184958 2.502086 3.652125 2.492994 10.257789 
2.484864 10.579961 2.503719 11.078336 2.504691 9.690967 2.512039 9.020465 2.489661 9.792561 
2.505262 9.977112 2.519283 10.734514 2.506581 10.650232 2.498297 3.764857 2.516369 3.943730 
2.527188 4.009750 2.513378 3.358702 2.518436 9.618536 2.472646 10.314842 2.481498 3.039301 
2.507133 3.763326 2.528490 10.337549 2.503326 10.450722 2.488228 10.680525 2.512560 10.641050 
2.504281 10.758976 2.474139 9.606075 2.504435 9.748301 2.511769 10.660408 2.509120 3.278232 
2.513149 3.835129 2.517732 3.138641 2.502992 4.018399 2.464998 4.189050 2.487535 4.120345 
2.509329 3.096594 2.489924 9.420552 2.493499 10.732254 2.507169 3.326394 2.500805 3.663040 
2.511169 3.719373 2.478484 3.473479 2.496254 9.311230 2.497027 3.167154 2.495919 10.329336 
2.509729 9.978123 2.476582 10.979350 2.499453 4.137790 2.495442 3.706354 2.489244 10.740396 
2.507782 10.632330 2.481753 9.595533 2.505879 3.172762 2.492408 10.716960 2.521557 9.829293 
2.461449 3.303661 2.505061 4.922273 2.497563 3.032407 2.511767 10.729579 2.510143 3.835715 
2.483713 3.152875 2.513700 9.242797 2.533887 3.483987 2.523264 3.388617 2.498099 10.535612 
2.496434 9.592807 2.475646 10.805123 2.487997 3.259372 2.492737 10.601635 2.492694 3.373141 
2.499251 3.608325 2.471982 3.021388 2.474922 10.698259 2.507725 3.537530 2.494639 3.586360 
2.513234 10.682027 2.500781 3.815326 2.494580 3.306327 2.504563 3.310209 2.488480 3.368893 
2.535170 3.092061 2.489288 11.151333 2.478458 3.718638 2.495418 10.650143 2.537134 3.601583 
2.474287 10.778578 2.535348 3.121209 2.500203 10.751699 2.484938 10.443757 2.480424 3.897860 
2.494652 3.913073 2.484968 2.860376 2.521732 2.977199 2.502759 4.233251 2.519761 10.677345 
2.497179 10.816002 2.476589 2.980115 2.484957 3.949605 2.498543 10.195938 2.511659 10.625987 

Avg Classes:
2.501062 6.987991 2.500831 7.004122 2.500320 6.993248 2.501601 6.996249 2.500578 6.990609 
2.499498 7.005723 2.498374 7.006795 2.501292 7.002107 2.499690 7.004367 2.498954 6.983451 
2.499895 6.977804 2.500798 6.985700 2.497879 6.992608 2.496556 7.012830 2.497165 6.990719 
2.505279 7.053359 2.508546 7.025330 2.503622 7.027224 2.496757 7.017660 2.492969 7.021495 
2.515058 7.299356 2.473616 7.259717 2.514286 7.283912 2.472844 7.284170 2.470785 7.327413 
2.523547 7.069138 2.523547 7.098196 2.523547 7.013026 2.523547 6.972445 2.523547 6.891283 
2.484551 7.143258 2.502809 7.093399 2.549157 7.078652 2.497893 7.214185 2.465590 7.115169 
2.417391 6.704348 2.482609 6.821739 2.565217 6.452174 2.560870 6.960870 2.504348 6.700000 
2.416667 8.583333 2.416667 7.583333 2.416667 8.166667 2.416667 7.083333 2.416667 7.333333 
3.333333 7.666667 3.333333 7.666667 3.333333 12.000000 3.333333 8.000000 3.333333 11.666667 

Cluster 0 is class 0
Cluster 1 is class 0
Cluster 2 is class 0
Cluster 3 is class 0
Cluster 4 is class 8
Cluster 5 is class 0
Cluster 6 is class 9
Cluster 7 is class 9
Cluster 8 is class 0
Cluster 9 is class 4
Cluster 10 is class 0
Cluster 11 is class 4
Cluster 12 is class 8
Cluster 13 is class 8
Cluster 14 is class 0
Cluster 15 is class 9
Cluster 16 is class 8
Cluster 17 is class 7
Cluster 18 is class 0
Cluster 19 is class 0
Cluster 20 is class 0
Cluster 21 is class 0
Cluster 22 is class 0
Cluster 23 is class 0
Cluster 24 is class 0
Cluster 25 is class 7
Cluster 26 is class 5
Cluster 27 is class 7
Cluster 28 is class 4
Cluster 29 is class 0
Cluster 30 is class 0

Overall Accuracy is 0.304657

