----------------------------For Number of clusters 53----------------------------
Avg Clusters:
2.495100 3.627059 2.524652 3.984320 2.510657 3.487597 2.470080 4.145893 2.491670 4.427084 
2.507062 10.374108 2.491280 10.652957 2.494093 3.231204 2.503775 4.125877 2.488763 4.695212 
2.507239 3.778228 2.534390 10.320334 2.493509 10.013962 2.482308 10.237593 2.515911 9.824038 
2.489039 10.112920 2.496335 9.372418 2.522626 3.184359 2.481180 3.947804 2.514661 10.996017 
2.491839 10.318532 2.496594 4.132990 2.503656 3.720895 2.508717 10.411066 2.501654 3.418601 
2.487026 3.125104 2.508892 9.138631 2.518890 2.915271 2.498824 10.291240 2.514565 9.943157 
2.485896 9.884282 2.489078 3.493965 2.489143 3.540114 2.486913 10.204572 2.517777 10.909997 
2.500076 10.708886 2.508276 10.503471 2.518726 9.908162 2.507818 9.760336 2.492029 10.269527 
2.497496 8.877670 2.525998 6.644609 2.513330 11.246796 2.494734 4.171417 2.506702 3.978347 
2.502159 10.588711 2.530656 3.158227 2.486576 10.849348 2.481905 9.852292 2.501452 3.779439 
2.521147 3.030390 2.483124 8.955990 2.527834 5.051187 2.516175 10.469890 2.468980 3.167915 
2.525273 10.586197 2.492870 10.715728 2.504597 4.523924 2.501614 10.790667 2.496384 3.513055 
2.493008 3.490873 2.511871 10.688260 2.489436 3.120758 2.531562 3.375474 2.474058 9.894010 
2.491368 3.073382 2.513334 10.241923 2.484222 10.939820 2.499154 4.087261 2.502652 3.764697 
2.500868 4.843277 2.493806 9.799414 2.476512 6.369996 2.544432 2.412842 2.468434 3.536353 
2.511038 10.549537 2.510165 3.210249 2.485283 3.937604 2.479366 3.139395 2.497990 9.510545 
2.504395 4.288490 2.472474 10.371808 2.523409 10.988296 2.478858 10.918579 2.516839 3.414230 
2.503053 4.257871 2.502207 6.077755 2.493379 11.032073 2.517030 3.536266 2.486060 10.402862 
2.505500 3.119974 2.480542 2.990442 2.489342 4.505955 2.510469 10.363678 2.490290 9.952435 
2.500961 10.911123 2.470970 10.766108 2.500961 10.809228 2.512277 9.293106 2.504367 3.351112 
2.489920 3.727971 2.529595 2.872852 2.476002 4.241617 2.509584 10.482441 2.508891 3.370697 
2.524128 9.672851 2.489532 3.523106 2.514468 10.933234 2.501702 10.209447 2.498383 10.869787 
2.486563 3.096480 2.472451 3.543523 2.505430 10.975860 2.499049 10.033059 2.505272 9.286031 
2.512264 3.805088 2.466471 10.498369 2.502414 2.280300 2.513177 4.498761 2.487867 3.244618 
2.513651 11.021416 2.450861 10.142681 2.490665 3.145933 2.507653 10.729271 2.518305 9.654426 
2.445786 5.632307 2.489188 11.271720 2.429739 2.621991 2.483763 10.594407 2.575457 4.698785 
2.512271 7.564643 2.460691 2.820717 2.468425 7.121734 2.513672 3.928080 2.507886 3.007369 
2.531642 3.194958 2.512110 3.553310 2.513048 10.777384 2.486848 9.968540 2.479140 3.052346 
2.516283 11.146657 2.530449 7.323491 2.478561 10.631893 2.514383 3.418476 2.494952 10.301563 
2.494473 5.785955 2.511086 2.417500 2.479383 11.061950 2.471838 3.475743 2.472037 6.408895 
2.544139 6.741013 2.529460 10.757594 2.520625 7.532042 2.541148 3.536663 2.463269 10.821475 
2.506503 9.325239 2.496748 11.610143 2.502214 10.996126 2.496472 3.522831 2.514321 7.524422 
2.462658 11.810828 2.448748 2.737998 2.502176 9.651687 2.525501 3.461017 2.509665 3.942507 
2.470593 10.598444 2.493630 2.358227 2.532611 10.516439 2.499275 3.556640 2.487680 10.745976 
2.484413 10.717966 2.530435 11.110582 2.525021 10.003199 2.533306 2.999672 2.509024 2.575882 
2.512320 10.777252 2.525067 4.102438 2.496945 2.567251 2.514226 3.749458 2.490965 3.215454 
2.477696 11.188677 2.475061 7.483163 2.528551 6.512152 2.453880 3.535286 2.478965 3.629185 
2.492519 3.080654 2.492847 2.517063 2.487859 7.748523 2.486219 3.475587 2.515947 10.705342 
2.496910 2.717922 2.502207 11.282298 2.489921 10.596748 2.471601 3.805621 2.481607 10.713434 
2.529412 2.417509 2.456955 3.903493 2.488128 10.079504 2.509268 3.521216 2.505438 3.131281 
2.535767 7.205126 2.501648 6.183039 2.499258 3.254327 2.491511 7.359980 2.476512 7.421048 
2.520830 6.526408 2.514206 6.985881 2.518825 7.066411 2.496078 10.801028 2.445878 10.878857 
2.463993 7.283022 2.492071 6.383209 2.581623 9.715019 2.494030 10.315205 2.500933 2.992537 
2.504643 2.705939 2.506578 11.003676 2.470981 6.851519 2.538886 5.905494 2.537531 6.753531 
2.495827 4.262681 2.511149 3.602230 2.527187 2.482723 2.498240 3.946277 2.494067 11.073152 
2.512573 2.292995 2.486304 7.176134 2.539178 5.723956 2.499214 4.214751 2.551639 10.927705 
2.499305 7.430833 2.548732 2.506473 2.567455 7.885739 2.498235 11.163261 2.527870 6.592169 
2.457924 7.640407 2.443060 3.510633 2.498056 7.894237 2.527327 5.526412 2.554997 11.439058 
2.531988 7.176387 2.504036 11.632997 2.476690 3.693542 2.484662 9.809788 2.459839 11.371544 
2.471521 10.652782 2.473598 7.338472 2.464852 10.456324 2.531540 11.547393 2.507161 6.805401 
2.441084 11.580296 2.472546 11.521501 2.474490 8.045675 2.500850 3.696429 2.495505 11.043124 
2.490893 7.000112 2.534967 11.208455 2.477850 7.400382 2.463009 7.034518 2.542838 3.067236 
2.497315 11.954007 2.515652 4.119137 2.490730 6.214568 2.515753 8.474623 2.461250 7.880053 

Avg Classes:
2.501062 6.987991 2.500831 7.004122 2.500320 6.993248 2.501601 6.996249 2.500578 6.990609 
2.499498 7.005723 2.498374 7.006795 2.501292 7.002107 2.499690 7.004367 2.498954 6.983451 
2.499895 6.977804 2.500798 6.985700 2.497879 6.992608 2.496556 7.012830 2.497165 6.990719 
2.505279 7.053359 2.508546 7.025330 2.503622 7.027224 2.496757 7.017660 2.492969 7.021495 
2.515058 7.299356 2.473616 7.259717 2.514286 7.283912 2.472844 7.284170 2.470785 7.327413 
2.523547 7.069138 2.523547 7.098196 2.523547 7.013026 2.523547 6.972445 2.523547 6.891283 
2.484551 7.143258 2.502809 7.093399 2.549157 7.078652 2.497893 7.214185 2.465590 7.115169 
2.417391 6.704348 2.482609 6.821739 2.565217 6.452174 2.560870 6.960870 2.504348 6.700000 
2.416667 8.583333 2.416667 7.583333 2.416667 8.166667 2.416667 7.083333 2.416667 7.333333 
3.333333 7.666667 3.333333 7.666667 3.333333 12.000000 3.333333 8.000000 3.333333 11.666667 

Cluster 0 is class 0
Cluster 1 is class 0
Cluster 2 is class 0
Cluster 3 is class 0
Cluster 4 is class 0
Cluster 5 is class 0
Cluster 6 is class 0
Cluster 7 is class 8
Cluster 8 is class 8
Cluster 9 is class 0
Cluster 10 is class 7
Cluster 11 is class 0
Cluster 12 is class 0
Cluster 13 is class 0
Cluster 14 is class 0
Cluster 15 is class 0
Cluster 16 is class 0
Cluster 17 is class 0
Cluster 18 is class 0
Cluster 19 is class 8
Cluster 20 is class 0
Cluster 21 is class 9
Cluster 22 is class 0
Cluster 23 is class 7
Cluster 24 is class 0
Cluster 25 is class 0
Cluster 26 is class 0
Cluster 27 is class 0
Cluster 28 is class 8
Cluster 29 is class 0
Cluster 30 is class 0
Cluster 31 is class 8
Cluster 32 is class 8
Cluster 33 is class 8
Cluster 34 is class 8
Cluster 35 is class 7
Cluster 36 is class 8
Cluster 37 is class 0
Cluster 38 is class 9
Cluster 39 is class 0
Cluster 40 is class 0
Cluster 41 is class 0
Cluster 42 is class 0
Cluster 43 is class 0
Cluster 44 is class 7
Cluster 45 is class 0
Cluster 46 is class 0
Cluster 47 is class 0
Cluster 48 is class 0
Cluster 49 is class 8
Cluster 50 is class 4
Cluster 51 is class 0
Cluster 52 is class 3

Overall Accuracy is 0.367001

