----------------------------For Number of clusters 9----------------------------
Avg Clusters:
2.504418 8.498039 2.499911 4.501066 2.501085 10.319915 2.498788 4.053345 2.490409 5.962746 
2.505336 9.360720 2.503947 4.136777 2.491777 4.389445 2.504606 10.042990 2.496271 5.054546 
2.503957 3.696763 2.517252 10.362151 2.491658 8.530124 2.516515 4.187809 2.491933 8.348887 
2.501259 9.929838 2.482701 9.832126 2.504856 6.233052 2.497996 8.467287 2.502835 10.745847 
2.491677 3.136343 2.504690 8.662880 2.501305 3.678752 2.493838 9.750203 2.495817 6.165495 
2.495291 9.502432 2.497301 9.516094 2.502421 4.214302 2.496812 3.735572 2.489082 3.883064 
2.495198 4.310448 2.501853 3.847846 2.512243 10.106044 2.482140 10.137835 2.511118 8.382712 
2.503158 6.266243 2.489526 3.715375 2.503234 3.926539 2.499517 3.998883 2.512086 10.182749 
2.499408 7.777738 2.496901 10.049208 2.504309 10.446471 2.511920 9.848686 2.516413 3.477872 

Avg Classes:
2.501062 6.987991 2.500831 7.004122 2.500320 6.993248 2.501601 6.996249 2.500578 6.990609 
2.499498 7.005723 2.498374 7.006795 2.501292 7.002107 2.499690 7.004367 2.498954 6.983451 
2.499895 6.977804 2.500798 6.985700 2.497879 6.992608 2.496556 7.012830 2.497165 6.990719 
2.505279 7.053359 2.508546 7.025330 2.503622 7.027224 2.496757 7.017660 2.492969 7.021495 
2.515058 7.299356 2.473616 7.259717 2.514286 7.283912 2.472844 7.284170 2.470785 7.327413 
2.523547 7.069138 2.523547 7.098196 2.523547 7.013026 2.523547 6.972445 2.523547 6.891283 
2.484551 7.143258 2.502809 7.093399 2.549157 7.078652 2.497893 7.214185 2.465590 7.115169 
2.417391 6.704348 2.482609 6.821739 2.565217 6.452174 2.560870 6.960870 2.504348 6.700000 
2.416667 8.583333 2.416667 7.583333 2.416667 8.166667 2.416667 7.083333 2.416667 7.333333 
3.333333 7.666667 3.333333 7.666667 3.333333 12.000000 3.333333 8.000000 3.333333 11.666667 

Cluster 0 is class 0
Cluster 1 is class 0
Cluster 2 is class 0
Cluster 3 is class 8
Cluster 4 is class 7
Cluster 5 is class 0
Cluster 6 is class 0
Cluster 7 is class 0
Cluster 8 is class 8

Overall Accuracy is 0.360855

