----------------------------For Number of clusters 41----------------------------
Avg Clusters:
2.498944 3.622804 2.524671 3.811055 2.501809 7.248445 2.498973 10.579569 2.478310 3.912256 
2.490910 4.603966 2.519431 3.841171 2.504157 9.418119 2.514448 10.092548 2.481370 10.943159 
2.488411 7.589968 2.501760 3.857193 2.506865 2.638987 2.479724 10.257871 2.481467 5.037826 
2.499338 10.951111 2.506063 3.953837 2.498370 4.365485 2.476944 4.021400 2.493911 9.855676 
2.514050 9.729359 2.469280 10.329729 2.501723 3.401003 2.497913 9.728882 2.501051 10.331830 
2.503860 3.677412 2.512557 9.921611 2.492042 10.053086 2.516345 3.660043 2.502001 4.007291 
2.500000 10.366147 2.512499 9.714228 2.477223 10.187651 2.508324 3.701649 2.515470 10.071517 
2.481540 9.988139 2.474478 3.556034 2.517696 9.819763 2.503299 3.443611 2.491220 3.549381 
2.501986 3.902208 2.492359 10.712025 2.510373 9.636124 2.493884 10.603813 2.500270 7.516156 
2.516812 3.748319 2.515493 3.783037 2.501657 4.073587 2.470350 3.441005 2.486502 4.236398 
2.489493 10.468004 2.503038 10.175669 2.503651 3.759615 2.496544 4.126171 2.500641 3.599833 
2.495719 10.190421 2.483078 3.278459 2.485932 4.057012 2.497831 10.423880 2.529266 10.863217 
2.460840 9.439337 2.497807 3.264733 2.504231 10.861979 2.501808 3.681566 2.501039 10.690375 
2.501645 10.261814 2.466281 10.504776 2.503258 10.086765 2.516607 10.124786 2.511546 3.569431 
2.509471 3.065928 2.487547 4.381529 2.504969 9.658779 2.507236 3.311906 2.501739 10.093317 
2.490329 10.370253 2.532514 10.595082 2.516481 10.542350 2.504375 3.302767 2.506455 3.283566 
2.497738 3.174513 2.509413 10.230320 2.524824 3.743557 2.523365 4.209217 2.503400 10.214121 
2.505810 11.511346 2.512952 3.687513 2.494781 4.961969 2.540841 9.903824 2.514684 3.280710 
2.502027 3.385003 2.463899 3.507494 2.485107 10.986757 2.495664 4.668725 2.518428 3.238807 
2.505161 3.045547 2.484554 4.773734 2.494198 3.091810 2.494462 10.289218 2.504973 10.256028 
2.524028 10.897012 2.466511 4.003168 2.508273 10.779019 2.494603 10.610345 2.501104 9.581003 
2.505713 3.872664 2.501680 10.768450 2.492506 3.561534 2.483970 10.336739 2.521172 3.681308 
2.498663 3.732501 2.488439 9.717454 2.515913 10.949877 2.480208 10.323127 2.532533 2.558591 
2.507950 4.244302 2.505636 3.006202 2.524539 3.275757 2.500517 3.878513 2.513217 10.778784 
2.508888 10.523608 2.500889 3.682313 2.486113 3.045717 2.512165 3.404677 2.491668 3.423620 
2.536613 3.888428 2.474538 3.285033 2.514310 11.767811 2.475654 10.764465 2.524780 5.393693 
2.490111 7.702003 2.514928 7.735324 2.467750 3.122512 2.484883 3.173154 2.531053 10.261149 
2.520993 3.786426 2.497509 10.939928 2.487035 10.441266 2.488558 3.428024 2.472086 10.518455 
2.484747 3.456131 2.504670 10.924950 2.494898 4.036499 2.489120 10.656930 2.499055 10.841045 
2.511264 10.059449 2.515123 10.752295 2.509491 10.402691 2.516844 10.408636 2.484408 10.765071 
2.467596 10.145978 2.577581 3.654845 2.505172 10.991978 2.496992 10.495092 2.486700 3.053304 
2.531447 10.410176 2.517044 6.569371 2.533322 10.848304 2.483382 6.558974 2.495142 5.578405 
2.523075 10.724432 2.470663 11.367521 2.517277 3.685587 2.493275 3.264031 2.471765 10.346011 
2.483851 3.863349 2.479932 10.460147 2.494995 3.314808 2.528615 3.354755 2.464350 3.527529 
2.483318 3.255369 2.559300 9.225922 2.503782 10.946035 2.488451 8.825274 2.524585 11.609888 
2.457031 2.432302 2.458874 5.462407 2.491283 2.790031 2.546963 8.896091 2.503725 3.518317 
2.499062 7.432121 2.470654 7.642509 2.503750 6.363398 2.494656 7.511626 2.514438 2.905213 
2.507570 10.704219 2.483325 10.664512 2.492646 3.257583 2.489467 10.860514 2.491461 3.541135 
2.535625 6.825907 2.507586 2.567217 2.446802 8.940081 2.522662 6.036681 2.479739 7.417227 
2.536187 7.258282 2.513005 11.394177 2.473761 6.640413 2.532810 5.704664 2.484439 7.235101 
2.505779 10.618694 2.547239 7.619978 2.510824 6.097505 2.473950 11.242066 2.461016 7.568244 

Avg Classes:
2.501062 6.987991 2.500831 7.004122 2.500320 6.993248 2.501601 6.996249 2.500578 6.990609 
2.499498 7.005723 2.498374 7.006795 2.501292 7.002107 2.499690 7.004367 2.498954 6.983451 
2.499895 6.977804 2.500798 6.985700 2.497879 6.992608 2.496556 7.012830 2.497165 6.990719 
2.505279 7.053359 2.508546 7.025330 2.503622 7.027224 2.496757 7.017660 2.492969 7.021495 
2.515058 7.299356 2.473616 7.259717 2.514286 7.283912 2.472844 7.284170 2.470785 7.327413 
2.523547 7.069138 2.523547 7.098196 2.523547 7.013026 2.523547 6.972445 2.523547 6.891283 
2.484551 7.143258 2.502809 7.093399 2.549157 7.078652 2.497893 7.214185 2.465590 7.115169 
2.417391 6.704348 2.482609 6.821739 2.565217 6.452174 2.560870 6.960870 2.504348 6.700000 
2.416667 8.583333 2.416667 7.583333 2.416667 8.166667 2.416667 7.083333 2.416667 7.333333 
3.333333 7.666667 3.333333 7.666667 3.333333 12.000000 3.333333 8.000000 3.333333 11.666667 

Cluster 0 is class 0
Cluster 1 is class 0
Cluster 2 is class 0
Cluster 3 is class 0
Cluster 4 is class 4
Cluster 5 is class 0
Cluster 6 is class 8
Cluster 7 is class 8
Cluster 8 is class 0
Cluster 9 is class 7
Cluster 10 is class 0
Cluster 11 is class 0
Cluster 12 is class 9
Cluster 13 is class 8
Cluster 14 is class 0
Cluster 15 is class 8
Cluster 16 is class 0
Cluster 17 is class 0
Cluster 18 is class 0
Cluster 19 is class 0
Cluster 20 is class 8
Cluster 21 is class 0
Cluster 22 is class 5
Cluster 23 is class 0
Cluster 24 is class 7
Cluster 25 is class 0
Cluster 26 is class 0
Cluster 27 is class 0
Cluster 28 is class 4
Cluster 29 is class 9
Cluster 30 is class 4
Cluster 31 is class 8
Cluster 32 is class 8
Cluster 33 is class 0
Cluster 34 is class 9
Cluster 35 is class 7
Cluster 36 is class 7
Cluster 37 is class 0
Cluster 38 is class 0
Cluster 39 is class 0
Cluster 40 is class 0

Overall Accuracy is 0.318451

