----------------------------For Number of clusters 97----------------------------
Avg Clusters:
2.495151 3.700216 2.515250 10.483041 2.496608 3.454500 2.484850 10.740415 2.491533 11.096427 
2.514357 3.157263 2.495743 10.529692 2.502142 10.598117 2.494315 10.499603 2.489451 3.086299 
2.483867 10.923318 2.491313 3.639147 2.492706 3.325887 2.513869 8.278772 2.525321 10.746527 
2.503031 10.799702 2.477345 4.966557 2.521627 8.521525 2.498716 7.451762 2.506781 2.469023 
2.499088 7.907488 2.494528 3.353886 2.525281 11.173067 2.486574 10.593171 2.509525 10.355304 
2.527624 3.599068 2.506879 3.029087 2.500271 11.143917 2.479634 7.973351 2.487704 3.391724 
2.472784 9.967207 2.501710 5.465609 2.491171 10.490835 2.506362 2.800661 2.509446 11.178149 
2.505383 10.611151 2.508617 2.924596 2.476225 3.057253 2.523727 9.226937 2.522568 3.560705 
2.484395 7.055477 2.539535 3.469633 2.499764 7.313920 2.511830 11.399933 2.419953 3.038557 
2.520621 8.537233 2.497082 3.674684 2.496953 3.481367 2.461356 11.764993 2.478481 10.194279 
2.493857 10.577341 2.519301 10.444936 2.510674 11.262299 2.518155 3.877860 2.494676 3.216762 
2.522107 2.878109 2.481774 3.525415 2.515745 2.830015 2.489471 10.090146 2.488072 10.389592 
2.480402 10.837974 2.493594 10.909553 2.525491 10.369736 2.502514 10.653620 2.501703 9.387576 
2.493370 3.072866 2.474747 6.970407 2.520673 3.497649 2.496866 10.097457 2.493551 2.805268 
2.522606 3.450909 2.502242 10.504667 2.466303 2.829455 2.526606 3.724364 2.498182 7.357879 
2.492211 3.901946 2.487521 2.725244 2.514581 3.798825 2.520673 3.020915 2.506064 10.032775 
2.512967 3.137019 2.533961 10.137959 2.511203 10.959835 2.496266 3.951132 2.483034 11.082388 
2.484416 8.080268 2.520969 6.575513 2.539590 3.207861 2.506933 3.113498 2.488942 3.299645 
2.469384 3.379992 2.525072 2.986960 2.511213 11.150813 2.494330 3.838478 2.492629 10.716203 
2.507716 7.051847 2.492024 3.723686 2.496272 3.754292 2.501647 6.374198 2.447026 7.151639 
2.480202 3.575294 2.500612 11.306146 2.455129 5.099679 2.524538 7.400627 2.539520 2.965525 
2.498288 10.798528 2.490129 10.880977 2.467420 3.130321 2.528928 10.142246 2.518373 7.546274 
2.509723 11.388577 2.474656 2.257505 2.522171 10.542348 2.487837 5.158571 2.479375 9.968025 
2.491710 3.094757 2.519073 10.351395 2.493732 10.625286 2.490497 10.652379 2.523116 11.054118 
2.501664 11.118170 2.461490 10.568526 2.510560 3.754419 2.497991 2.894628 2.508379 10.304236 
2.531148 11.031771 2.500389 2.882261 2.503037 4.819966 2.500857 2.834917 2.475315 3.119452 
2.493096 10.681956 2.490070 3.371666 2.449688 6.668148 2.445716 2.829204 2.499905 7.733119 
2.504817 3.869313 2.480285 2.763069 2.463782 3.050669 2.528814 5.049866 2.487957 2.737467 
2.510362 2.561837 2.526024 6.914812 2.501098 4.905644 2.480088 2.814249 2.445134 4.162926 
2.510363 10.854713 2.471184 11.190319 2.477725 7.447428 2.511809 9.997865 2.494732 2.917235 
2.488666 10.255246 2.486981 9.141232 2.527598 11.781242 2.501559 10.898037 2.513441 3.438106 
2.500000 6.183858 2.477244 10.463526 2.519247 6.520949 2.506806 11.657274 2.575287 4.015100 
2.526105 10.579535 2.478079 10.226619 2.521311 3.557221 2.488974 10.409570 2.486446 11.920335 
2.514589 2.273222 2.489694 3.677969 2.478808 9.477113 2.517801 11.684215 2.533684 4.417328 
2.473701 5.958437 2.551994 7.282078 2.499074 10.328071 2.540556 5.829400 2.504148 6.343214 
2.578355 6.124198 2.487569 10.960850 2.510519 5.045787 2.473057 7.710654 2.482619 8.643604 
2.455059 10.891945 2.504420 3.490177 2.482195 2.014858 2.521488 2.899435 2.502456 8.297274 
2.504673 8.554996 2.516984 11.282171 2.519410 7.393152 2.503415 3.303019 2.450665 6.607477 
2.501298 11.345572 2.479090 10.325154 2.491896 2.869347 2.508283 6.087132 2.476851 2.733411 
2.476962 10.980191 2.538024 2.906037 2.499010 11.480493 2.487383 10.906037 2.497287 4.123417 
2.504021 4.848503 2.573127 2.608903 2.510430 7.067009 2.489687 10.682904 2.532339 7.909568 
2.525827 2.753530 2.482931 5.440661 2.481859 8.051832 2.477748 7.412779 2.544057 10.841466 
2.474234 2.564259 2.468129 3.455712 2.523282 11.610306 2.522144 10.588473 2.473924 10.379863 
2.489532 6.788666 2.538529 7.581278 2.510578 6.445687 2.518360 3.621287 2.490409 11.387701 
2.436178 2.155841 2.545821 11.157981 2.527820 5.065836 2.550478 5.592397 2.480363 11.310171 
2.496328 3.338842 2.465113 6.964831 2.485169 2.307486 2.465678 6.195480 2.571893 11.234605 
2.465951 10.378148 2.474697 11.448927 2.500000 3.190765 2.459888 2.256880 2.528801 4.109025 
2.478422 3.840377 2.517431 2.500953 2.484475 2.678511 2.485484 11.350297 2.546688 3.896312 
2.444699 10.657157 2.483283 3.306548 2.496035 11.392463 2.491049 2.921605 2.539688 3.301643 
2.494454 3.183607 2.486083 9.789118 2.485874 11.223439 2.503662 3.051064 2.519498 2.893966 
2.535403 2.907327 2.437902 3.690837 2.476619 10.797047 2.498769 2.479175 2.497349 4.347785 
2.421813 9.135478 2.500117 6.495656 2.521954 2.631956 2.528293 11.335760 2.482038 3.454097 
2.562534 11.652205 2.495280 5.412598 2.472772 9.568252 2.549555 10.361318 2.514975 11.244237 
2.488783 11.392870 2.507043 10.888087 2.490348 11.253391 2.462957 4.047739 2.513391 9.777739 
2.455734 2.078250 2.551412 3.200244 2.491635 3.939003 2.524747 7.143604 2.432032 6.241896 
2.463372 3.221355 2.527814 6.606271 2.561335 8.312527 2.469874 6.808987 2.502818 2.431152 
2.488148 11.533794 2.529866 2.488826 2.512800 7.606664 2.475146 10.928078 2.467967 7.296627 
2.518278 2.420711 2.484467 10.890705 2.507049 6.905802 2.506800 11.169931 2.505926 7.209607 
2.519515 3.850432 2.529830 7.174240 2.516309 10.642459 2.438946 11.540006 2.445637 7.413159 
2.502106 6.877599 2.539089 11.436299 2.513030 10.683338 2.488681 6.889313 2.596473 2.919979 
2.551694 11.433959 2.541044 7.652862 2.541340 3.218903 2.442538 4.627718 2.485283 6.872652 
2.493493 6.700389 2.516168 7.711928 2.490675 7.002147 2.510935 11.215215 2.472427 11.152959 
2.450469 3.055961 2.499652 8.157977 2.562044 2.767292 2.549009 8.917796 2.537018 6.826555 
2.515003 6.766169 2.480693 3.685236 2.542857 9.421160 2.539271 3.000239 2.471488 2.611835 
2.496817 6.149992 2.475273 11.577771 2.530929 11.398890 2.523094 10.281704 2.497144 7.578913 
2.520093 3.257217 2.484404 11.593065 2.487306 2.276948 2.480052 11.435224 2.498912 4.298709 
2.593855 12.113151 2.475272 7.987448 2.488572 3.776883 2.487074 11.301424 2.571562 2.683215 
2.553153 7.920382 2.523483 11.387356 2.466677 10.176979 2.589981 2.646340 2.483823 11.543760 
2.496728 6.169145 2.502479 7.566131 2.457862 2.409082 2.466984 11.667063 2.510410 7.882213 
2.565736 11.706806 2.497818 8.107621 2.458988 8.599622 2.463351 2.586824 2.521960 5.232984 
2.567077 11.026410 2.557194 6.212735 2.521063 11.649060 2.533701 6.002268 2.441834 7.066591 
2.474851 11.298516 2.521488 7.087300 2.565620 6.397957 2.505685 8.046252 2.375602 7.441704 
2.512290 3.059994 2.461352 2.982374 2.502426 6.915427 2.566947 11.281695 2.467012 11.682406 
2.482856 6.367401 2.469770 6.334438 2.516813 11.406328 2.465629 10.915355 2.535531 2.553421 
2.556641 3.333876 2.487875 2.281216 2.493485 8.371878 2.427434 5.205755 2.524611 7.116359 
2.539191 3.067088 2.575107 2.461712 2.492659 6.166253 2.422860 2.390558 2.460583 3.152022 
2.467893 9.404348 2.505351 10.751171 2.514047 7.129264 2.521070 3.003846 2.497157 1.974749 
2.549466 7.529230 2.485807 11.118184 2.474002 2.247611 2.473581 4.928471 2.469084 11.333474 
2.507367 2.263711 2.499591 10.920600 2.495634 10.825102 2.499181 6.126467 2.451569 6.682265 
2.511410 7.138582 2.489648 2.366178 2.512921 7.159438 2.460934 5.816533 2.591960 11.708327 
2.466058 10.859041 2.479967 7.319493 2.462113 7.618850 2.466265 11.974050 2.535603 6.382396 
2.509363 6.942017 2.528088 6.708279 2.483081 2.219612 2.496551 2.458279 2.490145 11.003449 
2.519384 8.806331 2.469274 2.177755 2.435585 10.933807 2.493990 6.914847 2.539021 5.429660 
2.507375 7.917718 2.511640 11.677448 2.470411 8.486760 2.524436 7.828683 2.514128 11.635330 
2.462016 3.715551 2.497592 11.262079 2.483144 6.572627 2.539071 2.469007 2.465124 2.894671 
2.485367 6.933002 2.473403 8.357077 2.492361 11.958770 2.476716 7.680471 2.494018 11.484263 
2.511191 6.838098 2.513315 3.424114 2.453521 10.774873 2.520176 2.251920 2.452214 7.962588 
2.501866 7.207160 2.521887 11.220903 2.477095 2.412284 2.488124 6.929080 2.490329 4.027995 
2.461963 4.420434 2.480154 11.687431 2.490996 4.621095 2.551635 1.870452 2.463065 11.097758 
2.556797 6.171810 2.470058 10.923103 2.475396 11.510592 2.461885 2.417848 2.525605 6.828357 
2.476686 10.698959 2.485740 3.187566 2.524672 4.091595 2.511996 2.584276 2.535386 12.085408 
2.503128 2.020182 2.500505 7.068012 2.547326 4.429465 2.499294 2.189506 2.545308 11.043996 
2.488363 3.815128 2.469970 10.954392 2.547485 2.097598 2.473161 2.995683 2.481044 2.485548 
2.502503 2.614686 2.479696 6.600223 2.454849 9.150195 2.547376 2.244391 2.514927 9.798999 
2.459980 8.926450 2.514848 11.579941 2.569912 2.461357 2.444051 11.516421 2.470206 2.835595 
2.574496 2.478415 2.431702 11.604383 2.566748 8.159619 2.469338 2.567855 2.511180 7.410007 
2.451918 11.821951 2.528127 9.797695 2.482711 6.691381 2.531567 5.835025 2.506279 11.334251 

Avg Classes:
2.501062 6.987991 2.500831 7.004122 2.500320 6.993248 2.501601 6.996249 2.500578 6.990609 
2.499498 7.005723 2.498374 7.006795 2.501292 7.002107 2.499690 7.004367 2.498954 6.983451 
2.499895 6.977804 2.500798 6.985700 2.497879 6.992608 2.496556 7.012830 2.497165 6.990719 
2.505279 7.053359 2.508546 7.025330 2.503622 7.027224 2.496757 7.017660 2.492969 7.021495 
2.515058 7.299356 2.473616 7.259717 2.514286 7.283912 2.472844 7.284170 2.470785 7.327413 
2.523547 7.069138 2.523547 7.098196 2.523547 7.013026 2.523547 6.972445 2.523547 6.891283 
2.484551 7.143258 2.502809 7.093399 2.549157 7.078652 2.497893 7.214185 2.465590 7.115169 
2.417391 6.704348 2.482609 6.821739 2.565217 6.452174 2.560870 6.960870 2.504348 6.700000 
2.416667 8.583333 2.416667 7.583333 2.416667 8.166667 2.416667 7.083333 2.416667 7.333333 
3.333333 7.666667 3.333333 7.666667 3.333333 12.000000 3.333333 8.000000 3.333333 11.666667 

Cluster 0 is class 0
Cluster 1 is class 0
Cluster 2 is class 0
Cluster 3 is class 8
Cluster 4 is class 9
Cluster 5 is class 0
Cluster 6 is class 8
Cluster 7 is class 0
Cluster 8 is class 0
Cluster 9 is class 0
Cluster 10 is class 8
Cluster 11 is class 7
Cluster 12 is class 8
Cluster 13 is class 7
Cluster 14 is class 7
Cluster 15 is class 0
Cluster 16 is class 9
Cluster 17 is class 0
Cluster 18 is class 9
Cluster 19 is class 0
Cluster 20 is class 7
Cluster 21 is class 0
Cluster 22 is class 4
Cluster 23 is class 9
Cluster 24 is class 8
Cluster 25 is class 0
Cluster 26 is class 0
Cluster 27 is class 7
Cluster 28 is class 7
Cluster 29 is class 8
Cluster 30 is class 8
Cluster 31 is class 0
Cluster 32 is class 0
Cluster 33 is class 0
Cluster 34 is class 0
Cluster 35 is class 0
Cluster 36 is class 0
Cluster 37 is class 0
Cluster 38 is class 5
Cluster 39 is class 8
Cluster 40 is class 0
Cluster 41 is class 0
Cluster 42 is class 9
Cluster 43 is class 0
Cluster 44 is class 0
Cluster 45 is class 0
Cluster 46 is class 0
Cluster 47 is class 0
Cluster 48 is class 0
Cluster 49 is class 0
Cluster 50 is class 0
Cluster 51 is class 0
Cluster 52 is class 9
Cluster 53 is class 8
Cluster 54 is class 0
Cluster 55 is class 7
Cluster 56 is class 0
Cluster 57 is class 0
Cluster 58 is class 0
Cluster 59 is class 4
Cluster 60 is class 0
Cluster 61 is class 0
Cluster 62 is class 7
Cluster 63 is class 0
Cluster 64 is class 4
Cluster 65 is class 7
Cluster 66 is class 0
Cluster 67 is class 8
Cluster 68 is class 0
Cluster 69 is class 8
Cluster 70 is class 8
Cluster 71 is class 8
Cluster 72 is class 0
Cluster 73 is class 0
Cluster 74 is class 0
Cluster 75 is class 0
Cluster 76 is class 0
Cluster 77 is class 0
Cluster 78 is class 0
Cluster 79 is class 0
Cluster 80 is class 4
Cluster 81 is class 0
Cluster 82 is class 0
Cluster 83 is class 9
Cluster 84 is class 7
Cluster 85 is class 9
Cluster 86 is class 0
Cluster 87 is class 0
Cluster 88 is class 0
Cluster 89 is class 0
Cluster 90 is class 0
Cluster 91 is class 0
Cluster 92 is class 7
Cluster 93 is class 0
Cluster 94 is class 7
Cluster 95 is class 0
Cluster 96 is class 8

Overall Accuracy is 0.296603

