----------------------------For Number of clusters 96----------------------------
Avg Clusters:
2.487801 4.364609 2.504587 3.131926 2.509715 2.919995 2.492168 10.635271 2.523617 5.020592 
2.499134 10.971479 2.495293 6.296680 2.503910 3.648480 2.509109 10.963471 2.484007 3.500070 
2.478360 4.334121 2.496456 2.920883 2.528772 3.496278 2.502117 3.480276 2.501092 10.533541 
2.484874 3.396466 2.491279 4.125179 2.487219 6.720192 2.525819 9.934351 2.482072 2.592440 
2.476892 6.225333 2.519795 10.371211 2.503285 7.281376 2.517476 6.257854 2.562034 2.901828 
2.492903 10.970861 2.530452 7.375167 2.532273 2.914296 2.488832 3.592426 2.459800 4.785152 
2.523723 8.175564 2.532858 10.827919 2.456352 9.839852 2.536340 7.614559 2.530517 11.380645 
2.523926 2.970006 2.538075 6.764070 2.511350 10.996730 2.473181 7.787273 2.503113 4.194240 
2.490793 10.705488 2.459703 10.373191 2.522301 9.354060 2.502690 11.432739 2.513691 3.492048 
2.527485 2.737638 2.495168 3.025853 2.509789 10.192646 2.471762 3.287902 2.471762 9.535705 
2.522076 11.325097 2.468260 8.840750 2.510561 2.880331 2.515711 9.928303 2.530178 10.800995 
2.509836 9.808235 2.511114 10.803679 2.496944 11.022838 2.494943 2.715548 2.475884 9.786008 
2.500000 6.486994 2.527313 3.534155 2.517360 10.448598 2.506899 11.100656 2.504298 10.710586 
2.459975 10.115945 2.510786 6.289772 2.521067 11.256255 2.513639 2.929577 2.478933 3.463422 
2.500857 11.031787 2.508951 3.069838 2.507710 6.588833 2.498848 3.641241 2.505997 10.413294 
2.478866 10.081676 2.536860 2.700025 2.492106 7.537668 2.522004 10.965316 2.482596 4.147004 
2.504509 3.294872 2.488755 9.888961 2.468383 3.382388 2.531671 3.015374 2.439809 3.294926 
2.523589 3.100905 2.530843 2.957443 2.498748 4.905963 2.479813 3.679312 2.469157 3.477566 
2.495726 2.752953 2.461688 3.369055 2.530463 10.828956 2.482437 11.219226 2.497125 6.773624 
2.490979 11.139471 2.503951 2.890952 2.461280 3.405308 2.478730 10.282695 2.515080 8.176808 
2.514302 10.084442 2.473366 11.293234 2.511276 3.281188 2.466058 3.291636 2.495061 10.648473 
2.525154 11.863625 2.495454 9.468785 2.517534 8.868300 2.468525 4.774353 2.516582 7.485670 
2.518428 2.646501 2.497073 10.501979 2.524840 3.508113 2.514469 6.282353 2.503485 10.517145 
2.506189 10.830937 2.500680 11.426129 2.508120 3.221435 2.508407 9.020605 2.489161 2.984331 
2.514496 10.719650 2.482786 5.818905 2.471814 7.176062 2.520838 6.662170 2.472418 3.320717 
2.502063 10.128908 2.477583 2.965802 2.510865 2.811497 2.496378 7.191803 2.509948 11.452462 
2.530013 2.767664 2.484704 4.127206 2.493561 3.023915 2.496219 9.888737 2.515773 10.980446 
2.536012 3.448650 2.417706 6.605794 2.486680 10.146201 2.513320 2.423536 2.509911 2.877926 
2.529000 3.233802 2.498649 8.284596 2.457002 8.292010 2.504885 10.827455 2.495808 11.143510 
2.469918 10.346892 2.500732 4.447577 2.507588 11.738079 2.474848 3.522687 2.482937 10.510130 
2.505657 3.070469 2.500114 11.351431 2.480522 10.793834 2.519629 6.197737 2.479915 7.431392 
2.511305 7.647419 2.498784 3.093415 2.485542 3.249887 2.487524 2.969732 2.501847 3.713810 
2.533401 2.957969 2.509424 10.871380 2.512819 7.388243 2.491442 11.325486 2.511663 3.387232 
2.511281 7.111809 2.520197 2.636554 2.510007 10.496270 2.440775 6.360080 2.481259 2.858624 
2.485654 4.225890 2.479992 10.737357 2.523846 11.962672 2.463103 10.694175 2.492371 3.117743 
2.441196 6.521041 2.518494 3.614064 2.465781 9.886157 2.540642 3.200221 2.531451 11.604651 
2.508100 6.223242 2.491244 7.638543 2.474670 3.402098 2.480288 8.414833 2.487967 7.126135 
2.497159 10.716546 2.538764 11.363605 2.500481 10.037497 2.519011 2.966524 2.504764 2.825540 
2.504201 10.538415 2.445693 11.538921 2.461686 3.522320 2.492661 2.931774 2.528900 2.988055 
2.551190 10.578754 2.503424 6.485533 2.462934 7.294470 2.458483 10.999230 2.467643 10.452919 
2.497561 5.086642 2.543826 10.655956 2.503869 6.293405 2.534573 2.648890 2.446417 10.886440 
2.469200 3.713494 2.498227 9.131841 2.482827 2.298803 2.522934 2.214491 2.526701 10.242965 
2.484293 4.034585 2.521334 9.268086 2.482554 2.620485 2.483782 11.712780 2.482963 10.821754 
2.492654 2.363924 2.465077 6.677667 2.511641 7.125904 2.525882 3.511189 2.517405 10.596971 
2.501178 11.227247 2.453709 2.324318 2.516553 10.169117 2.516665 3.033778 2.510717 6.161037 
2.510037 2.834811 2.466795 10.405152 2.458765 2.610656 2.510622 9.217631 2.544162 2.950569 
2.447514 6.801450 2.471110 10.060428 2.540861 3.142380 2.439687 11.745626 2.492749 3.197284 
2.484161 11.657485 2.476745 2.539146 2.550376 10.100222 2.498994 10.813434 2.516050 10.008793 
2.481279 7.096459 2.478868 6.204975 2.444346 7.082879 2.455895 2.985785 2.563777 7.450184 
2.482655 7.558595 2.462864 3.211697 2.481210 3.538692 2.463531 11.516567 2.484323 11.204247 
2.477451 3.598321 2.542676 11.388440 2.563233 11.435583 2.483156 11.174147 2.518674 10.049295 
2.516179 11.065999 2.475347 7.402542 2.514766 11.667052 2.521828 9.945686 2.489985 10.938880 
2.419369 3.350381 2.523939 7.272252 2.562677 11.655604 2.505005 6.618281 2.469641 10.966921 
2.454403 9.760423 2.495615 11.535864 2.490208 3.551724 2.488165 11.416436 2.500781 7.651448 
2.535286 10.445631 2.536366 5.789966 2.491599 11.595295 2.510202 8.842415 2.465554 6.084854 
2.529179 2.853406 2.509300 11.417810 2.563009 8.092188 2.513485 2.379679 2.506859 6.021158 
2.468593 8.820424 2.565446 11.259088 2.501092 11.723699 2.474502 7.426461 2.530379 5.104175 
2.494879 6.161779 2.504981 5.539357 2.457556 2.550302 2.476077 7.012768 2.499509 2.354287 
2.535092 11.686232 2.447855 10.530964 2.497218 10.439239 2.503680 7.498833 2.514809 2.366900 
2.530017 7.199358 2.494986 11.707314 2.497259 3.948523 2.463565 10.224629 2.465704 11.564247 
2.504058 10.586592 2.527353 6.116054 2.492463 2.584484 2.508064 2.820070 2.541267 10.975018 
2.473391 11.199081 2.450683 2.411675 2.462664 2.728337 2.524798 3.181945 2.518111 7.206882 
2.498607 11.457411 2.441871 11.658115 2.573670 7.864096 2.522064 10.654156 2.434687 9.934320 
2.509735 2.890763 2.507018 2.603124 2.496378 6.912497 2.550374 10.688816 2.455966 10.496491 
2.488990 7.104922 2.551975 7.529469 2.474741 3.214216 2.495628 6.642649 2.507610 11.561043 
2.491284 10.001282 2.508972 2.979749 2.523071 11.871059 2.460138 11.605742 2.541784 3.599974 
2.470957 5.797604 2.448252 2.627803 2.410224 11.028556 2.541858 6.758044 2.518735 7.421507 
2.473516 2.489087 2.497984 2.246629 2.525650 11.052273 2.496594 4.343667 2.544001 3.146670 
2.456694 2.645623 2.473799 11.978541 2.536775 6.079925 2.517027 10.599440 2.528534 9.421085 
2.532167 3.957901 2.497776 9.086718 2.493922 11.529351 2.494071 2.090276 2.497184 11.250371 
2.515382 11.695191 2.493578 2.620818 2.531511 5.416667 2.485514 3.254779 2.446535 2.492384 
2.496560 10.531871 2.518369 2.430482 2.492406 2.786706 2.563157 8.001947 2.539400 2.700766 
2.531017 10.524282 2.458348 2.423609 2.495923 10.966147 2.500886 7.095711 2.484580 11.345445 
2.547567 3.786638 2.554829 3.432244 2.494553 11.248221 2.510530 11.332607 2.479593 2.113725 
2.493823 2.548305 2.469750 2.722046 2.500000 11.121318 2.488122 8.103104 2.526766 11.469591 
2.506569 2.580893 2.537350 11.976727 2.510323 9.852102 2.502815 4.357170 2.493056 11.631944 
2.524105 7.442497 2.461236 6.934260 2.545867 10.307541 2.550552 11.139187 2.492670 3.009370 
2.474104 11.657531 2.480363 4.454683 2.460509 11.343548 2.521364 7.898360 2.552870 1.946914 
2.520228 2.453914 2.501599 5.747949 2.529265 2.573613 2.445016 4.096483 2.512582 6.452940 
2.469199 2.729274 2.517309 10.818392 2.543050 2.345287 2.521392 11.200426 2.465826 6.807740 
2.502584 6.530486 2.498794 2.682570 2.471581 10.721323 2.526008 2.058388 2.476231 5.433517 
2.522623 10.795134 2.526480 11.238837 2.489987 4.406765 2.516392 6.262572 2.452158 7.290313 
2.518269 6.732776 2.465734 8.390293 2.484821 11.026177 2.483548 11.665515 2.522814 8.235957 
2.520545 6.657439 2.480536 11.368080 2.427119 7.841912 2.564879 10.833478 2.471453 6.158953 
2.495917 4.971944 2.503820 11.248024 2.480769 11.533720 2.496970 2.698103 2.517782 2.875790 
2.473357 2.759398 2.516672 6.659366 2.474828 6.224747 2.486433 10.684864 2.490029 6.539229 
2.465095 11.360494 2.557336 11.419089 2.501946 11.964065 2.518196 10.864042 2.506981 8.670176 
2.459512 11.522601 2.503263 1.802756 2.509790 10.409475 2.447184 6.389896 2.540488 3.979937 
2.627723 6.469472 2.539439 2.806436 2.547360 6.570132 2.483828 6.876238 2.485974 10.117327 
2.456560 9.763032 2.493918 5.779105 2.537793 7.124891 2.496308 2.248045 2.518679 2.299739 
2.540239 6.313248 2.555510 11.812629 2.445728 2.738960 2.490508 6.744119 2.598432 7.118448 
2.473426 8.134328 2.502366 11.058973 2.520022 6.602839 2.523662 2.386604 2.474154 5.777394 
2.466830 6.682823 2.547241 11.089346 2.606210 2.004467 2.512843 3.625195 2.468841 4.998660 
2.559309 3.187125 2.457958 7.692943 2.448761 11.596096 2.487050 2.776464 2.524212 6.877815 
2.485461 10.888664 2.497279 7.903903 2.472555 7.488415 2.542684 3.220650 2.486239 11.831441 
2.459855 2.020548 2.512367 11.194254 2.437976 9.712709 2.502473 5.613014 2.477359 2.317161 

Avg Classes:
2.501062 6.987991 2.500831 7.004122 2.500320 6.993248 2.501601 6.996249 2.500578 6.990609 
2.499498 7.005723 2.498374 7.006795 2.501292 7.002107 2.499690 7.004367 2.498954 6.983451 
2.499895 6.977804 2.500798 6.985700 2.497879 6.992608 2.496556 7.012830 2.497165 6.990719 
2.505279 7.053359 2.508546 7.025330 2.503622 7.027224 2.496757 7.017660 2.492969 7.021495 
2.515058 7.299356 2.473616 7.259717 2.514286 7.283912 2.472844 7.284170 2.470785 7.327413 
2.523547 7.069138 2.523547 7.098196 2.523547 7.013026 2.523547 6.972445 2.523547 6.891283 
2.484551 7.143258 2.502809 7.093399 2.549157 7.078652 2.497893 7.214185 2.465590 7.115169 
2.417391 6.704348 2.482609 6.821739 2.565217 6.452174 2.560870 6.960870 2.504348 6.700000 
2.416667 8.583333 2.416667 7.583333 2.416667 8.166667 2.416667 7.083333 2.416667 7.333333 
3.333333 7.666667 3.333333 7.666667 3.333333 12.000000 3.333333 8.000000 3.333333 11.666667 

Cluster 0 is class 7
Cluster 1 is class 0
Cluster 2 is class 0
Cluster 3 is class 2
Cluster 4 is class 0
Cluster 5 is class 5
Cluster 6 is class 9
Cluster 7 is class 0
Cluster 8 is class 8
Cluster 9 is class 0
Cluster 10 is class 0
Cluster 11 is class 8
Cluster 12 is class 9
Cluster 13 is class 8
Cluster 14 is class 0
Cluster 15 is class 0
Cluster 16 is class 5
Cluster 17 is class 0
Cluster 18 is class 0
Cluster 19 is class 0
Cluster 20 is class 0
Cluster 21 is class 8
Cluster 22 is class 0
Cluster 23 is class 0
Cluster 24 is class 8
Cluster 25 is class 0
Cluster 26 is class 7
Cluster 27 is class 0
Cluster 28 is class 4
Cluster 29 is class 8
Cluster 30 is class 4
Cluster 31 is class 0
Cluster 32 is class 0
Cluster 33 is class 0
Cluster 34 is class 0
Cluster 35 is class 9
Cluster 36 is class 0
Cluster 37 is class 8
Cluster 38 is class 0
Cluster 39 is class 4
Cluster 40 is class 0
Cluster 41 is class 0
Cluster 42 is class 0
Cluster 43 is class 0
Cluster 44 is class 8
Cluster 45 is class 7
Cluster 46 is class 0
Cluster 47 is class 8
Cluster 48 is class 0
Cluster 49 is class 4
Cluster 50 is class 9
Cluster 51 is class 9
Cluster 52 is class 9
Cluster 53 is class 0
Cluster 54 is class 8
Cluster 55 is class 0
Cluster 56 is class 8
Cluster 57 is class 0
Cluster 58 is class 8
Cluster 59 is class 0
Cluster 60 is class 0
Cluster 61 is class 0
Cluster 62 is class 8
Cluster 63 is class 0
Cluster 64 is class 0
Cluster 65 is class 4
Cluster 66 is class 0
Cluster 67 is class 2
Cluster 68 is class 0
Cluster 69 is class 9
Cluster 70 is class 0
Cluster 71 is class 0
Cluster 72 is class 9
Cluster 73 is class 0
Cluster 74 is class 9
Cluster 75 is class 0
Cluster 76 is class 0
Cluster 77 is class 8
Cluster 78 is class 7
Cluster 79 is class 0
Cluster 80 is class 0
Cluster 81 is class 8
Cluster 82 is class 4
Cluster 83 is class 0
Cluster 84 is class 0
Cluster 85 is class 0
Cluster 86 is class 9
Cluster 87 is class 8
Cluster 88 is class 0
Cluster 89 is class 0
Cluster 90 is class 0
Cluster 91 is class 0
Cluster 92 is class 0
Cluster 93 is class 0
Cluster 94 is class 8
Cluster 95 is class 0

Overall Accuracy is 0.293082

