----------------------------For Number of clusters 70----------------------------
Avg Clusters:
2.506653 3.372328 2.555148 10.749709 2.507889 10.590010 2.498909 9.572343 2.501890 10.196852 
2.513807 10.881524 2.483161 10.339289 2.501288 3.641183 2.492029 9.670655 2.503603 9.049848 
2.495362 4.347379 2.522902 7.971993 2.525095 3.144855 2.498023 4.640289 2.510175 10.318005 
2.497299 3.683652 2.509492 3.978831 2.501986 10.187306 2.506116 10.148384 2.484709 11.156327 
2.516647 6.157190 2.506309 9.846368 2.515869 3.253682 2.481018 10.965927 2.462231 10.981769 
2.506438 10.666480 2.487312 3.946927 2.491841 3.732315 2.455648 2.797328 2.472303 5.364024 
2.522925 4.854469 2.524971 10.358276 2.483381 10.206205 2.506389 2.928123 2.486467 10.513768 
2.492707 10.563936 2.508429 4.963621 2.503843 4.724212 2.509040 2.891039 2.520002 11.254520 
2.490366 3.088336 2.494079 10.512233 2.512522 4.240459 2.550151 3.453975 2.470727 3.905805 
2.495919 11.312158 2.478677 9.556650 2.484540 10.043182 2.501513 3.241427 2.509445 8.968313 
2.508424 11.252820 2.478456 5.469678 2.483317 10.720987 2.506442 10.085516 2.486573 8.275048 
2.484552 10.486422 2.532668 10.446721 2.512682 10.593096 2.507149 4.328944 2.495773 3.016441 
2.501874 3.018166 2.468405 2.886633 2.511399 10.642827 2.483136 10.077504 2.532376 5.827295 
2.532165 5.167390 2.505403 2.602909 2.463240 4.945213 2.488083 4.943749 2.489194 3.031054 
2.461957 9.527341 2.501881 3.210075 2.499916 11.189716 2.501338 3.327299 2.491722 9.673871 
2.508466 2.951035 2.513671 10.766846 2.471857 2.894120 2.512070 10.097700 2.547763 6.739103 
2.495474 3.286496 2.489077 10.751830 2.482084 10.752372 2.500081 2.948881 2.509297 3.955006 
2.515755 3.971783 2.480800 3.189260 2.504863 10.870618 2.493262 2.950811 2.476089 4.137893 
2.525618 10.120664 2.479951 10.904636 2.498515 3.307733 2.499310 3.466479 2.497507 7.263233 
2.474643 2.173163 2.463169 9.801612 2.491110 4.913287 2.499255 10.067093 2.522729 11.620916 
2.478078 3.475102 2.490563 11.816638 2.492814 3.917030 2.535642 3.219585 2.487006 10.516405 
2.492437 11.509945 2.496814 3.635991 2.464402 9.742091 2.533437 10.110588 2.509059 3.024378 
2.515861 2.962642 2.523448 3.847388 2.467158 7.080786 2.551413 10.912277 2.452200 2.858227 
2.532621 10.926451 2.464416 10.352344 2.487928 5.869760 2.508769 10.725820 2.509934 3.047462 
2.500213 9.336332 2.485523 3.005589 2.469023 2.852832 2.482436 7.709974 2.525974 10.561848 
2.478896 7.618520 2.481089 5.204355 2.517413 2.804098 2.460868 10.826566 2.470978 3.678115 
2.460583 6.760203 2.490494 11.078158 2.505196 2.824250 2.469793 10.923109 2.507816 3.096324 
2.496574 11.335851 2.513549 9.188600 2.508254 2.867778 2.478897 6.553730 2.466049 2.758916 
2.481952 10.899346 2.474100 3.415921 2.518975 10.408833 2.526063 3.449073 2.504580 3.107797 
2.509869 10.016555 2.549507 11.133317 2.498488 11.029608 2.512814 6.933620 2.499761 10.496180 
2.506300 2.573944 2.498416 3.916366 2.517132 2.733918 2.475204 4.023801 2.477047 5.602314 
2.509071 8.999053 2.478106 8.916430 2.566995 11.509727 2.494645 10.062805 2.535519 2.715701 
2.526897 3.353552 2.463631 3.568488 2.499332 2.995264 2.480328 11.106922 2.501579 10.228719 
2.517098 2.946797 2.507934 7.714637 2.481714 11.201697 2.471022 10.699109 2.528214 3.187102 
2.494347 7.346202 2.559501 2.579683 2.503643 5.733774 2.534629 11.299054 2.483209 9.087011 
2.501922 2.526272 2.500183 2.880904 2.511077 4.595386 2.523343 6.728396 2.504211 10.602160 
2.497700 3.113148 2.506773 3.752662 2.499653 10.961318 2.491904 3.333207 2.500788 10.780634 
2.493486 2.682336 2.506969 7.857885 2.500592 9.891318 2.508791 6.172907 2.475449 7.219368 
2.502012 11.423638 2.468986 3.601341 2.492959 6.952389 2.463537 10.825147 2.514920 11.046354 
2.507898 7.910457 2.501717 7.385388 2.479224 7.795587 2.498197 2.935354 2.514251 3.600189 
2.453147 10.047479 2.501252 11.522532 2.474338 10.623301 2.502235 11.047747 2.502951 6.357117 
2.513492 9.224082 2.517042 2.653378 2.539562 11.593021 2.500000 9.862142 2.513289 11.209475 
2.571722 11.236370 2.488858 3.120294 2.534076 7.674816 2.502164 5.912267 2.506491 9.741238 
2.534152 7.375061 2.573956 6.656757 2.514865 10.501229 2.514005 6.501351 2.485872 6.626781 
2.480935 11.799212 2.490656 3.512612 2.489818 3.393112 2.518059 10.966982 2.522668 4.133747 
2.520781 2.405148 2.457336 10.325409 2.508580 5.554786 2.505353 10.375000 2.501259 2.750236 
2.520759 3.311251 2.443106 6.421707 2.461686 7.273065 2.510251 2.234111 2.500128 7.756920 
2.497087 10.788483 2.535738 2.732915 2.491374 2.940175 2.562178 6.816939 2.540780 3.428972 
2.489550 10.312679 2.500943 10.964593 2.523072 3.706090 2.496025 3.635850 2.486190 11.866240 
2.513286 6.618107 2.520008 2.670623 2.516332 11.076673 2.422750 7.906732 2.485243 3.043693 
2.466246 2.668864 2.508238 3.837492 2.497599 2.368515 2.508238 10.466811 2.545146 3.900104 
2.457327 10.410260 2.508158 3.857546 2.514434 6.842014 2.464543 6.791183 2.491371 4.820678 
2.545188 5.690072 2.510608 10.541554 2.574610 8.292346 2.510139 11.257180 2.474388 3.977494 
2.460190 3.588452 2.509359 7.272080 2.505273 6.150540 2.505141 10.719879 2.499209 7.679409 
2.468611 6.438554 2.530834 11.583075 2.429902 7.711291 2.489352 6.235803 2.598935 3.282276 
2.496861 11.063789 2.543610 5.119395 2.514910 2.356054 2.528924 11.478027 2.513901 10.257287 
2.501544 7.764398 2.543697 2.994362 2.490267 6.994496 2.533897 11.326890 2.458048 2.971540 
2.500225 7.765773 2.427445 10.725327 2.484002 7.160996 2.521969 8.412235 2.497972 11.200991 
2.487846 5.160948 2.536661 2.745624 2.534060 2.998700 2.498149 2.575873 2.496349 10.645294 
2.482252 3.122744 2.495757 11.902713 2.492052 11.457870 2.499104 9.685311 2.482371 3.490618 
2.523025 5.788755 2.432129 3.154618 2.501874 8.008969 2.484739 5.939759 2.496386 11.122222 
2.491713 10.553202 2.480663 10.891549 2.512277 4.450890 2.497851 2.225803 2.490076 2.674545 
2.467868 2.507306 2.506171 5.951908 2.533125 7.609874 2.468719 5.365016 2.530288 2.244574 
2.541020 10.308820 2.509485 10.371274 2.533506 10.188716 2.492979 11.666051 2.489653 11.604582 
2.465765 7.747718 2.536517 3.748771 2.601826 11.637992 2.478933 12.048806 2.485253 3.677142 
2.482670 6.069644 2.501854 7.316299 2.530872 10.774303 2.450750 11.824279 2.506690 8.343382 
2.465710 6.506564 2.523985 7.047356 2.523985 2.324377 2.540547 3.350018 2.505950 2.845172 
2.517715 3.777963 2.451493 7.773326 2.507513 11.977370 2.529215 5.269709 2.509182 2.294194 
2.511796 6.303231 2.517806 11.369346 2.477686 2.282044 2.489406 6.105635 2.470473 3.525920 
2.456574 2.839941 2.450304 3.115619 2.454177 6.533837 2.520007 2.309792 2.492532 10.796238 

Avg Classes:
2.501062 6.987991 2.500831 7.004122 2.500320 6.993248 2.501601 6.996249 2.500578 6.990609 
2.499498 7.005723 2.498374 7.006795 2.501292 7.002107 2.499690 7.004367 2.498954 6.983451 
2.499895 6.977804 2.500798 6.985700 2.497879 6.992608 2.496556 7.012830 2.497165 6.990719 
2.505279 7.053359 2.508546 7.025330 2.503622 7.027224 2.496757 7.017660 2.492969 7.021495 
2.515058 7.299356 2.473616 7.259717 2.514286 7.283912 2.472844 7.284170 2.470785 7.327413 
2.523547 7.069138 2.523547 7.098196 2.523547 7.013026 2.523547 6.972445 2.523547 6.891283 
2.484551 7.143258 2.502809 7.093399 2.549157 7.078652 2.497893 7.214185 2.465590 7.115169 
2.417391 6.704348 2.482609 6.821739 2.565217 6.452174 2.560870 6.960870 2.504348 6.700000 
2.416667 8.583333 2.416667 7.583333 2.416667 8.166667 2.416667 7.083333 2.416667 7.333333 
3.333333 7.666667 3.333333 7.666667 3.333333 12.000000 3.333333 8.000000 3.333333 11.666667 

Cluster 0 is class 9
Cluster 1 is class 0
Cluster 2 is class 0
Cluster 3 is class 9
Cluster 4 is class 0
Cluster 5 is class 0
Cluster 6 is class 9
Cluster 7 is class 0
Cluster 8 is class 0
Cluster 9 is class 8
Cluster 10 is class 8
Cluster 11 is class 8
Cluster 12 is class 0
Cluster 13 is class 0
Cluster 14 is class 8
Cluster 15 is class 0
Cluster 16 is class 0
Cluster 17 is class 0
Cluster 18 is class 0
Cluster 19 is class 0
Cluster 20 is class 0
Cluster 21 is class 4
Cluster 22 is class 0
Cluster 23 is class 0
Cluster 24 is class 0
Cluster 25 is class 0
Cluster 26 is class 5
Cluster 27 is class 0
Cluster 28 is class 8
Cluster 29 is class 9
Cluster 30 is class 0
Cluster 31 is class 8
Cluster 32 is class 7
Cluster 33 is class 0
Cluster 34 is class 0
Cluster 35 is class 0
Cluster 36 is class 9
Cluster 37 is class 0
Cluster 38 is class 0
Cluster 39 is class 0
Cluster 40 is class 8
Cluster 41 is class 9
Cluster 42 is class 8
Cluster 43 is class 8
Cluster 44 is class 0
Cluster 45 is class 0
Cluster 46 is class 7
Cluster 47 is class 0
Cluster 48 is class 0
Cluster 49 is class 0
Cluster 50 is class 7
Cluster 51 is class 0
Cluster 52 is class 0
Cluster 53 is class 0
Cluster 54 is class 5
Cluster 55 is class 0
Cluster 56 is class 0
Cluster 57 is class 0
Cluster 58 is class 0
Cluster 59 is class 0
Cluster 60 is class 0
Cluster 61 is class 0
Cluster 62 is class 0
Cluster 63 is class 9
Cluster 64 is class 0
Cluster 65 is class 4
Cluster 66 is class 7
Cluster 67 is class 0
Cluster 68 is class 0
Cluster 69 is class 0

Overall Accuracy is 0.319365

