----------------------------For Number of clusters 20----------------------------
Avg Clusters:
2.510207 10.030781 2.490660 4.404404 2.506217 10.453966 2.501388 9.475971 2.496819 9.367623 
2.502524 9.077490 2.486768 10.400488 2.500314 4.058957 2.491616 10.296918 2.498719 9.411365 
2.492597 3.106553 2.499289 3.864632 2.498682 9.541123 2.503554 9.595059 2.500208 8.803623 
2.500447 4.281127 2.507542 9.622865 2.498686 10.076286 2.504073 3.845364 2.505965 3.982669 
2.496295 5.092784 2.487739 4.073274 2.503033 9.324691 2.494446 3.030022 2.500222 10.219745 
2.503303 10.428155 2.522886 9.932580 2.483774 10.197155 2.510235 3.788203 2.493095 9.346437 
2.505218 3.926274 2.486371 10.265591 2.512401 4.302420 2.506296 9.993065 2.500357 3.911227 
2.500198 10.114615 2.490574 3.802404 2.503258 9.310970 2.506449 4.302917 2.495767 3.316113 
2.500511 3.706918 2.485270 4.618391 2.524585 2.882014 2.481928 8.072201 2.512112 10.571499 
2.514375 4.765148 2.519128 4.960901 2.505783 10.566866 2.481270 10.409112 2.488153 2.774794 
2.497903 4.691857 2.517561 4.685317 2.496432 3.578780 2.485500 3.580330 2.483354 3.895490 
2.506152 10.814273 2.497539 4.277632 2.506256 3.659639 2.493160 3.819820 2.502732 9.371225 
2.487274 10.344007 2.489312 10.546952 2.498524 4.110330 2.509440 4.655639 2.488564 3.334671 
2.500772 3.966375 2.534203 10.803137 2.491556 10.163152 2.496078 9.676396 2.501950 10.045433 
2.495006 10.323735 2.484176 10.257257 2.508924 10.119880 2.508082 10.125658 2.513883 3.751912 
2.500593 8.436365 2.506052 10.726277 2.495633 3.402146 2.482594 3.392694 2.489394 10.472051 
2.494876 10.558373 2.504871 4.177526 2.493286 3.909602 2.512518 10.301642 2.502176 3.568622 
2.502514 2.623618 2.494087 10.634836 2.514009 4.660450 2.528404 3.923768 2.494281 9.796585 
2.502644 9.958654 2.500106 3.331935 2.474797 3.964998 2.505393 10.686218 2.515439 10.628587 
2.489904 3.494360 2.512384 3.208342 2.481956 3.657581 2.511260 10.547830 2.516599 3.966561 

Avg Classes:
2.501062 6.987991 2.500831 7.004122 2.500320 6.993248 2.501601 6.996249 2.500578 6.990609 
2.499498 7.005723 2.498374 7.006795 2.501292 7.002107 2.499690 7.004367 2.498954 6.983451 
2.499895 6.977804 2.500798 6.985700 2.497879 6.992608 2.496556 7.012830 2.497165 6.990719 
2.505279 7.053359 2.508546 7.025330 2.503622 7.027224 2.496757 7.017660 2.492969 7.021495 
2.515058 7.299356 2.473616 7.259717 2.514286 7.283912 2.472844 7.284170 2.470785 7.327413 
2.523547 7.069138 2.523547 7.098196 2.523547 7.013026 2.523547 6.972445 2.523547 6.891283 
2.484551 7.143258 2.502809 7.093399 2.549157 7.078652 2.497893 7.214185 2.465590 7.115169 
2.417391 6.704348 2.482609 6.821739 2.565217 6.452174 2.560870 6.960870 2.504348 6.700000 
2.416667 8.583333 2.416667 7.583333 2.416667 8.166667 2.416667 7.083333 2.416667 7.333333 
3.333333 7.666667 3.333333 7.666667 3.333333 12.000000 3.333333 8.000000 3.333333 11.666667 

Cluster 0 is class 4
Cluster 1 is class 0
Cluster 2 is class 0
Cluster 3 is class 0
Cluster 4 is class 0
Cluster 5 is class 8
Cluster 6 is class 0
Cluster 7 is class 0
Cluster 8 is class 0
Cluster 9 is class 0
Cluster 10 is class 0
Cluster 11 is class 0
Cluster 12 is class 0
Cluster 13 is class 9
Cluster 14 is class 4
Cluster 15 is class 0
Cluster 16 is class 0
Cluster 17 is class 0
Cluster 18 is class 0
Cluster 19 is class 0

Overall Accuracy is 0.409797

