----------------------------For Number of clusters 73----------------------------
Avg Clusters:
2.492909 7.345710 2.513664 3.388814 2.511154 11.036491 2.495060 10.315792 2.505856 8.964664 
2.475532 11.312099 2.494170 8.752814 2.513374 10.569976 2.524267 4.059749 2.494735 3.354379 
2.464735 9.727312 2.499643 3.470094 2.494641 10.677862 2.500322 2.970273 2.498214 10.131020 
2.506992 3.031332 2.490578 3.378225 2.495850 9.622972 2.503926 3.212667 2.469790 9.223547 
2.510717 3.168097 2.460703 8.207627 2.519638 4.384983 2.504376 10.716738 2.469327 3.246734 
2.492065 10.262737 2.483894 2.688198 2.495744 10.355264 2.476066 5.242760 2.520041 3.476580 
2.521370 3.152170 2.470381 6.116271 2.515325 3.383401 2.518793 3.480598 2.524791 10.696879 
2.516137 3.727129 2.495304 10.898543 2.508213 10.648243 2.486144 10.410930 2.507479 3.651219 
2.493419 4.548796 2.490978 10.045709 2.473939 3.024554 2.540468 5.423874 2.518738 2.931939 
2.512169 4.476317 2.491888 3.771720 2.502312 2.909412 2.468859 10.682528 2.501570 10.605679 
2.489111 10.969867 2.499886 2.807926 2.483358 3.856504 2.472949 10.293521 2.515637 9.624526 
2.449949 3.935636 2.499612 7.439491 2.532959 10.454372 2.528058 4.289966 2.524114 11.511683 
2.483920 10.787673 2.485083 10.175515 2.500246 10.075234 2.524623 11.030863 2.498815 4.750056 
2.510884 6.506154 2.533211 3.255569 2.554623 8.586156 2.473553 10.588699 2.476299 3.008850 
2.504030 3.773631 2.552212 10.527420 2.498511 10.616820 2.490977 10.110775 2.514849 10.875164 
2.489002 4.985000 2.531037 2.255410 2.508033 3.124148 2.486571 4.130136 2.503883 9.227248 
2.502835 3.136512 2.479979 10.221954 2.472613 10.343288 2.524843 2.892951 2.504531 3.746395 
2.517940 2.794759 2.501653 3.345947 2.484325 7.463324 2.555841 10.806760 2.493693 9.811536 
2.471621 10.649559 2.528379 6.243340 2.530339 2.965785 2.481778 4.257596 2.462399 3.868841 
2.503629 10.823351 2.514647 10.862514 2.489426 3.440708 2.521278 9.560441 2.503525 7.360242 
2.535323 11.720331 2.472155 4.364847 2.507600 10.450146 2.515443 10.336333 2.490333 10.444370 
2.513706 6.196991 2.471758 4.653130 2.509626 9.945174 2.540099 2.666390 2.471695 3.091865 
2.510994 3.524155 2.514067 11.495547 2.466625 3.250926 2.494050 10.821814 2.523446 6.403657 
2.521460 10.499011 2.484687 3.248864 2.499920 3.054519 2.535571 9.260089 2.517665 2.952109 
2.526915 2.421246 2.507312 3.894455 2.484909 11.162673 2.490012 10.362064 2.496173 4.085942 
2.554280 7.683123 2.536195 11.100885 2.459941 9.936303 2.524390 3.796780 2.487738 10.614972 
2.491409 10.996140 2.514843 7.012832 2.497173 4.710689 2.486353 3.156644 2.503806 10.914691 
2.515628 3.352148 2.532170 3.663695 2.505371 3.745704 2.470140 3.772610 2.463104 3.166595 
2.520701 10.768435 2.453838 11.616878 2.502040 3.061877 2.509519 3.803944 2.487685 10.347084 
2.499684 3.517380 2.515484 10.740559 2.537526 3.772081 2.502765 2.029389 2.419577 4.929057 
2.523234 8.760250 2.492637 2.478794 2.451724 4.621374 2.459219 2.832025 2.508950 5.161626 
2.527600 2.830680 2.493736 10.770145 2.495514 7.576093 2.548533 6.558717 2.454942 7.689485 
2.504367 11.413960 2.503919 4.530944 2.449944 7.130720 2.519074 11.096827 2.489884 3.783277 
2.455343 8.980172 2.495350 6.439375 2.504913 2.800755 2.492981 11.222934 2.445078 6.256448 
2.513746 2.544674 2.507378 11.321104 2.491813 10.797049 2.458258 3.030827 2.488276 10.167677 
2.491017 11.142080 2.479357 2.477457 2.478321 3.087666 2.515633 3.519002 2.496200 10.191916 
2.499916 9.130248 2.461305 11.126707 2.520654 6.603861 2.511212 2.801045 2.527483 2.789243 
2.478526 2.628066 2.456825 3.898696 2.517917 11.705571 2.488921 9.769217 2.484636 10.809064 
2.507353 3.576768 2.475928 8.410802 2.453869 4.755865 2.489408 8.518032 2.486257 11.426646 
2.499055 10.563726 2.463523 10.938599 2.529574 7.845371 2.489827 10.011481 2.476021 11.194448 
2.451850 10.924853 2.528446 3.953733 2.493770 11.845745 2.512219 10.805950 2.500821 3.372742 
2.518500 6.213458 2.510266 11.324355 2.542997 2.707461 2.472759 7.424477 2.491868 10.861151 
2.503938 2.587486 2.462165 3.085848 2.486946 10.756704 2.487919 4.436853 2.529162 3.107001 
2.476005 5.076766 2.557287 2.710820 2.466619 3.113423 2.508766 11.099079 2.520453 3.175491 
2.505258 11.997923 2.489030 3.182656 2.550954 5.860963 2.527716 2.790601 2.465663 3.249124 
2.445718 2.822880 2.508012 11.550886 2.528176 4.347235 2.557147 2.928579 2.484028 10.922848 
2.525612 11.133878 2.465396 10.389920 2.495504 3.591108 2.493525 10.251175 2.492452 2.270395 
2.524215 7.252776 2.521616 7.738011 2.431254 3.011694 2.484054 3.349870 2.513820 7.236593 
2.510568 10.270514 2.536780 10.817240 2.500725 12.054911 2.505906 9.420845 2.533775 9.943742 
2.504433 2.485622 2.476995 2.864007 2.495926 6.113827 2.516056 8.603762 2.496405 4.328421 
2.556512 11.313977 2.557153 7.097545 2.503938 10.690786 2.500916 5.053581 2.495604 8.702418 
2.485392 5.230412 2.494024 9.695662 2.490704 7.865759 2.492807 11.750775 2.512063 7.630257 
2.506487 10.458196 2.522446 2.911862 2.506384 7.267916 2.545099 6.724156 2.488983 10.403727 
2.548989 5.718133 2.472703 2.650743 2.506824 7.713137 2.441872 6.258713 2.536802 11.478430 
2.511610 4.478392 2.560955 7.294023 2.528058 11.370028 2.469576 6.727478 2.509245 6.287035 
2.433729 3.373913 2.550066 8.030698 2.532543 7.841107 2.456653 6.588406 2.562055 2.321739 
2.519005 8.785981 2.503672 5.919083 2.496972 2.426363 2.521969 7.134648 2.498132 11.379719 
2.480218 6.827080 2.502729 10.692019 2.462312 3.045532 2.500682 2.368179 2.531889 11.216405 
2.415210 2.383534 2.468187 4.051475 2.538504 2.112097 2.483342 9.928181 2.531404 6.113736 
2.474824 7.239608 2.495755 7.909397 2.497365 8.278689 2.485363 2.730386 2.544496 7.176961 
2.527974 2.193321 2.504734 10.722672 2.530900 2.372698 2.512308 6.815287 2.589774 8.477018 
2.456684 11.738767 2.472070 11.262683 2.500056 10.324339 2.463708 2.860854 2.497491 10.086297 
2.467092 2.943517 2.499754 10.751719 2.503929 3.860265 2.502456 11.859651 2.490300 11.191798 
2.527531 7.671530 2.576796 11.518837 2.511042 11.544619 2.492955 4.855201 2.536325 3.387129 
2.522930 7.748999 2.465056 6.325669 2.515566 7.322181 2.523963 11.346854 2.464023 11.381992 
2.532553 8.837454 2.493782 10.633504 2.483394 2.616533 2.488808 11.647403 2.456913 11.357718 
2.520096 11.699494 2.484695 10.992015 2.500266 6.233697 2.411499 3.660633 2.515438 6.441043 
2.496162 7.455592 2.463268 7.540022 2.553454 11.216009 2.477248 9.688871 2.528783 2.522204 
2.494764 7.451789 2.523342 11.726222 2.474695 5.840096 2.543848 5.113002 2.457024 6.400305 
2.507208 12.038859 2.494673 7.694140 2.531181 3.333751 2.456440 10.567064 2.569257 11.178627 
2.503094 10.870161 2.492901 11.390001 2.475185 2.213324 2.484650 3.965538 2.489261 3.188812 
2.480997 9.584878 2.527804 11.361382 2.482731 7.315109 2.480064 8.472196 2.543806 2.780904 
2.455878 7.015873 2.469061 11.197740 2.505784 3.102368 2.469196 11.295400 2.547485 2.894942 

Avg Classes:
2.501062 6.987991 2.500831 7.004122 2.500320 6.993248 2.501601 6.996249 2.500578 6.990609 
2.499498 7.005723 2.498374 7.006795 2.501292 7.002107 2.499690 7.004367 2.498954 6.983451 
2.499895 6.977804 2.500798 6.985700 2.497879 6.992608 2.496556 7.012830 2.497165 6.990719 
2.505279 7.053359 2.508546 7.025330 2.503622 7.027224 2.496757 7.017660 2.492969 7.021495 
2.515058 7.299356 2.473616 7.259717 2.514286 7.283912 2.472844 7.284170 2.470785 7.327413 
2.523547 7.069138 2.523547 7.098196 2.523547 7.013026 2.523547 6.972445 2.523547 6.891283 
2.484551 7.143258 2.502809 7.093399 2.549157 7.078652 2.497893 7.214185 2.465590 7.115169 
2.417391 6.704348 2.482609 6.821739 2.565217 6.452174 2.560870 6.960870 2.504348 6.700000 
2.416667 8.583333 2.416667 7.583333 2.416667 8.166667 2.416667 7.083333 2.416667 7.333333 
3.333333 7.666667 3.333333 7.666667 3.333333 12.000000 3.333333 8.000000 3.333333 11.666667 

Cluster 0 is class 9
Cluster 1 is class 8
Cluster 2 is class 0
Cluster 3 is class 0
Cluster 4 is class 7
Cluster 5 is class 0
Cluster 6 is class 0
Cluster 7 is class 0
Cluster 8 is class 7
Cluster 9 is class 0
Cluster 10 is class 0
Cluster 11 is class 9
Cluster 12 is class 8
Cluster 13 is class 0
Cluster 14 is class 9
Cluster 15 is class 0
Cluster 16 is class 0
Cluster 17 is class 0
Cluster 18 is class 0
Cluster 19 is class 0
Cluster 20 is class 8
Cluster 21 is class 0
Cluster 22 is class 0
Cluster 23 is class 0
Cluster 24 is class 0
Cluster 25 is class 3
Cluster 26 is class 8
Cluster 27 is class 0
Cluster 28 is class 0
Cluster 29 is class 7
Cluster 30 is class 7
Cluster 31 is class 0
Cluster 32 is class 8
Cluster 33 is class 0
Cluster 34 is class 0
Cluster 35 is class 0
Cluster 36 is class 0
Cluster 37 is class 9
Cluster 38 is class 0
Cluster 39 is class 4
Cluster 40 is class 8
Cluster 41 is class 0
Cluster 42 is class 0
Cluster 43 is class 7
Cluster 44 is class 0
Cluster 45 is class 0
Cluster 46 is class 0
Cluster 47 is class 0
Cluster 48 is class 9
Cluster 49 is class 0
Cluster 50 is class 8
Cluster 51 is class 0
Cluster 52 is class 8
Cluster 53 is class 0
Cluster 54 is class 0
Cluster 55 is class 7
Cluster 56 is class 0
Cluster 57 is class 0
Cluster 58 is class 0
Cluster 59 is class 0
Cluster 60 is class 0
Cluster 61 is class 8
Cluster 62 is class 4
Cluster 63 is class 8
Cluster 64 is class 4
Cluster 65 is class 0
Cluster 66 is class 4
Cluster 67 is class 0
Cluster 68 is class 0
Cluster 69 is class 4
Cluster 70 is class 0
Cluster 71 is class 0
Cluster 72 is class 7

Overall Accuracy is 0.319071

