----------------------------For Number of clusters 25----------------------------
Avg Clusters:
2.495340 3.858975 2.502129 9.980140 2.485672 9.041028 2.515706 3.740410 2.499284 3.789362 
2.499499 3.873791 2.517399 10.138755 2.494382 6.311252 2.497096 10.340805 2.508622 10.306881 
2.487530 9.531067 2.503515 9.619102 2.502913 3.401248 2.505698 4.071467 2.483010 3.995806 
2.504794 10.108825 2.469732 9.523883 2.503944 3.032730 2.497821 9.804816 2.492787 9.707169 
2.501512 9.569942 2.508011 3.753401 2.497088 4.052217 2.504157 9.911935 2.496102 3.667081 
2.489733 10.062738 2.510748 4.477947 2.507864 10.979812 2.487945 9.950586 2.500250 4.780292 
2.513544 3.100328 2.504302 4.058942 2.497143 9.385344 2.496771 10.133523 2.499061 4.067339 
2.509956 9.951298 2.500870 3.135900 2.498993 5.601982 2.507186 9.578409 2.511420 10.859729 
2.506736 5.483548 2.479189 3.292587 2.489667 9.945879 2.483811 3.348967 2.500985 4.080434 
2.502069 10.007487 2.504302 4.160784 2.496326 3.539876 2.479934 3.198940 2.497977 9.488049 
2.496109 3.703314 2.507816 9.950827 2.514966 3.491147 2.507162 3.722374 2.498635 9.916044 
2.492942 3.358621 2.499495 3.707037 2.494004 3.255200 2.492295 10.268694 2.498381 9.107902 
2.500426 3.474263 2.509951 4.432725 2.509833 3.162713 2.496399 4.601729 2.486580 3.602816 
2.510454 10.276887 2.471047 10.813092 2.491079 6.247551 2.502052 10.527557 2.504953 3.323573 
2.498756 10.598783 2.531503 10.183801 2.518680 10.804173 2.513777 4.066942 2.513656 4.876259 
2.499629 4.817883 2.495813 4.235199 2.509196 10.926909 2.491838 9.941379 2.501882 10.830392 
2.502191 3.712329 2.471757 3.393223 2.499189 5.571202 2.514820 3.639350 2.526586 10.765571 
2.503640 4.531157 2.498825 10.817731 2.531759 10.668023 2.493665 10.474662 2.504930 4.167708 
2.480379 11.278723 2.467510 3.364630 2.513765 8.072105 2.516488 3.452290 2.486832 3.385519 
2.501605 10.482534 2.489143 10.786285 2.479890 6.436336 2.497577 3.528229 2.488922 10.864552 
2.493759 10.355094 2.504186 4.463838 2.500166 10.958715 2.494001 3.877837 2.501254 10.494484 
2.519915 3.938478 2.521041 10.270300 2.492147 10.899330 2.497096 4.164592 2.486753 10.492325 
2.491856 3.209062 2.510658 3.517545 2.502842 11.191736 2.507324 3.458625 2.477591 10.016725 
2.502711 3.417619 2.484118 10.190676 2.498269 3.170153 2.497871 10.057892 2.515698 3.734922 
2.510678 10.429798 2.504906 10.132540 2.501154 10.523882 2.519949 10.286724 2.499062 10.344949 

Avg Classes:
2.501062 6.987991 2.500831 7.004122 2.500320 6.993248 2.501601 6.996249 2.500578 6.990609 
2.499498 7.005723 2.498374 7.006795 2.501292 7.002107 2.499690 7.004367 2.498954 6.983451 
2.499895 6.977804 2.500798 6.985700 2.497879 6.992608 2.496556 7.012830 2.497165 6.990719 
2.505279 7.053359 2.508546 7.025330 2.503622 7.027224 2.496757 7.017660 2.492969 7.021495 
2.515058 7.299356 2.473616 7.259717 2.514286 7.283912 2.472844 7.284170 2.470785 7.327413 
2.523547 7.069138 2.523547 7.098196 2.523547 7.013026 2.523547 6.972445 2.523547 6.891283 
2.484551 7.143258 2.502809 7.093399 2.549157 7.078652 2.497893 7.214185 2.465590 7.115169 
2.417391 6.704348 2.482609 6.821739 2.565217 6.452174 2.560870 6.960870 2.504348 6.700000 
2.416667 8.583333 2.416667 7.583333 2.416667 8.166667 2.416667 7.083333 2.416667 7.333333 
3.333333 7.666667 3.333333 7.666667 3.333333 12.000000 3.333333 8.000000 3.333333 11.666667 

Cluster 0 is class 0
Cluster 1 is class 0
Cluster 2 is class 0
Cluster 3 is class 0
Cluster 4 is class 0
Cluster 5 is class 8
Cluster 6 is class 0
Cluster 7 is class 0
Cluster 8 is class 0
Cluster 9 is class 7
Cluster 10 is class 7
Cluster 11 is class 7
Cluster 12 is class 7
Cluster 13 is class 8
Cluster 14 is class 8
Cluster 15 is class 9
Cluster 16 is class 0
Cluster 17 is class 0
Cluster 18 is class 0
Cluster 19 is class 8
Cluster 20 is class 8
Cluster 21 is class 9
Cluster 22 is class 0
Cluster 23 is class 0
Cluster 24 is class 8

Overall Accuracy is 0.279954

