----------------------------For Number of clusters 46----------------------------
Avg Clusters:
2.499608 4.548750 2.475473 2.970376 2.498359 4.775580 2.498127 10.229502 2.504313 10.252883 
2.500265 3.175564 2.520481 6.395033 2.506209 10.328880 2.478547 9.827467 2.506356 4.356512 
2.517752 4.139118 2.512038 10.696090 2.479878 10.157631 2.495846 4.023902 2.485517 10.057558 
2.492312 3.579489 2.518784 10.094526 2.528523 3.275255 2.512026 3.815582 2.493286 9.678766 
2.494016 10.376845 2.497364 10.082349 2.505852 3.678010 2.503400 3.992329 2.497918 3.674715 
2.495994 3.394211 2.515090 10.424550 2.484688 9.814865 2.519080 3.560376 2.495646 3.468791 
2.483871 9.800167 2.498675 10.441784 2.517976 10.001043 2.504930 10.063474 2.499717 9.744408 
2.507375 10.438733 2.492625 10.072952 2.487708 3.912330 2.489560 10.962231 2.489656 3.975161 
2.491885 10.437760 2.491344 3.369976 2.512388 10.460157 2.499648 4.058155 2.495131 4.081309 
2.497137 3.406525 2.485320 9.347732 2.495192 3.101475 2.514240 4.298627 2.487779 3.368027 
2.497105 11.149519 2.497711 3.576897 2.485893 3.782338 2.504478 10.020706 2.516295 9.856373 
2.505662 3.473427 2.527043 10.185522 2.511595 9.920915 2.498788 10.740458 2.500308 9.861546 
2.498642 10.685937 2.504681 10.610226 2.518829 10.508861 2.503680 3.985101 2.516507 3.913249 
2.476189 9.098801 2.490779 3.418884 2.498749 9.414965 2.498814 3.216572 2.524206 10.821960 
2.503647 10.167782 2.507094 3.100589 2.497624 4.185517 2.512314 9.911123 2.499532 3.168418 
2.498284 3.960086 2.502374 3.062409 2.514498 3.445370 2.502629 3.381938 2.505112 9.210196 
2.498489 10.824630 2.482753 10.061079 2.506812 6.351319 2.516419 3.640772 2.482422 10.656922 
2.482627 10.606228 2.535397 4.890037 2.485525 10.675573 2.499424 10.602735 2.478539 3.719127 
2.500676 6.229234 2.505811 10.859505 2.517838 3.092838 2.479865 10.321847 2.482207 10.064865 
2.510379 10.453216 2.542122 9.537012 2.466948 11.715718 2.492495 3.525771 2.514722 10.341764 
2.492699 10.982173 2.511825 3.834587 2.505375 3.105258 2.465780 3.143465 2.503538 9.392278 
2.497596 8.101934 2.480821 2.743135 2.502618 10.786142 2.494551 10.710279 2.537931 8.693984 
2.513424 4.400841 2.520136 3.050698 2.496957 4.437847 2.464024 4.346921 2.471810 2.957043 
2.491770 3.174692 2.495118 2.942978 2.494895 8.948111 2.503041 6.509680 2.496680 6.516487 
2.519493 3.039674 2.500405 10.507416 2.492017 4.257902 2.505998 10.877979 2.503120 3.750486 
2.511953 10.647582 2.499183 3.794831 2.489318 3.543424 2.520729 3.216244 2.479392 3.099013 
2.510583 5.103234 2.474522 11.086771 2.526017 10.711416 2.488143 10.349976 2.516561 3.113866 
2.494357 3.222956 2.512493 3.787689 2.486324 11.151348 2.491449 3.232369 2.482135 9.950372 
2.525753 11.402454 2.458759 10.306244 2.489857 3.311710 2.492590 9.979410 2.523992 10.525389 
2.513193 3.793213 2.433535 3.833947 2.489427 10.823280 2.524110 3.143722 2.514316 2.810180 
2.496843 11.100573 2.457569 11.053590 2.511379 10.296139 2.523345 10.449200 2.534943 3.426075 
2.494842 3.273156 2.494343 3.762285 2.535718 10.987632 2.500610 10.100832 2.478979 11.081253 
2.518135 9.726203 2.487195 10.944115 2.483346 2.196299 2.456107 3.380977 2.500814 10.247372 
2.518619 3.297427 2.454291 6.338021 2.515742 7.081429 2.540754 3.740291 2.503117 11.355841 
2.536393 11.245324 2.480499 4.200014 2.508554 10.719588 2.523343 7.620197 2.470712 10.927940 
2.478064 6.414670 2.506776 5.890361 2.515045 2.982850 2.471480 10.960187 2.472322 6.621545 
2.563746 10.535554 2.524381 5.181372 2.498277 9.196512 2.474575 11.818524 2.481362 11.451916 
2.479392 2.908973 2.498410 3.445890 2.476390 3.436823 2.512953 10.736634 2.550577 3.479157 
2.490381 2.041128 2.497512 10.530680 2.457877 4.694196 2.520978 9.931924 2.550498 10.701078 
2.506477 2.794256 2.502159 6.342203 2.481273 2.462597 2.509991 10.492720 2.472035 10.959936 
2.527828 4.833612 2.501928 2.459222 2.525064 10.078720 2.490651 11.017461 2.460968 2.765296 
2.444433 6.993271 2.450272 7.758238 2.537457 3.783078 2.484315 8.876398 2.524097 2.389510 
2.472880 10.763705 2.489800 4.759161 2.473364 6.886590 2.507396 6.325341 2.467563 6.781398 
2.540098 7.616130 2.546253 5.555395 2.516926 3.079019 2.502444 5.994750 2.495927 11.405141 
2.493292 7.499596 2.554146 7.217795 2.508162 9.614676 2.500970 3.479473 2.523436 4.062146 
2.501545 7.121056 2.496770 11.580564 2.466342 6.391911 2.546859 6.065350 2.487220 5.459133 

Avg Classes:
2.501062 6.987991 2.500831 7.004122 2.500320 6.993248 2.501601 6.996249 2.500578 6.990609 
2.499498 7.005723 2.498374 7.006795 2.501292 7.002107 2.499690 7.004367 2.498954 6.983451 
2.499895 6.977804 2.500798 6.985700 2.497879 6.992608 2.496556 7.012830 2.497165 6.990719 
2.505279 7.053359 2.508546 7.025330 2.503622 7.027224 2.496757 7.017660 2.492969 7.021495 
2.515058 7.299356 2.473616 7.259717 2.514286 7.283912 2.472844 7.284170 2.470785 7.327413 
2.523547 7.069138 2.523547 7.098196 2.523547 7.013026 2.523547 6.972445 2.523547 6.891283 
2.484551 7.143258 2.502809 7.093399 2.549157 7.078652 2.497893 7.214185 2.465590 7.115169 
2.417391 6.704348 2.482609 6.821739 2.565217 6.452174 2.560870 6.960870 2.504348 6.700000 
2.416667 8.583333 2.416667 7.583333 2.416667 8.166667 2.416667 7.083333 2.416667 7.333333 
3.333333 7.666667 3.333333 7.666667 3.333333 12.000000 3.333333 8.000000 3.333333 11.666667 

Cluster 0 is class 0
Cluster 1 is class 0
Cluster 2 is class 4
Cluster 3 is class 0
Cluster 4 is class 0
Cluster 5 is class 0
Cluster 6 is class 8
Cluster 7 is class 0
Cluster 8 is class 8
Cluster 9 is class 7
Cluster 10 is class 0
Cluster 11 is class 4
Cluster 12 is class 8
Cluster 13 is class 8
Cluster 14 is class 0
Cluster 15 is class 0
Cluster 16 is class 3
Cluster 17 is class 8
Cluster 18 is class 4
Cluster 19 is class 8
Cluster 20 is class 0
Cluster 21 is class 4
Cluster 22 is class 7
Cluster 23 is class 0
Cluster 24 is class 0
Cluster 25 is class 7
Cluster 26 is class 0
Cluster 27 is class 0
Cluster 28 is class 4
Cluster 29 is class 0
Cluster 30 is class 4
Cluster 31 is class 9
Cluster 32 is class 0
Cluster 33 is class 0
Cluster 34 is class 9
Cluster 35 is class 0
Cluster 36 is class 9
Cluster 37 is class 7
Cluster 38 is class 4
Cluster 39 is class 7
Cluster 40 is class 0
Cluster 41 is class 0
Cluster 42 is class 8
Cluster 43 is class 0
Cluster 44 is class 0
Cluster 45 is class 0

Overall Accuracy is 0.274858

