----------------------------For Number of clusters 55----------------------------
Avg Clusters:
2.510605 4.008994 2.495997 9.988996 2.495040 9.298632 2.518451 2.789366 2.507097 3.755334 
2.501964 4.662089 2.508847 4.202136 2.509367 2.702153 2.496412 4.913412 2.499399 5.173468 
2.491608 5.594114 2.548200 3.902332 2.513998 10.280423 2.497114 10.650772 2.479128 10.695686 
2.498964 10.048317 2.491781 4.144656 2.488391 3.071884 2.503215 9.979446 2.506847 9.759947 
2.492609 10.062260 2.505397 3.718407 2.497195 10.484008 2.489960 3.712597 2.505824 9.999459 
2.506627 10.792879 2.494665 10.155257 2.505700 4.500056 2.473969 4.162417 2.488010 5.540632 
2.497671 9.749881 2.519676 3.784428 2.501595 3.481241 2.497378 3.392416 2.492720 10.755089 
2.516560 6.171659 2.489771 10.689763 2.477583 9.451664 2.519133 11.113648 2.474932 7.804282 
2.481712 4.211491 2.505332 10.581750 2.510777 2.796132 2.512467 4.345437 2.492377 9.981224 
2.492277 9.978876 2.505289 4.366595 2.501232 3.823551 2.497769 10.538238 2.497519 3.193828 
2.521492 11.429671 2.492113 4.325275 2.474280 7.840804 2.499593 10.198927 2.490596 10.561060 
2.496215 10.878459 2.467900 10.392056 2.504125 9.659990 2.509353 9.763945 2.513224 3.730572 
2.512761 4.529943 2.464728 3.441561 2.511332 10.995714 2.500560 4.182053 2.483996 3.459709 
2.512062 10.889147 2.509479 9.921690 2.515626 10.662276 2.521928 9.978821 2.494912 10.746991 
2.459742 8.137628 2.513809 10.361864 2.510610 3.329830 2.540461 4.488933 2.479440 2.319220 
2.527752 10.512841 2.461304 10.802965 2.510791 3.293089 2.493700 10.209113 2.515675 10.326052 
2.499647 9.865163 2.519992 10.955400 2.478124 10.450431 2.466632 4.447181 2.511185 10.374700 
2.514797 3.984254 2.480021 9.380242 2.514085 4.828968 2.502690 10.459369 2.495965 2.595664 
2.504566 2.816351 2.476931 10.209228 2.479531 3.094455 2.519441 3.721836 2.469069 3.558687 
2.524137 3.658499 2.516072 3.650010 2.507853 9.909358 2.477947 10.900675 2.487285 3.381478 
2.490576 11.185667 2.495491 3.239510 2.489064 5.155371 2.538316 5.036129 2.498623 2.936653 
2.500833 3.537723 2.480086 3.376612 2.506360 6.950390 2.493859 3.522941 2.514080 10.333801 
2.489519 10.513276 2.549454 3.863982 2.512189 11.120646 2.460276 7.208219 2.514777 3.345686 
2.502657 3.110279 2.502657 10.777041 2.503743 10.812754 2.475173 10.554483 2.508085 3.391692 
2.489994 10.849855 2.462869 5.133719 2.499826 10.449798 2.517467 2.330596 2.493985 3.968421 
2.509410 10.312915 2.478413 10.832903 2.499385 3.206335 2.473862 3.207688 2.509840 10.956519 
2.454957 6.515991 2.517857 10.339286 2.511327 2.763393 2.463886 10.880597 2.514659 6.749667 
2.499249 2.894213 2.520748 9.262135 2.486349 3.541677 2.484225 10.801482 2.504740 11.125576 
2.513705 8.336619 2.509901 10.645914 2.503761 10.419628 2.539732 1.921314 2.494942 8.509295 
2.523501 10.656158 2.488618 4.059204 2.511792 2.733049 2.455208 2.451605 2.485260 5.145758 
2.491925 3.266573 2.514907 3.230491 2.482722 3.376228 2.504461 10.636646 2.527894 3.755844 
2.482835 3.440179 2.519814 7.917933 2.495432 10.832892 2.510569 3.435368 2.486836 10.929718 
2.487785 10.546131 2.550037 10.868180 2.513269 10.668589 2.521081 3.634301 2.507130 2.970796 
2.524746 2.800841 2.490165 11.604854 2.493100 10.945431 2.475412 4.755076 2.466767 8.325428 
2.501788 3.475588 2.506113 2.619646 2.474424 11.649089 2.485237 3.904600 2.494303 10.166181 
2.469267 3.330532 2.465442 3.158116 2.479804 3.702208 2.513547 10.777659 2.478989 9.050113 
2.459385 2.806298 2.494043 6.968341 2.499625 9.921270 2.493210 6.977839 2.475881 5.802049 
2.460434 5.542378 2.527415 10.406306 2.510544 11.252762 2.504921 6.784294 2.565375 2.632456 
2.481916 8.492871 2.501217 6.434011 2.569814 10.847592 2.502260 11.509303 2.517214 3.490784 
2.511153 8.100141 2.476518 2.746259 2.542212 7.302776 2.516894 7.380612 2.516235 6.964518 
2.505250 3.194234 2.523408 10.955938 2.511102 6.693976 2.547504 3.311188 2.491136 11.079174 
2.492574 2.565921 2.436826 2.784639 2.466226 11.254323 2.546185 9.341709 2.571719 7.713733 
2.505363 2.569078 2.541629 3.496819 2.498909 6.029540 2.458826 3.486730 2.465643 2.924196 
2.553151 2.659653 2.522593 11.149584 2.501052 5.730187 2.567278 8.162108 2.539625 6.989480 
2.521531 11.164369 2.497112 10.670408 2.481357 3.271367 2.497374 10.535841 2.497243 3.148024 
2.491481 11.084738 2.498278 2.637031 2.451060 9.661682 2.510422 11.677542 2.467736 3.974171 
2.481294 10.818201 2.465011 2.933526 2.564877 11.945584 2.478306 10.105844 2.496032 9.304648 
2.528456 3.794241 2.527094 2.938418 2.522619 4.264520 2.487012 9.348380 2.516004 12.198755 
2.477753 2.230926 2.492633 10.816193 2.514077 2.255580 2.487965 10.996061 2.503282 5.037491 
2.518293 7.288954 2.496201 3.730333 2.472238 6.776739 2.487902 2.649094 2.532437 3.227002 
2.480679 3.007325 2.549742 10.324763 2.509829 11.013902 2.467374 9.936393 2.518798 11.442335 
2.482676 11.198979 2.502704 7.695874 2.469658 7.128079 2.569998 3.394152 2.465151 11.058882 
2.522220 3.079698 2.467284 5.076910 2.516235 2.497294 2.502296 3.483355 2.523942 10.951869 
2.507202 6.953188 2.504978 9.874073 2.485384 6.044906 2.495658 8.644885 2.478183 11.521712 
2.568849 2.703476 2.391352 6.484707 2.502641 7.894485 2.522663 9.501781 2.529419 10.640585 

Avg Classes:
2.501062 6.987991 2.500831 7.004122 2.500320 6.993248 2.501601 6.996249 2.500578 6.990609 
2.499498 7.005723 2.498374 7.006795 2.501292 7.002107 2.499690 7.004367 2.498954 6.983451 
2.499895 6.977804 2.500798 6.985700 2.497879 6.992608 2.496556 7.012830 2.497165 6.990719 
2.505279 7.053359 2.508546 7.025330 2.503622 7.027224 2.496757 7.017660 2.492969 7.021495 
2.515058 7.299356 2.473616 7.259717 2.514286 7.283912 2.472844 7.284170 2.470785 7.327413 
2.523547 7.069138 2.523547 7.098196 2.523547 7.013026 2.523547 6.972445 2.523547 6.891283 
2.484551 7.143258 2.502809 7.093399 2.549157 7.078652 2.497893 7.214185 2.465590 7.115169 
2.417391 6.704348 2.482609 6.821739 2.565217 6.452174 2.560870 6.960870 2.504348 6.700000 
2.416667 8.583333 2.416667 7.583333 2.416667 8.166667 2.416667 7.083333 2.416667 7.333333 
3.333333 7.666667 3.333333 7.666667 3.333333 12.000000 3.333333 8.000000 3.333333 11.666667 

Cluster 0 is class 0
Cluster 1 is class 7
Cluster 2 is class 9
Cluster 3 is class 4
Cluster 4 is class 8
Cluster 5 is class 0
Cluster 6 is class 0
Cluster 7 is class 4
Cluster 8 is class 0
Cluster 9 is class 7
Cluster 10 is class 4
Cluster 11 is class 8
Cluster 12 is class 0
Cluster 13 is class 9
Cluster 14 is class 0
Cluster 15 is class 0
Cluster 16 is class 8
Cluster 17 is class 7
Cluster 18 is class 7
Cluster 19 is class 0
Cluster 20 is class 0
Cluster 21 is class 0
Cluster 22 is class 8
Cluster 23 is class 0
Cluster 24 is class 0
Cluster 25 is class 0
Cluster 26 is class 0
Cluster 27 is class 7
Cluster 28 is class 8
Cluster 29 is class 5
Cluster 30 is class 7
Cluster 31 is class 9
Cluster 32 is class 8
Cluster 33 is class 0
Cluster 34 is class 0
Cluster 35 is class 0
Cluster 36 is class 0
Cluster 37 is class 8
Cluster 38 is class 4
Cluster 39 is class 0
Cluster 40 is class 0
Cluster 41 is class 0
Cluster 42 is class 0
Cluster 43 is class 0
Cluster 44 is class 0
Cluster 45 is class 0
Cluster 46 is class 9
Cluster 47 is class 0
Cluster 48 is class 0
Cluster 49 is class 0
Cluster 50 is class 9
Cluster 51 is class 8
Cluster 52 is class 7
Cluster 53 is class 0
Cluster 54 is class 0

Overall Accuracy is 0.262900

