----------------------------For Number of clusters 8----------------------------
Avg Clusters:
2.503014 7.050569 2.501674 9.852510 2.503660 4.345985 2.497028 5.067439 2.495443 10.081744 
2.506889 8.424287 2.496582 4.241663 2.508634 10.121758 2.485607 9.711312 2.500532 5.551822 
2.495668 5.622534 2.505517 9.170931 2.500194 9.051225 2.510937 3.958859 2.498039 3.551017 
2.492413 3.592647 2.501601 5.042736 2.505670 3.913419 2.499442 9.671340 2.496592 6.484658 
2.506507 5.511679 2.515249 10.138202 2.500524 9.999070 2.507625 10.085611 2.499268 9.490487 
2.499950 10.331113 2.473796 9.834500 2.493221 4.300167 2.503958 9.394135 2.508559 4.005900 
2.498192 6.783828 2.499122 4.038399 2.494340 9.661899 2.501913 3.744761 2.497824 10.154809 
2.501188 10.404374 2.500460 3.493667 2.491997 3.704569 2.503699 4.929382 2.504854 6.191746 

Avg Classes:
2.501062 6.987991 2.500831 7.004122 2.500320 6.993248 2.501601 6.996249 2.500578 6.990609 
2.499498 7.005723 2.498374 7.006795 2.501292 7.002107 2.499690 7.004367 2.498954 6.983451 
2.499895 6.977804 2.500798 6.985700 2.497879 6.992608 2.496556 7.012830 2.497165 6.990719 
2.505279 7.053359 2.508546 7.025330 2.503622 7.027224 2.496757 7.017660 2.492969 7.021495 
2.515058 7.299356 2.473616 7.259717 2.514286 7.283912 2.472844 7.284170 2.470785 7.327413 
2.523547 7.069138 2.523547 7.098196 2.523547 7.013026 2.523547 6.972445 2.523547 6.891283 
2.484551 7.143258 2.502809 7.093399 2.549157 7.078652 2.497893 7.214185 2.465590 7.115169 
2.417391 6.704348 2.482609 6.821739 2.565217 6.452174 2.560870 6.960870 2.504348 6.700000 
2.416667 8.583333 2.416667 7.583333 2.416667 8.166667 2.416667 7.083333 2.416667 7.333333 
3.333333 7.666667 3.333333 7.666667 3.333333 12.000000 3.333333 8.000000 3.333333 11.666667 

Cluster 0 is class 0
Cluster 1 is class 0
Cluster 2 is class 0
Cluster 3 is class 0
Cluster 4 is class 4
Cluster 5 is class 0
Cluster 6 is class 0
Cluster 7 is class 0

Overall Accuracy is 0.461337

