----------------------------For Number of clusters 74----------------------------
Avg Clusters:
2.493604 8.046991 2.495859 3.349046 2.502440 5.878549 2.482439 3.351560 2.493863 10.066290 
2.502218 11.124069 2.501717 3.981482 2.509548 10.883299 2.498592 4.056942 2.493499 9.716793 
2.507600 4.713339 2.554630 10.378855 2.501409 10.890582 2.497004 10.057547 2.512164 10.648331 
2.496062 3.771990 2.507877 5.399428 2.474541 2.497468 2.490482 10.700581 2.508815 8.610090 
2.505487 3.350848 2.513099 10.954403 2.493922 10.021986 2.498725 3.563759 2.478328 9.809851 
2.510972 10.748446 2.500103 4.825394 2.530940 3.988966 2.485817 2.978138 2.453168 3.497962 
2.502425 8.265562 2.507433 10.978854 2.494753 3.183162 2.486803 3.576238 2.487042 10.560617 
2.496725 10.991077 2.542383 9.965591 2.490793 10.738918 2.512340 3.193593 2.500902 6.558329 
2.497550 2.967032 2.477457 10.720797 2.506594 3.751893 2.543705 3.416912 2.474739 7.520182 
2.474348 3.624749 2.509034 3.306882 2.497937 2.904696 2.511934 10.249219 2.522585 3.315916 
2.494071 10.267269 2.483579 2.912497 2.482257 3.613004 2.474675 10.394049 2.522283 10.624157 
2.495306 3.228226 2.472982 10.002147 2.488714 10.180883 2.519626 2.640082 2.521025 3.525569 
2.495074 6.960975 2.502475 11.037295 2.508627 3.463546 2.525352 4.154804 2.472149 2.847888 
2.531530 10.190709 2.471103 11.124719 2.500573 3.740159 2.495817 10.436579 2.496624 9.924880 
2.510439 9.201481 2.521577 10.261022 2.465419 10.157103 2.510555 3.733613 2.493935 11.674364 
2.531183 4.107199 2.482280 3.328630 2.489035 9.740539 2.501342 2.988387 2.464838 3.510549 
2.520134 2.730569 2.515385 7.378395 2.511706 3.153378 2.486823 4.042007 2.478595 3.151371 
2.512494 11.264165 2.509443 10.525085 2.475061 3.713220 2.499516 9.481695 2.494237 3.197191 
2.494190 11.214309 2.475321 3.765162 2.513834 9.220009 2.511620 7.324535 2.467353 3.160082 
2.501035 3.475218 2.483333 11.230882 2.470098 3.019009 2.487037 10.269662 2.535730 4.214924 
2.509678 3.918797 2.486211 10.446638 2.518281 11.037423 2.471538 10.802179 2.520767 3.432299 
2.543204 10.717995 2.503788 4.971893 2.483696 8.959102 2.524978 10.102492 2.512407 11.271300 
2.494074 11.246461 2.451879 10.766678 2.534372 8.257027 2.478903 4.387944 2.522113 2.614426 
2.506668 3.094677 2.490448 6.422143 2.525772 9.435660 2.521387 3.137090 2.494894 10.844948 
2.521440 3.364617 2.533124 10.305431 2.526319 3.550456 2.479394 7.391578 2.524907 11.311272 
2.507511 6.760409 2.487166 7.195811 2.525281 5.479440 2.506395 10.983775 2.432054 11.101640 
2.506184 10.905006 2.468905 10.065253 2.503828 10.831567 2.523263 10.346349 2.507656 3.368433 
2.498411 2.851606 2.506256 2.336963 2.461143 9.195604 2.479675 5.084951 2.534461 10.946567 
2.452834 6.678255 2.512474 3.871568 2.491585 11.394006 2.466120 8.072335 2.519929 10.542737 
2.499753 3.268718 2.487000 6.438127 2.497779 8.010696 2.499835 7.562942 2.506253 6.986095 
2.504153 7.153130 2.508999 5.443547 2.570143 10.399323 2.502769 11.468466 2.450238 4.193047 
2.462967 10.404147 2.473674 3.418039 2.518872 10.817917 2.500847 2.643152 2.544013 3.371620 
2.512122 4.849260 2.497560 2.434588 2.512831 9.852330 2.565255 11.731817 2.497953 9.900189 
2.548950 6.816235 2.518152 2.408525 2.538038 6.381195 2.458495 10.113604 2.477463 5.970936 
2.518186 2.559725 2.485831 3.206399 2.491499 10.983284 2.492503 10.438123 2.505919 3.426645 
2.513816 2.630576 2.483326 2.805717 2.519446 4.841143 2.535297 10.323084 2.488870 11.276830 
2.528833 2.106791 2.464939 5.419028 2.525618 11.421338 2.476693 10.346393 2.485433 10.331224 
2.519759 7.861831 2.548082 10.771122 2.522438 11.457373 2.534686 4.025548 2.517367 2.623768 
2.492037 11.220606 2.474931 3.707039 2.539815 11.782639 2.478175 10.841919 2.482796 8.331105 
2.499731 10.983754 2.488789 3.596670 2.522624 3.060822 2.531686 10.655411 2.483687 3.064514 
2.527775 5.133816 2.507283 2.540532 2.466711 3.397087 2.483335 3.711711 2.514361 3.245988 
2.482166 11.495221 2.483954 10.309348 2.490092 2.804336 2.514337 3.236771 2.518921 5.483332 
2.460128 4.088795 2.503437 2.697296 2.485907 11.669111 2.520050 4.982585 2.497021 6.797090 
2.489430 8.070757 2.488843 6.637209 2.438442 3.121452 2.430319 7.161773 2.538657 5.238207 
2.506224 11.630963 2.484502 7.305539 2.492857 5.329351 2.498789 3.053137 2.488846 10.979447 
2.491994 6.317719 2.501125 3.612545 2.505492 11.272727 2.510520 2.025142 2.456663 10.257774 
2.468981 11.671344 2.545913 3.384170 2.452856 6.903496 2.496061 10.846258 2.478951 6.375677 
2.488455 11.274569 2.501792 2.831625 2.464533 2.593482 2.523297 3.755772 2.499375 9.851213 
2.510132 10.803765 2.516015 2.329847 2.454961 3.024055 2.489476 6.380703 2.562296 4.388940 
2.521151 3.230016 2.502644 5.882582 2.518118 2.800000 2.519907 2.930249 2.523173 11.020062 
2.530740 3.310068 2.460152 11.405405 2.481635 7.203544 2.525097 11.064251 2.515890 7.501733 
2.508740 7.704657 2.541742 2.295763 2.517130 11.670536 2.427912 9.145434 2.545798 3.164592 
2.433458 3.272077 2.516066 11.421331 2.455846 7.714034 2.504768 6.926721 2.501866 2.996683 
2.508365 11.264949 2.488156 10.915355 2.544393 10.396472 2.509773 9.593424 2.501160 10.815803 
2.500071 2.572607 2.518845 3.029299 2.491537 7.035557 2.480586 7.163704 2.504053 2.895036 
2.472703 2.866605 2.490008 2.597548 2.517202 3.356613 2.526267 3.910177 2.493820 7.729192 
2.454289 7.434639 2.554065 7.318037 2.461231 7.449818 2.493705 2.791270 2.517943 4.075185 
2.417130 2.340849 2.471010 9.922694 2.462518 6.408199 2.528111 11.135139 2.497657 11.710102 
2.532407 3.139103 2.525458 7.599368 2.486545 11.680733 2.490714 6.557044 2.484018 2.956286 
2.518654 5.207588 2.526720 2.892866 2.506680 2.530250 2.441518 6.448198 2.467608 11.409629 
2.450613 11.064214 2.501449 7.277703 2.513378 3.001895 2.556522 11.219844 2.476700 7.284727 
2.459362 2.423641 2.527696 5.462468 2.521311 7.527006 2.502157 11.911130 2.483348 6.277826 
2.484312 11.585841 2.507321 3.641030 2.469187 10.541271 2.527273 11.778761 2.519710 2.600805 
2.471065 4.122589 2.485307 7.341085 2.561745 6.438615 2.539030 8.899225 2.512710 2.265549 
2.478143 3.571186 2.493621 8.370641 2.532063 5.112944 2.467426 12.161422 2.446334 2.442592 
2.514322 7.184800 2.525872 11.266574 2.487757 10.273273 2.449064 6.803881 2.509009 7.117348 
2.506777 8.110429 2.478956 7.903410 2.504922 3.208589 2.509202 11.723356 2.512199 2.806962 
2.510603 8.252427 2.490291 11.379407 2.537302 6.807997 2.471768 11.334568 2.525805 3.402529 
2.422079 7.155474 2.564673 2.778105 2.461638 6.482061 2.560074 10.940570 2.484085 1.986385 
2.490264 11.224242 2.410574 11.535525 2.508704 6.307801 2.488072 5.006190 2.478788 8.637008 
2.435935 10.288622 2.514570 10.495094 2.467858 10.310294 2.501684 11.823400 2.476790 7.459072 
2.481748 10.543532 2.527939 7.232487 2.548612 2.473006 2.485411 6.763379 2.592558 11.073952 
2.502020 4.248413 2.504472 11.072995 2.520196 2.131420 2.509810 11.630554 2.494085 10.256780 
2.547461 8.632535 2.537443 6.520122 2.533197 11.441331 2.484802 6.446426 2.535235 3.663780 

Avg Classes:
2.501062 6.987991 2.500831 7.004122 2.500320 6.993248 2.501601 6.996249 2.500578 6.990609 
2.499498 7.005723 2.498374 7.006795 2.501292 7.002107 2.499690 7.004367 2.498954 6.983451 
2.499895 6.977804 2.500798 6.985700 2.497879 6.992608 2.496556 7.012830 2.497165 6.990719 
2.505279 7.053359 2.508546 7.025330 2.503622 7.027224 2.496757 7.017660 2.492969 7.021495 
2.515058 7.299356 2.473616 7.259717 2.514286 7.283912 2.472844 7.284170 2.470785 7.327413 
2.523547 7.069138 2.523547 7.098196 2.523547 7.013026 2.523547 6.972445 2.523547 6.891283 
2.484551 7.143258 2.502809 7.093399 2.549157 7.078652 2.497893 7.214185 2.465590 7.115169 
2.417391 6.704348 2.482609 6.821739 2.565217 6.452174 2.560870 6.960870 2.504348 6.700000 
2.416667 8.583333 2.416667 7.583333 2.416667 8.166667 2.416667 7.083333 2.416667 7.333333 
3.333333 7.666667 3.333333 7.666667 3.333333 12.000000 3.333333 8.000000 3.333333 11.666667 

Cluster 0 is class 0
Cluster 1 is class 8
Cluster 2 is class 9
Cluster 3 is class 7
Cluster 4 is class 0
Cluster 5 is class 0
Cluster 6 is class 0
Cluster 7 is class 8
Cluster 8 is class 0
Cluster 9 is class 7
Cluster 10 is class 0
Cluster 11 is class 5
Cluster 12 is class 0
Cluster 13 is class 0
Cluster 14 is class 9
Cluster 15 is class 0
Cluster 16 is class 7
Cluster 17 is class 0
Cluster 18 is class 0
Cluster 19 is class 5
Cluster 20 is class 4
Cluster 21 is class 9
Cluster 22 is class 8
Cluster 23 is class 0
Cluster 24 is class 0
Cluster 25 is class 0
Cluster 26 is class 8
Cluster 27 is class 0
Cluster 28 is class 9
Cluster 29 is class 0
Cluster 30 is class 0
Cluster 31 is class 8
Cluster 32 is class 4
Cluster 33 is class 0
Cluster 34 is class 0
Cluster 35 is class 0
Cluster 36 is class 9
Cluster 37 is class 0
Cluster 38 is class 4
Cluster 39 is class 0
Cluster 40 is class 0
Cluster 41 is class 5
Cluster 42 is class 0
Cluster 43 is class 7
Cluster 44 is class 8
Cluster 45 is class 9
Cluster 46 is class 4
Cluster 47 is class 0
Cluster 48 is class 0
Cluster 49 is class 7
Cluster 50 is class 4
Cluster 51 is class 0
Cluster 52 is class 5
Cluster 53 is class 9
Cluster 54 is class 7
Cluster 55 is class 0
Cluster 56 is class 0
Cluster 57 is class 0
Cluster 58 is class 0
Cluster 59 is class 0
Cluster 60 is class 4
Cluster 61 is class 0
Cluster 62 is class 8
Cluster 63 is class 0
Cluster 64 is class 7
Cluster 65 is class 8
Cluster 66 is class 0
Cluster 67 is class 0
Cluster 68 is class 0
Cluster 69 is class 8
Cluster 70 is class 8
Cluster 71 is class 4
Cluster 72 is class 0
Cluster 73 is class 0

Overall Accuracy is 0.274287

