----------------------------For Number of clusters 77----------------------------
Avg Clusters:
2.506365 3.595034 2.502580 10.616153 2.513120 4.393646 2.486880 10.871655 2.498534 3.640649 
2.551706 6.817826 2.498041 10.751714 2.492287 3.859696 2.472168 9.713312 2.477147 10.823498 
2.502117 10.113012 2.502835 8.821414 2.461407 10.574727 2.515779 3.644706 2.505464 10.756660 
2.478387 3.500944 2.462607 3.406651 2.512125 10.764364 2.484341 10.723462 2.521468 6.731400 
2.478600 3.837281 2.503151 10.019877 2.492001 4.239975 2.539615 2.986564 2.464056 3.774049 
2.484855 9.691444 2.475574 3.199207 2.501519 7.463424 2.491984 3.097283 2.530796 10.730046 
2.514589 11.081109 2.503233 4.294844 2.489348 3.151152 2.485287 4.334383 2.489141 7.510030 
2.515820 10.611757 2.497939 10.282577 2.491870 3.744893 2.522861 7.293417 2.486172 3.220503 
2.517670 2.940716 2.564464 6.374525 2.511569 9.689536 2.479394 7.371129 2.500403 2.677507 
2.488502 4.276727 2.495066 3.498369 2.495107 2.976189 2.458289 10.636671 2.509052 10.441450 
2.455831 11.458585 2.494969 9.444762 2.519066 7.313102 2.478869 10.690128 2.481411 9.321311 
2.469722 4.233919 2.516628 11.569697 2.485867 10.522791 2.508734 6.932417 2.545556 3.659995 
2.496240 7.159116 2.523480 11.246462 2.534909 9.669154 2.494286 2.807011 2.515545 6.098952 
2.534084 11.041083 2.476158 4.819278 2.516502 10.917378 2.531979 10.548025 2.510925 9.803858 
2.508858 2.363543 2.459297 9.777160 2.472328 10.642240 2.497584 2.427379 2.484480 4.951611 
2.513128 10.663693 2.509799 2.726131 2.488317 6.688945 2.472487 10.337374 2.481219 6.699812 
2.477321 10.192007 2.496695 4.057510 2.515153 2.506763 2.502441 10.906743 2.505237 3.703498 
2.518122 9.851696 2.474354 9.972365 2.487810 6.822036 2.500253 11.318599 2.514071 2.840049 
2.506038 10.159386 2.487998 10.501267 2.497838 3.393519 2.483177 3.033199 2.508623 10.699916 
2.505605 10.487215 2.490878 2.667009 2.524434 11.434757 2.480695 5.973258 2.460620 10.336288 
2.520750 9.596528 2.538910 3.229232 2.519656 2.789220 2.496171 5.391656 2.502224 11.643863 
2.492728 4.677296 2.470716 9.469550 2.522906 10.987789 2.488761 11.656763 2.519950 2.826165 
2.482355 3.834096 2.510575 11.431187 2.520658 4.298198 2.548995 3.132700 2.480385 10.456684 
2.503440 3.246299 2.485092 3.164356 2.537166 3.329389 2.500156 3.323134 2.516264 9.452513 
2.511641 10.991023 2.513612 6.266404 2.501496 2.781257 2.512225 10.788264 2.513174 10.693818 
2.474424 11.045891 2.497075 4.194568 2.523751 10.534325 2.526488 2.645376 2.479470 4.869519 
2.501092 3.613600 2.494186 7.523228 2.532495 10.825335 2.518269 3.489936 2.485390 11.073254 
2.482678 7.373847 2.551051 3.551217 2.547063 10.737227 2.495722 11.171721 2.486749 2.656393 
2.528472 3.375207 2.533871 11.778994 2.482111 10.242459 2.484774 5.004679 2.462386 10.754157 
2.478479 3.278130 2.506445 3.786869 2.471106 3.004424 2.529550 10.232958 2.532172 3.316911 
2.491404 10.165978 2.511135 3.859920 2.495611 4.522307 2.495466 6.146173 2.505404 2.375988 
2.479601 11.073207 2.479777 3.267132 2.460085 10.482338 2.479866 6.048658 2.542300 2.503356 
2.501427 10.884751 2.467247 9.909418 2.527725 6.140459 2.472411 2.667709 2.505504 3.151332 
2.465597 11.336132 2.538519 10.343704 2.491770 11.416955 2.552675 3.763621 2.491523 3.412510 
2.522764 2.694625 2.507146 10.238862 2.529805 3.414837 2.515164 7.424597 2.551837 8.172488 
2.481316 2.421004 2.484988 8.242953 2.499017 2.885145 2.491019 4.865085 2.529959 11.678642 
2.466674 8.110009 2.495470 8.499137 2.430867 2.567299 2.489323 10.834016 2.483499 6.567299 
2.487648 7.204729 2.483245 3.006441 2.477864 6.950510 2.511292 2.542030 2.496943 3.480717 
2.513755 4.881404 2.450180 10.182172 2.489939 2.603772 2.496063 6.869641 2.527753 2.730923 
2.477580 6.908875 2.494485 6.709824 2.487682 6.882899 2.483455 5.005979 2.535821 7.106793 
2.495727 6.669400 2.545958 6.902425 2.462125 2.749769 2.494457 3.409007 2.486028 10.874942 
2.442675 2.366517 2.499170 10.175709 2.492368 4.548863 2.506139 11.493695 2.507052 10.813174 
2.484759 3.374747 2.553381 10.484181 2.506357 10.722696 2.488515 10.549335 2.541751 11.004262 
2.484707 10.226108 2.502906 10.285850 2.508433 2.007051 2.474131 2.935684 2.507003 4.728442 
2.510232 11.457428 2.492041 4.142244 2.491410 7.763012 2.565184 11.158540 2.502274 2.434689 
2.506604 10.309580 2.544057 7.702149 2.504435 11.477627 2.459787 8.560615 2.492411 3.841021 
2.443109 10.433472 2.447979 2.155026 2.486839 4.673161 2.473264 10.574922 2.546218 11.286943 
2.461151 8.193180 2.521604 11.344216 2.493897 10.933152 2.531389 10.787154 2.481690 7.542240 
2.535935 2.397166 2.523081 3.107150 2.487521 6.157065 2.430099 3.517170 2.470726 3.311409 
2.513471 5.813593 2.505336 3.082575 2.488366 11.442355 2.528079 3.450840 2.485917 7.501662 
2.475729 10.456112 2.512827 11.575578 2.554703 2.308350 2.482646 11.513456 2.512575 4.259432 
2.511945 2.817895 2.487041 6.956502 2.506761 10.698783 2.489971 7.353505 2.530877 7.808993 
2.492490 2.310704 2.454760 5.922176 2.508102 4.271200 2.529864 10.555766 2.490952 7.128445 
2.550048 2.470695 2.503377 2.858418 2.500121 8.701278 2.506874 11.089363 2.452605 2.853473 
2.526565 11.378913 2.451709 11.326194 2.519872 3.024197 2.541598 7.969213 2.496808 10.431734 
2.489165 6.468055 2.585768 2.473088 2.516846 5.760520 2.504264 9.098700 2.404865 3.201594 
2.476689 1.947907 2.478592 2.733468 2.467531 10.250595 2.471813 3.627022 2.469910 7.812084 
2.483251 11.370936 2.526765 2.705911 2.480624 11.895402 2.522989 10.916256 2.493268 4.554516 
2.499637 5.382246 2.468734 6.981748 2.469563 7.750700 2.529296 11.037644 2.463238 11.004874 
2.526819 3.843928 2.449812 4.180167 2.515074 11.544134 2.557816 2.861363 2.497397 2.371837 
2.460805 4.446101 2.524186 3.871007 2.493053 1.921002 2.512321 4.020789 2.488186 3.616368 
2.539297 3.100228 2.482246 2.998722 2.490644 7.022821 2.541488 7.536924 2.497307 11.407850 
2.509429 10.982078 2.496590 3.745352 2.512906 2.883509 2.502608 2.340912 2.455129 2.819446 
2.520885 6.540996 2.447092 2.813274 2.500928 11.131498 2.389542 6.549814 2.513304 3.332921 
2.487294 3.212512 2.496702 3.447527 2.527061 11.423375 2.495150 10.074394 2.483026 11.591077 
2.529358 11.029228 2.466206 11.884264 2.461900 9.946242 2.498826 7.731341 2.520616 3.798669 
2.568733 7.059569 2.484501 8.545687 2.520889 10.819407 2.473046 3.119542 2.499461 2.356334 
2.604292 5.215147 2.548954 2.223129 2.523058 5.236963 2.554629 7.664775 2.451933 7.637637 
2.535649 7.370773 2.537615 2.537484 2.500393 9.641940 2.535649 11.189646 2.507733 11.178768 
2.532778 11.434017 2.501174 11.255499 2.512706 7.592676 2.495089 3.725817 2.457826 8.770553 
2.452617 3.906082 2.551344 2.491796 2.478359 10.327864 2.459972 3.073126 2.501980 11.999434 
2.541176 7.106980 2.531451 7.653176 2.483608 11.813176 2.466510 9.628549 2.480784 11.072157 
2.551418 10.443557 2.510309 11.668041 2.540851 10.874356 2.514433 9.085954 2.521134 11.510825 
2.488861 2.660452 2.489493 6.927635 2.459946 6.507505 2.544794 2.399589 2.544004 10.377943 
2.566999 2.326064 2.501051 10.904099 2.470310 10.265896 2.485418 11.369548 2.467420 6.415659 
2.509112 6.711874 2.514867 6.707462 2.521772 7.395166 2.489929 11.158258 2.466334 5.490505 
2.513846 11.295984 2.408399 10.543737 2.533835 11.252155 2.520814 11.988813 2.546121 3.354300 

Avg Classes:
2.501062 6.987991 2.500831 7.004122 2.500320 6.993248 2.501601 6.996249 2.500578 6.990609 
2.499498 7.005723 2.498374 7.006795 2.501292 7.002107 2.499690 7.004367 2.498954 6.983451 
2.499895 6.977804 2.500798 6.985700 2.497879 6.992608 2.496556 7.012830 2.497165 6.990719 
2.505279 7.053359 2.508546 7.025330 2.503622 7.027224 2.496757 7.017660 2.492969 7.021495 
2.515058 7.299356 2.473616 7.259717 2.514286 7.283912 2.472844 7.284170 2.470785 7.327413 
2.523547 7.069138 2.523547 7.098196 2.523547 7.013026 2.523547 6.972445 2.523547 6.891283 
2.484551 7.143258 2.502809 7.093399 2.549157 7.078652 2.497893 7.214185 2.465590 7.115169 
2.417391 6.704348 2.482609 6.821739 2.565217 6.452174 2.560870 6.960870 2.504348 6.700000 
2.416667 8.583333 2.416667 7.583333 2.416667 8.166667 2.416667 7.083333 2.416667 7.333333 
3.333333 7.666667 3.333333 7.666667 3.333333 12.000000 3.333333 8.000000 3.333333 11.666667 

Cluster 0 is class 0
Cluster 1 is class 0
Cluster 2 is class 8
Cluster 3 is class 0
Cluster 4 is class 7
Cluster 5 is class 8
Cluster 6 is class 0
Cluster 7 is class 0
Cluster 8 is class 0
Cluster 9 is class 0
Cluster 10 is class 8
Cluster 11 is class 0
Cluster 12 is class 0
Cluster 13 is class 9
Cluster 14 is class 0
Cluster 15 is class 0
Cluster 16 is class 7
Cluster 17 is class 8
Cluster 18 is class 4
Cluster 19 is class 8
Cluster 20 is class 0
Cluster 21 is class 0
Cluster 22 is class 0
Cluster 23 is class 0
Cluster 24 is class 0
Cluster 25 is class 8
Cluster 26 is class 9
Cluster 27 is class 0
Cluster 28 is class 4
Cluster 29 is class 2
Cluster 30 is class 0
Cluster 31 is class 0
Cluster 32 is class 0
Cluster 33 is class 8
Cluster 34 is class 0
Cluster 35 is class 7
Cluster 36 is class 7
Cluster 37 is class 0
Cluster 38 is class 7
Cluster 39 is class 0
Cluster 40 is class 0
Cluster 41 is class 0
Cluster 42 is class 9
Cluster 43 is class 0
Cluster 44 is class 8
Cluster 45 is class 8
Cluster 46 is class 0
Cluster 47 is class 8
Cluster 48 is class 0
Cluster 49 is class 0
Cluster 50 is class 4
Cluster 51 is class 0
Cluster 52 is class 0
Cluster 53 is class 0
Cluster 54 is class 4
Cluster 55 is class 0
Cluster 56 is class 0
Cluster 57 is class 4
Cluster 58 is class 0
Cluster 59 is class 0
Cluster 60 is class 0
Cluster 61 is class 0
Cluster 62 is class 7
Cluster 63 is class 0
Cluster 64 is class 9
Cluster 65 is class 8
Cluster 66 is class 0
Cluster 67 is class 0
Cluster 68 is class 9
Cluster 69 is class 8
Cluster 70 is class 9
Cluster 71 is class 9
Cluster 72 is class 9
Cluster 73 is class 0
Cluster 74 is class 0
Cluster 75 is class 0
Cluster 76 is class 4

Overall Accuracy is 0.299315

