----------------------------For Number of clusters 36----------------------------
Avg Clusters:
2.493975 3.789403 2.513406 10.236816 2.492175 9.834894 2.522039 3.593408 2.490353 3.929361 
2.514009 4.510292 2.528006 3.502294 2.512738 10.090451 2.470653 9.885812 2.506058 3.771131 
2.500613 10.677543 2.492138 9.534090 2.492406 4.080759 2.493276 9.930905 2.494413 3.960970 
2.507785 3.380916 2.530112 10.110857 2.504432 9.330076 2.502170 4.115899 2.496842 10.811010 
2.497025 10.902596 2.510320 9.848865 2.508898 10.485705 2.500763 4.442558 2.513163 3.690491 
2.502199 4.670311 2.479967 3.796724 2.519831 4.100710 2.509280 4.262528 2.516543 10.187601 
2.500242 10.618659 2.510272 3.499855 2.500194 10.025680 2.502907 4.502374 2.499927 9.948035 
2.505442 4.104459 2.525837 4.118416 2.497074 3.904553 2.461610 4.060510 2.478026 3.432321 
2.498537 10.099730 2.492620 3.948229 2.498028 4.131289 2.502327 10.228802 2.496919 10.027193 
2.505917 4.788242 2.516846 10.022571 2.490184 9.851369 2.506466 10.677723 2.510997 10.374585 
2.500816 3.370022 2.498928 4.024598 2.484151 3.894860 2.500752 10.679813 2.497265 10.196750 
2.494384 11.128742 2.487914 9.882087 2.512757 10.101452 2.501157 10.094914 2.499983 9.474235 
2.475112 10.029371 2.480784 3.057144 2.519184 9.937641 2.492388 4.326955 2.503504 3.258761 
2.498676 10.054875 2.503481 3.197176 2.487989 4.036311 2.525869 10.178514 2.507174 3.335098 
2.477384 10.851656 2.509545 4.296231 2.503753 10.779141 2.507221 10.815341 2.481919 4.383798 
2.505758 7.735563 2.479975 10.747163 2.529424 10.358129 2.514098 10.609356 2.512870 3.005588 
2.502144 3.939211 2.508636 10.456575 2.505604 2.933913 2.507932 4.054235 2.496662 9.676395 
2.501188 10.982731 2.511897 4.521294 2.486791 3.246197 2.482642 3.402468 2.501152 9.634126 
2.491933 3.507925 2.503901 3.187312 2.489215 10.551206 2.490945 3.872207 2.480707 9.791859 
2.486115 9.675206 2.495681 10.458842 2.512925 3.425876 2.510939 3.277430 2.483831 3.646609 
2.496752 10.516569 2.506126 10.579393 2.477880 9.581326 2.512458 3.358276 2.491654 10.640531 
2.511932 10.760292 2.492536 3.717315 2.487333 3.388204 2.516286 3.464827 2.466750 3.243893 
2.512968 3.240776 2.468239 10.577140 2.477980 3.346998 2.542477 6.353087 2.522994 3.434793 
2.503538 8.538630 2.505959 3.351014 2.520680 10.650553 2.496842 10.813049 2.502113 10.915618 
2.525522 9.713162 2.479381 10.686709 2.505986 3.244080 2.496446 9.897229 2.497511 10.637604 
2.503674 2.417407 2.498998 10.595797 2.496275 10.252068 2.482248 10.461799 2.502903 4.122694 
2.482938 3.258554 2.508612 4.345141 2.494405 3.103255 2.519058 10.728075 2.515762 3.710850 
2.507251 2.637509 2.470277 3.846498 2.509256 10.738661 2.514347 10.365576 2.489561 10.005862 
2.481334 3.108209 2.509461 10.655749 2.506658 3.549923 2.470635 10.660141 2.498622 9.881979 
2.517415 3.484212 2.441135 3.886068 2.477593 10.653483 2.515299 3.344238 2.510688 3.171495 
2.510243 8.827385 2.502561 7.098271 2.462308 7.310179 2.505522 2.974712 2.532570 6.031610 
2.493485 4.971997 2.483244 10.795813 2.509302 3.290724 2.461204 11.531212 2.509820 3.571725 
2.504130 10.461654 2.480464 10.866935 2.506084 3.300123 2.476334 3.377540 2.499888 10.557658 
2.543476 6.727646 2.466294 7.220708 2.516299 11.582642 2.486986 3.301913 2.483455 9.799409 
2.510634 7.089904 2.523266 11.365376 2.468468 7.203492 2.488994 6.627473 2.505898 6.742268 
2.475703 3.015684 2.503445 6.954306 2.556210 7.349501 2.502448 10.353037 2.469991 4.380961 

Avg Classes:
2.501062 6.987991 2.500831 7.004122 2.500320 6.993248 2.501601 6.996249 2.500578 6.990609 
2.499498 7.005723 2.498374 7.006795 2.501292 7.002107 2.499690 7.004367 2.498954 6.983451 
2.499895 6.977804 2.500798 6.985700 2.497879 6.992608 2.496556 7.012830 2.497165 6.990719 
2.505279 7.053359 2.508546 7.025330 2.503622 7.027224 2.496757 7.017660 2.492969 7.021495 
2.515058 7.299356 2.473616 7.259717 2.514286 7.283912 2.472844 7.284170 2.470785 7.327413 
2.523547 7.069138 2.523547 7.098196 2.523547 7.013026 2.523547 6.972445 2.523547 6.891283 
2.484551 7.143258 2.502809 7.093399 2.549157 7.078652 2.497893 7.214185 2.465590 7.115169 
2.417391 6.704348 2.482609 6.821739 2.565217 6.452174 2.560870 6.960870 2.504348 6.700000 
2.416667 8.583333 2.416667 7.583333 2.416667 8.166667 2.416667 7.083333 2.416667 7.333333 
3.333333 7.666667 3.333333 7.666667 3.333333 12.000000 3.333333 8.000000 3.333333 11.666667 

Cluster 0 is class 5
Cluster 1 is class 0
Cluster 2 is class 0
Cluster 3 is class 0
Cluster 4 is class 8
Cluster 5 is class 0
Cluster 6 is class 4
Cluster 7 is class 0
Cluster 8 is class 0
Cluster 9 is class 9
Cluster 10 is class 0
Cluster 11 is class 8
Cluster 12 is class 0
Cluster 13 is class 0
Cluster 14 is class 8
Cluster 15 is class 8
Cluster 16 is class 0
Cluster 17 is class 0
Cluster 18 is class 0
Cluster 19 is class 0
Cluster 20 is class 8
Cluster 21 is class 5
Cluster 22 is class 7
Cluster 23 is class 9
Cluster 24 is class 0
Cluster 25 is class 0
Cluster 26 is class 0
Cluster 27 is class 0
Cluster 28 is class 0
Cluster 29 is class 0
Cluster 30 is class 0
Cluster 31 is class 5
Cluster 32 is class 8
Cluster 33 is class 8
Cluster 34 is class 0
Cluster 35 is class 0

Overall Accuracy is 0.322918

