----------------------------For Number of clusters 45----------------------------
Avg Clusters:
2.523837 4.093114 2.518081 6.403951 2.487089 9.655796 2.470797 10.414068 2.497960 8.408311 
2.483513 10.296738 2.492520 3.604646 2.510304 10.100957 2.510711 3.614721 2.494555 4.357343 
2.501755 10.438936 2.498127 4.594736 2.493956 4.058272 2.479300 3.634204 2.501991 10.008176 
2.498619 10.641801 2.477359 4.495426 2.488924 3.861277 2.510501 10.698562 2.508084 9.746346 
2.487788 3.650755 2.517787 9.665476 2.524552 4.319423 2.519611 3.490524 2.499164 10.563545 
2.502780 3.326220 2.463172 2.863946 2.517974 4.405435 2.527539 4.103008 2.531061 9.922856 
2.493884 11.075513 2.500594 10.233120 2.503227 3.838219 2.498314 4.616656 2.497737 3.565062 
2.502104 3.319209 2.485832 4.150426 2.497301 3.665860 2.498343 10.963101 2.501582 10.417545 
2.531874 4.964280 2.509171 10.448258 2.477033 10.911775 2.492604 3.723553 2.485939 10.257731 
2.516790 10.629836 2.510506 4.362048 2.472115 5.428782 2.537180 10.570302 2.506939 2.921745 
2.492880 10.101760 2.472032 10.438397 2.508231 10.213745 2.508886 10.162423 2.509370 3.933271 
2.528887 3.754981 2.499692 11.009347 2.512001 3.183322 2.492923 9.634049 2.522386 9.905339 
2.510591 3.710002 2.506317 3.728841 2.508026 10.380110 2.495298 10.137289 2.497958 3.122724 
2.491998 11.207512 2.505257 9.709959 2.497024 9.876438 2.501554 3.937740 2.513887 10.138970 
2.504305 8.732696 2.533038 3.334047 2.479520 2.919890 2.504876 5.815565 2.501356 3.224728 
2.507559 10.196227 2.476317 11.009227 2.498653 3.235144 2.493994 3.783995 2.495364 10.550678 
2.465920 10.657438 2.504636 3.434973 2.516139 11.135205 2.482488 10.522749 2.494463 5.216113 
2.499149 3.826555 2.486469 10.007268 2.506418 4.023938 2.508366 10.426283 2.506170 3.193734 
2.514737 3.187133 2.522657 4.517554 2.510696 4.648351 2.466117 3.505919 2.463708 3.252980 
2.504452 10.493515 2.481385 4.386945 2.518334 3.836360 2.484821 2.029938 2.456005 3.795345 
2.442018 5.888318 2.486049 10.400057 2.494041 5.672162 2.510455 11.823021 2.460216 10.259759 
2.482612 9.894905 2.493328 3.188152 2.505863 10.670886 2.504408 4.589689 2.499070 10.903680 
2.528585 11.122575 2.479886 10.778372 2.499763 4.183247 2.478372 10.220871 2.504780 10.066635 
2.484202 4.029089 2.499149 2.653391 2.539211 10.741604 2.502933 9.652398 2.479614 10.831899 
2.461133 3.664783 2.473580 6.275809 2.491295 2.737248 2.477398 7.187691 2.494502 6.648900 
2.516504 4.904904 2.498480 3.465915 2.485210 10.390336 2.499364 2.691491 2.491900 9.443357 
2.493700 3.673013 2.538816 10.464205 2.492626 10.360814 2.493143 6.745558 2.536232 3.484040 
2.513704 3.432185 2.450390 4.038019 2.483379 10.894694 2.513000 3.368217 2.506211 3.516771 
2.504360 3.455492 2.483667 10.943194 2.514055 10.502408 2.483798 11.625716 2.490500 4.293922 
2.498935 10.422697 2.500137 10.550871 2.498717 3.211567 2.493911 11.007209 2.493255 3.556988 
2.501378 10.200632 2.535396 10.448611 2.508155 10.765485 2.508742 3.147097 2.498125 3.477931 
2.498862 9.381957 2.498250 6.483987 2.544452 9.956598 2.469636 6.866118 2.499650 2.870581 
2.515466 9.721861 2.521474 10.159525 2.497642 10.859689 2.532347 10.490641 2.506777 10.702497 
2.490035 3.536605 2.485066 10.866694 2.492187 3.180593 2.534812 3.489267 2.457554 3.766330 
2.526210 7.159178 2.513062 11.060345 2.475967 7.161094 2.506966 5.596656 2.464211 6.864594 
2.480787 2.795555 2.535212 10.939818 2.499063 10.386866 2.514661 9.716963 2.513188 11.010309 
2.503661 7.746522 2.565292 10.640103 2.492800 2.219917 2.452038 6.547962 2.526605 6.366854 
2.549835 10.477872 2.493152 3.676452 2.489792 10.000317 2.508433 10.878455 2.506277 11.147160 
2.500842 7.722690 2.558492 2.714779 2.466925 3.280508 2.479296 7.303737 2.477192 11.202491 
2.504044 3.105689 2.460452 10.546196 2.485881 10.230089 2.522755 2.255997 2.496710 4.003770 
2.483798 3.116976 2.508592 3.200933 2.466122 3.742850 2.518105 10.698785 2.523628 3.268872 
2.520549 6.648256 2.509824 2.443063 2.526464 7.631415 2.514435 7.579190 2.481355 5.861267 
2.464924 1.925711 2.517042 5.372270 2.512492 10.479897 2.504798 3.973031 2.488253 10.690520 
2.459858 7.366248 2.488804 10.159585 2.503987 5.973239 2.512179 2.523211 2.543419 2.856581 
2.464152 7.699016 2.498225 3.241760 2.578136 2.664537 2.414258 11.510293 2.488693 5.201095 

Avg Classes:
2.501062 6.987991 2.500831 7.004122 2.500320 6.993248 2.501601 6.996249 2.500578 6.990609 
2.499498 7.005723 2.498374 7.006795 2.501292 7.002107 2.499690 7.004367 2.498954 6.983451 
2.499895 6.977804 2.500798 6.985700 2.497879 6.992608 2.496556 7.012830 2.497165 6.990719 
2.505279 7.053359 2.508546 7.025330 2.503622 7.027224 2.496757 7.017660 2.492969 7.021495 
2.515058 7.299356 2.473616 7.259717 2.514286 7.283912 2.472844 7.284170 2.470785 7.327413 
2.523547 7.069138 2.523547 7.098196 2.523547 7.013026 2.523547 6.972445 2.523547 6.891283 
2.484551 7.143258 2.502809 7.093399 2.549157 7.078652 2.497893 7.214185 2.465590 7.115169 
2.417391 6.704348 2.482609 6.821739 2.565217 6.452174 2.560870 6.960870 2.504348 6.700000 
2.416667 8.583333 2.416667 7.583333 2.416667 8.166667 2.416667 7.083333 2.416667 7.333333 
3.333333 7.666667 3.333333 7.666667 3.333333 12.000000 3.333333 8.000000 3.333333 11.666667 

Cluster 0 is class 0
Cluster 1 is class 8
Cluster 2 is class 0
Cluster 3 is class 4
Cluster 4 is class 7
Cluster 5 is class 0
Cluster 6 is class 0
Cluster 7 is class 0
Cluster 8 is class 8
Cluster 9 is class 0
Cluster 10 is class 8
Cluster 11 is class 0
Cluster 12 is class 0
Cluster 13 is class 8
Cluster 14 is class 0
Cluster 15 is class 0
Cluster 16 is class 8
Cluster 17 is class 7
Cluster 18 is class 7
Cluster 19 is class 0
Cluster 20 is class 0
Cluster 21 is class 8
Cluster 22 is class 0
Cluster 23 is class 9
Cluster 24 is class 7
Cluster 25 is class 0
Cluster 26 is class 0
Cluster 27 is class 0
Cluster 28 is class 0
Cluster 29 is class 0
Cluster 30 is class 8
Cluster 31 is class 0
Cluster 32 is class 9
Cluster 33 is class 5
Cluster 34 is class 0
Cluster 35 is class 9
Cluster 36 is class 7
Cluster 37 is class 9
Cluster 38 is class 7
Cluster 39 is class 0
Cluster 40 is class 7
Cluster 41 is class 0
Cluster 42 is class 0
Cluster 43 is class 0
Cluster 44 is class 0

Overall Accuracy is 0.270423

