----------------------------For Number of clusters 12----------------------------
Avg Clusters:
2.493462 4.816693 2.492115 4.354099 2.498440 8.866693 2.503957 4.245050 2.504779 10.083343 
2.507075 9.937942 2.504855 3.847585 2.495189 3.882587 2.494590 4.747861 2.505699 4.976517 
2.505037 3.958081 2.510088 9.791931 2.510965 4.068280 2.493683 9.025868 2.502368 9.829675 
2.506313 7.792588 2.506385 4.286069 2.504660 10.585341 2.485783 10.350963 2.493253 4.578946 
2.503706 8.074018 2.509363 9.960314 2.497064 10.659381 2.507317 9.636362 2.503264 9.892786 
2.503183 3.964232 2.508786 10.275899 2.500191 10.121307 2.510623 6.073316 2.509849 3.854316 
2.499975 10.165616 2.495709 10.308612 2.490204 5.525686 2.497266 3.597349 2.493281 9.665199 
2.492308 4.503960 2.505346 9.216073 2.495930 3.573601 2.504779 3.848420 2.481051 3.722363 
2.501251 10.093857 2.472520 9.661902 2.495010 4.310417 2.511518 10.420997 2.490797 3.848351 
2.493756 3.217369 2.496180 3.606115 2.501381 4.667664 2.499003 10.042449 2.500491 5.016661 
2.505682 9.776905 2.494395 3.658941 2.501065 4.786725 2.492172 9.977071 2.504925 10.728021 
2.492169 10.369650 2.499294 6.440767 2.523609 10.779044 2.508827 3.408364 2.493448 4.092591 

Avg Classes:
2.501062 6.987991 2.500831 7.004122 2.500320 6.993248 2.501601 6.996249 2.500578 6.990609 
2.499498 7.005723 2.498374 7.006795 2.501292 7.002107 2.499690 7.004367 2.498954 6.983451 
2.499895 6.977804 2.500798 6.985700 2.497879 6.992608 2.496556 7.012830 2.497165 6.990719 
2.505279 7.053359 2.508546 7.025330 2.503622 7.027224 2.496757 7.017660 2.492969 7.021495 
2.515058 7.299356 2.473616 7.259717 2.514286 7.283912 2.472844 7.284170 2.470785 7.327413 
2.523547 7.069138 2.523547 7.098196 2.523547 7.013026 2.523547 6.972445 2.523547 6.891283 
2.484551 7.143258 2.502809 7.093399 2.549157 7.078652 2.497893 7.214185 2.465590 7.115169 
2.417391 6.704348 2.482609 6.821739 2.565217 6.452174 2.560870 6.960870 2.504348 6.700000 
2.416667 8.583333 2.416667 7.583333 2.416667 8.166667 2.416667 7.083333 2.416667 7.333333 
3.333333 7.666667 3.333333 7.666667 3.333333 12.000000 3.333333 8.000000 3.333333 11.666667 

Cluster 0 is class 0
Cluster 1 is class 7
Cluster 2 is class 0
Cluster 3 is class 8
Cluster 4 is class 9
Cluster 5 is class 0
Cluster 6 is class 8
Cluster 7 is class 0
Cluster 8 is class 0
Cluster 9 is class 0
Cluster 10 is class 0
Cluster 11 is class 8

Overall Accuracy is 0.305593

