----------------------------For Number of clusters 30----------------------------
Avg Clusters:
2.491992 4.857690 2.503295 9.716595 2.496962 3.885213 2.524375 4.232133 2.488880 3.914909 
2.499943 9.082209 2.532415 4.198796 2.501048 9.969262 2.487766 10.519285 2.496627 3.908758 
2.503289 10.102571 2.480965 8.668208 2.488639 3.510225 2.509348 10.018916 2.506637 9.898306 
2.491120 11.169255 2.496798 10.159584 2.506080 4.425756 2.484171 4.362519 2.485545 4.006845 
2.497551 9.678366 2.502528 3.961500 2.488167 10.031005 2.500836 4.072574 2.507879 9.916547 
2.509234 9.528299 2.471787 10.078162 2.502216 4.207126 2.495937 11.058671 2.496988 3.490113 
2.507056 3.703814 2.500809 9.584630 2.518802 10.192110 2.498610 10.195243 2.491657 3.969410 
2.504317 4.304774 2.528126 9.754566 2.487974 9.326151 2.491598 10.257010 2.515869 10.673411 
2.479703 3.615531 2.508591 3.650559 2.493043 4.123967 2.504594 9.963139 2.497791 4.226070 
2.495487 9.641168 2.496401 10.143826 2.503378 3.838566 2.488704 3.490642 2.498920 10.649806 
2.495676 10.749334 2.502666 3.251288 2.488419 3.445945 2.519252 9.323263 2.508826 4.140246 
2.512159 3.861000 2.481380 3.930923 2.519748 3.853575 2.499377 4.056061 2.526585 10.006579 
2.508970 3.638290 2.486429 3.310269 2.512461 10.568692 2.496875 10.162441 2.492843 9.382573 
2.515707 4.420491 2.506001 3.362741 2.492225 6.163507 2.461332 3.167160 2.485615 3.351748 
2.496295 10.666459 2.497541 10.660918 2.510492 10.707705 2.509574 8.733377 2.511770 4.129672 
2.504066 3.373273 2.516247 10.098201 2.518239 3.010450 2.489109 9.908494 2.496130 10.097645 
2.493789 9.108851 2.516335 9.526025 2.517391 10.731646 2.509441 2.836149 2.511957 3.883447 
2.507968 10.628247 2.505618 3.794462 2.501594 3.669402 2.474582 2.874422 2.477610 4.884303 
2.510148 2.823590 2.493818 10.026906 2.482884 10.353498 2.510041 3.400593 2.502859 4.422890 
2.508109 10.817472 2.487563 9.936987 2.505076 10.243923 2.524570 9.921658 2.494884 10.585440 
2.505618 3.733307 2.484270 3.274679 2.496388 11.310995 2.498074 5.448836 2.491011 3.631541 
2.510735 9.678695 2.520090 10.522806 2.470253 10.544490 2.507286 3.269443 2.477712 10.557510 
2.505398 5.239554 2.480291 3.086116 2.490334 3.709480 2.498440 10.733295 2.507335 10.755389 
2.508398 10.845985 2.492033 3.125161 2.523783 8.829934 2.486356 10.593000 2.497710 10.519320 
2.488074 3.062142 2.499506 10.603022 2.511095 4.692615 2.534670 3.353230 2.485147 10.448954 
2.502172 3.055972 2.487414 10.679664 2.474087 3.515745 2.487414 10.507651 2.527986 3.551530 
2.481076 3.278739 2.510465 4.369974 2.499449 10.428161 2.499843 3.315800 2.486584 10.616020 
2.512770 3.369698 2.510144 10.888169 2.500531 11.060582 2.492874 4.294529 2.486727 10.512491 
2.505119 10.649912 2.508485 3.139030 2.507516 3.298072 2.500323 4.637231 2.506779 11.019229 
2.476315 10.956763 2.466228 3.193032 2.515020 10.336651 2.519108 4.200276 2.505199 3.265064 

Avg Classes:
2.501062 6.987991 2.500831 7.004122 2.500320 6.993248 2.501601 6.996249 2.500578 6.990609 
2.499498 7.005723 2.498374 7.006795 2.501292 7.002107 2.499690 7.004367 2.498954 6.983451 
2.499895 6.977804 2.500798 6.985700 2.497879 6.992608 2.496556 7.012830 2.497165 6.990719 
2.505279 7.053359 2.508546 7.025330 2.503622 7.027224 2.496757 7.017660 2.492969 7.021495 
2.515058 7.299356 2.473616 7.259717 2.514286 7.283912 2.472844 7.284170 2.470785 7.327413 
2.523547 7.069138 2.523547 7.098196 2.523547 7.013026 2.523547 6.972445 2.523547 6.891283 
2.484551 7.143258 2.502809 7.093399 2.549157 7.078652 2.497893 7.214185 2.465590 7.115169 
2.417391 6.704348 2.482609 6.821739 2.565217 6.452174 2.560870 6.960870 2.504348 6.700000 
2.416667 8.583333 2.416667 7.583333 2.416667 8.166667 2.416667 7.083333 2.416667 7.333333 
3.333333 7.666667 3.333333 7.666667 3.333333 12.000000 3.333333 8.000000 3.333333 11.666667 

Cluster 0 is class 7
Cluster 1 is class 0
Cluster 2 is class 0
Cluster 3 is class 5
Cluster 4 is class 8
Cluster 5 is class 0
Cluster 6 is class 0
Cluster 7 is class 9
Cluster 8 is class 0
Cluster 9 is class 0
Cluster 10 is class 0
Cluster 11 is class 0
Cluster 12 is class 0
Cluster 13 is class 0
Cluster 14 is class 8
Cluster 15 is class 0
Cluster 16 is class 8
Cluster 17 is class 0
Cluster 18 is class 0
Cluster 19 is class 8
Cluster 20 is class 0
Cluster 21 is class 8
Cluster 22 is class 0
Cluster 23 is class 8
Cluster 24 is class 0
Cluster 25 is class 7
Cluster 26 is class 0
Cluster 27 is class 9
Cluster 28 is class 0
Cluster 29 is class 0

Overall Accuracy is 0.333461

