----------------------------For Number of clusters 44----------------------------
Avg Clusters:
2.495665 10.752097 2.501717 3.721978 2.519422 10.459973 2.498508 4.755982 2.492541 10.426505 
2.508497 9.008967 2.512012 4.242527 2.513008 9.840778 2.505950 11.234114 2.508358 10.203476 
2.502156 4.292149 2.490174 10.564195 2.514313 9.703539 2.507069 10.343009 2.496591 3.972577 
2.512011 3.115764 2.494947 3.488493 2.487737 9.821018 2.501936 3.977993 2.504833 4.443409 
2.471679 10.690015 2.524054 10.297004 2.512636 9.840079 2.511043 5.160972 2.507888 3.307040 
2.482197 9.879804 2.496349 10.872471 2.504069 9.552925 2.513782 9.596861 2.483002 10.365733 
2.512950 9.238284 2.470107 10.160307 2.493761 3.722201 2.483584 10.732821 2.500610 3.927514 
2.490492 10.301440 2.478284 3.971866 2.483713 3.229844 2.487403 10.112448 2.502789 10.034643 
2.476891 4.011307 2.513399 3.855893 2.489643 3.851178 2.497173 10.071597 2.497807 3.948026 
2.497807 10.209574 2.505853 3.819095 2.504836 3.754931 2.483371 4.005751 2.481686 3.648822 
2.529966 3.294280 2.515804 9.979441 2.491523 10.476780 2.492628 3.908314 2.480415 10.145570 
2.488459 10.341651 2.527079 3.822018 2.487782 10.095132 2.488846 10.316215 2.497937 3.154642 
2.508169 3.171713 2.456756 4.004668 2.522173 3.862779 2.520552 3.902587 2.527295 10.321058 
2.528909 10.241457 2.472391 10.904141 2.505355 3.756252 2.496657 4.007150 2.490838 10.026866 
2.469303 10.612525 2.475276 3.296876 2.511639 10.671123 2.520552 3.402835 2.513867 3.507894 
2.487996 10.359907 2.519955 10.533023 2.465255 10.846181 2.512004 3.205429 2.502026 10.293861 
2.508681 10.643319 2.462163 10.394074 2.526578 10.706074 2.499141 11.078459 2.506193 3.837096 
2.509725 3.821963 2.513511 10.164019 2.507805 3.711574 2.490934 10.217513 2.507146 10.380490 
2.499981 3.281256 2.525341 10.528397 2.486018 8.085248 2.517265 3.332126 2.496623 3.385637 
2.486682 2.930996 2.488024 3.810231 2.505502 10.206978 2.508454 9.903120 2.490205 10.208420 
2.488096 4.195354 2.488636 9.937675 2.492663 2.677552 2.529742 4.268503 2.495109 4.050852 
2.491521 4.159353 2.504409 3.169163 2.496530 10.531698 2.494130 3.195721 2.497887 10.870180 
2.508888 3.476715 2.496107 3.455120 2.503061 3.494736 2.494295 10.709662 2.495226 10.583713 
2.509760 10.337059 2.485140 10.786866 2.502498 3.636930 2.498481 3.132475 2.491373 3.369920 
2.511270 3.415116 2.528588 10.485835 2.505066 10.630635 2.481751 10.617452 2.517163 10.455335 
2.520951 8.033203 2.535627 2.774686 2.506275 4.026961 2.465967 5.914802 2.488147 10.631914 
2.511985 3.526588 2.523076 3.394972 2.504591 3.391706 2.470824 3.422454 2.476801 3.524432 
2.468475 11.609395 2.536632 8.577661 2.500795 2.918781 2.524156 7.530939 2.489994 3.810935 
2.475336 11.100775 2.507107 4.202163 2.483195 3.436653 2.515969 2.717519 2.507553 10.366590 
2.491955 10.647178 2.500664 3.240933 2.513409 3.467527 2.535978 10.748500 2.510966 3.451118 
2.516797 10.650252 2.466407 10.525109 2.500573 3.233547 2.496503 10.664068 2.516510 10.514446 
2.548493 11.127478 2.516846 6.057338 2.469908 7.256378 2.523691 9.233887 2.465641 6.980265 
2.520513 3.523567 2.526622 6.166377 2.517279 11.031323 2.475415 8.790262 2.523986 2.755106 
2.522057 3.706281 2.481499 2.571767 2.512642 10.262839 2.488149 11.230182 2.484396 3.930011 
2.453596 6.005081 2.570447 8.539320 2.493238 2.742111 2.459750 3.872773 2.501610 10.584544 
2.518473 7.302076 2.506510 3.604328 2.510556 11.194317 2.490412 7.119898 2.511787 6.540464 
2.498928 7.595925 2.483525 3.665627 2.454377 7.161240 2.482063 2.493663 2.516182 7.158510 
2.513198 2.916652 2.495354 10.640214 2.473861 3.347301 2.484066 10.745282 2.520837 3.624879 
2.472224 2.795188 2.498254 11.308171 2.519269 4.160371 2.563583 3.333503 2.483398 10.419148 
2.524794 7.057318 2.502309 7.664525 2.477615 7.984039 2.540654 3.581610 2.510841 11.467677 
2.487538 3.143199 2.472271 8.117171 2.526626 6.815598 2.485055 7.610135 2.470247 7.056838 
2.556469 11.362502 2.507832 8.199671 2.486173 7.820634 2.464320 2.646587 2.493618 6.610230 
2.502800 6.282867 2.490631 11.023367 2.513774 11.623068 2.486152 3.346473 2.560881 4.804405 
2.489752 6.490262 2.446110 6.376874 2.498929 10.646783 2.517793 2.720812 2.454777 2.461405 

Avg Classes:
2.501062 6.987991 2.500831 7.004122 2.500320 6.993248 2.501601 6.996249 2.500578 6.990609 
2.499498 7.005723 2.498374 7.006795 2.501292 7.002107 2.499690 7.004367 2.498954 6.983451 
2.499895 6.977804 2.500798 6.985700 2.497879 6.992608 2.496556 7.012830 2.497165 6.990719 
2.505279 7.053359 2.508546 7.025330 2.503622 7.027224 2.496757 7.017660 2.492969 7.021495 
2.515058 7.299356 2.473616 7.259717 2.514286 7.283912 2.472844 7.284170 2.470785 7.327413 
2.523547 7.069138 2.523547 7.098196 2.523547 7.013026 2.523547 6.972445 2.523547 6.891283 
2.484551 7.143258 2.502809 7.093399 2.549157 7.078652 2.497893 7.214185 2.465590 7.115169 
2.417391 6.704348 2.482609 6.821739 2.565217 6.452174 2.560870 6.960870 2.504348 6.700000 
2.416667 8.583333 2.416667 7.583333 2.416667 8.166667 2.416667 7.083333 2.416667 7.333333 
3.333333 7.666667 3.333333 7.666667 3.333333 12.000000 3.333333 8.000000 3.333333 11.666667 

Cluster 0 is class 8
Cluster 1 is class 9
Cluster 2 is class 0
Cluster 3 is class 0
Cluster 4 is class 8
Cluster 5 is class 8
Cluster 6 is class 1
Cluster 7 is class 0
Cluster 8 is class 0
Cluster 9 is class 7
Cluster 10 is class 0
Cluster 11 is class 8
Cluster 12 is class 0
Cluster 13 is class 0
Cluster 14 is class 8
Cluster 15 is class 8
Cluster 16 is class 8
Cluster 17 is class 0
Cluster 18 is class 0
Cluster 19 is class 0
Cluster 20 is class 7
Cluster 21 is class 9
Cluster 22 is class 0
Cluster 23 is class 5
Cluster 24 is class 9
Cluster 25 is class 0
Cluster 26 is class 0
Cluster 27 is class 7
Cluster 28 is class 0
Cluster 29 is class 7
Cluster 30 is class 4
Cluster 31 is class 8
Cluster 32 is class 0
Cluster 33 is class 0
Cluster 34 is class 0
Cluster 35 is class 0
Cluster 36 is class 0
Cluster 37 is class 7
Cluster 38 is class 0
Cluster 39 is class 0
Cluster 40 is class 7
Cluster 41 is class 8
Cluster 42 is class 0
Cluster 43 is class 0

Overall Accuracy is 0.287109

