----------------------------For Number of clusters 17----------------------------
Avg Clusters:
2.496845 4.754428 2.506858 4.474668 2.509657 9.560207 2.497201 9.882068 2.497646 10.622907 
2.497747 9.883437 2.499094 9.865498 2.494759 4.185296 2.498090 4.083856 2.492481 9.866612 
2.502338 10.236937 2.475060 4.020087 2.487618 3.882711 2.499965 9.911500 2.512339 9.457827 
2.503933 4.607640 2.505567 10.567074 2.500664 9.564257 2.509554 9.662251 2.502551 4.085955 
2.498570 10.438801 2.499738 10.073264 2.499320 10.163964 2.505667 9.392928 2.499616 9.503539 
2.500467 9.316166 2.495439 3.730681 2.492537 9.961758 2.501415 3.387062 2.494333 9.484492 
2.503399 10.004931 2.484217 9.668616 2.496847 3.743837 2.498419 9.733009 2.497387 3.405589 
2.504498 3.624655 2.490816 4.357923 2.520973 3.725480 2.491354 4.245506 2.504155 9.925071 
2.498599 9.859222 2.494802 9.525242 2.513786 9.879284 2.510586 3.538175 2.513587 3.476929 
2.504959 9.702460 2.516417 3.692097 2.497265 3.805484 2.487996 4.255845 2.496005 3.631621 
2.483731 10.067035 2.523418 3.601785 2.513338 10.026172 2.490601 9.840505 2.496892 3.799063 
2.482454 3.444162 2.508545 4.624652 2.497615 3.510730 2.505763 10.249086 2.498311 4.299241 
2.513177 3.513689 2.518984 10.152296 2.489559 9.971970 2.506646 3.707571 2.497008 9.746704 
2.509818 4.024325 2.508027 10.534688 2.498784 3.747796 2.494658 10.105552 2.511822 10.082550 
2.509158 3.604315 2.481998 4.206105 2.496192 9.777564 2.480897 3.644548 2.498889 3.685298 
2.485575 3.954173 2.496518 10.290704 2.508323 3.735271 2.532619 3.708257 2.473107 3.903924 
2.521702 3.125070 2.495555 3.676258 2.500319 10.627678 2.491953 10.604757 2.499381 4.035038 

Avg Classes:
2.501062 6.987991 2.500831 7.004122 2.500320 6.993248 2.501601 6.996249 2.500578 6.990609 
2.499498 7.005723 2.498374 7.006795 2.501292 7.002107 2.499690 7.004367 2.498954 6.983451 
2.499895 6.977804 2.500798 6.985700 2.497879 6.992608 2.496556 7.012830 2.497165 6.990719 
2.505279 7.053359 2.508546 7.025330 2.503622 7.027224 2.496757 7.017660 2.492969 7.021495 
2.515058 7.299356 2.473616 7.259717 2.514286 7.283912 2.472844 7.284170 2.470785 7.327413 
2.523547 7.069138 2.523547 7.098196 2.523547 7.013026 2.523547 6.972445 2.523547 6.891283 
2.484551 7.143258 2.502809 7.093399 2.549157 7.078652 2.497893 7.214185 2.465590 7.115169 
2.417391 6.704348 2.482609 6.821739 2.565217 6.452174 2.560870 6.960870 2.504348 6.700000 
2.416667 8.583333 2.416667 7.583333 2.416667 8.166667 2.416667 7.083333 2.416667 7.333333 
3.333333 7.666667 3.333333 7.666667 3.333333 12.000000 3.333333 8.000000 3.333333 11.666667 

Cluster 0 is class 9
Cluster 1 is class 0
Cluster 2 is class 0
Cluster 3 is class 0
Cluster 4 is class 8
Cluster 5 is class 0
Cluster 6 is class 0
Cluster 7 is class 0
Cluster 8 is class 8
Cluster 9 is class 0
Cluster 10 is class 0
Cluster 11 is class 0
Cluster 12 is class 4
Cluster 13 is class 0
Cluster 14 is class 7
Cluster 15 is class 7
Cluster 16 is class 0

Overall Accuracy is 0.339320

