----------------------------For Number of clusters 63----------------------------
Avg Clusters:
2.485366 3.056830 2.508773 10.358244 2.488527 8.701286 2.512787 10.727144 2.522697 10.227179 
2.468432 10.268877 2.484470 4.067424 2.511079 10.647007 2.520636 3.232809 2.492488 4.104049 
2.518430 3.726007 2.514395 3.891579 2.506579 10.154091 2.492369 10.604882 2.510331 3.922784 
2.522100 10.014300 2.499035 2.824625 2.491781 3.255221 2.489558 4.179150 2.489600 10.187914 
2.500393 9.656117 2.486336 3.209832 2.518651 9.471729 2.506714 10.998940 2.516923 10.376119 
2.538982 10.932130 2.454747 10.362941 2.484686 6.190877 2.529385 9.198906 2.483616 3.181050 
2.501832 10.410389 2.515027 10.623418 2.477199 9.809579 2.508980 3.788431 2.491139 9.732047 
2.488007 9.935112 2.510927 10.618315 2.507160 3.047511 2.503962 4.009523 2.492733 3.842685 
2.519371 3.886340 2.526500 3.619994 2.498839 3.380128 2.482951 3.670102 2.479733 4.225201 
2.483968 2.984891 2.507452 7.426325 2.505933 5.547440 2.515211 3.631646 2.519235 10.459868 
2.483716 3.451859 2.526681 9.149820 2.522904 2.622073 2.499622 10.632337 2.507620 9.903141 
2.486167 4.258210 2.521737 2.825586 2.481933 3.403406 2.507293 10.702268 2.523995 4.051426 
2.514753 10.237977 2.504676 7.974597 2.522959 6.486152 2.467326 2.846920 2.505461 3.959211 
2.500887 10.883858 2.468724 8.788624 2.481624 3.095234 2.497727 10.760400 2.515432 9.420674 
2.490468 4.053606 2.494822 10.770976 2.524864 10.489407 2.484943 9.820118 2.526291 3.188371 
2.496770 5.940159 2.510335 10.787303 2.497832 10.687183 2.515595 3.328412 2.546830 3.411968 
2.500455 3.485311 2.514799 3.348211 2.490553 11.000947 2.478139 4.489643 2.486730 9.855291 
2.489191 11.191522 2.532578 4.183134 2.511708 2.872285 2.524789 9.267362 2.535424 3.518798 
2.510057 10.432698 2.472070 3.084614 2.483282 6.071226 2.488558 11.490470 2.452813 4.852140 
2.520047 5.853584 2.480627 7.973863 2.483871 10.979494 2.514538 2.830385 2.509335 10.655445 
2.465505 10.705520 2.541020 3.805557 2.495132 11.130769 2.497869 10.514287 2.503131 3.299005 
2.497914 3.281441 2.430956 3.502472 2.488733 2.754125 2.500481 9.380433 2.487963 9.259228 
2.473316 11.387548 2.527390 10.799591 2.493435 11.007059 2.512495 4.216857 2.512495 3.247423 
2.512836 8.253618 2.470640 11.051123 2.501525 3.637982 2.478126 3.018353 2.484281 10.758359 
2.528583 3.267159 2.483741 3.189433 2.502471 6.835825 2.543591 10.416753 2.496919 10.922091 
2.445062 8.820765 2.513787 11.027715 2.516531 2.469752 2.474958 11.039744 2.525746 3.870639 
2.514246 11.233987 2.507323 3.242294 2.484005 3.422357 2.487066 10.180937 2.542811 10.906580 
2.539127 6.500766 2.504518 11.008423 2.453675 6.469066 2.499770 9.709342 2.455896 7.241960 
2.504852 2.971919 2.524503 11.437834 2.491327 10.526807 2.490357 4.346980 2.470403 10.508430 
2.531419 2.621365 2.480224 6.974125 2.472215 10.332245 2.504004 3.405372 2.464823 3.489157 
2.499211 3.258445 2.514618 10.919871 2.492139 2.968492 2.523521 3.705815 2.466124 6.901749 
2.489749 3.481804 2.495387 4.228344 2.516594 11.581817 2.492568 10.882752 2.475013 10.259546 
2.479123 10.956974 2.465804 11.043550 2.540108 7.823257 2.496558 10.251048 2.473062 11.074229 
2.507903 10.030442 2.491009 2.727691 2.473530 3.409467 2.471439 4.716317 2.492431 2.993058 
2.500260 3.597345 2.496700 2.945042 2.512126 2.947489 2.504710 3.664911 2.518060 10.738708 
2.533385 3.092478 2.453233 11.005494 2.447528 3.149317 2.519932 8.093464 2.523947 3.223693 
2.479049 4.127941 2.489438 9.888631 2.533831 3.898506 2.514597 2.694230 2.471492 2.357805 
2.557631 9.580822 2.531834 7.308608 2.511856 10.851559 2.483019 7.728133 2.482498 4.322939 
2.488550 8.276555 2.525806 6.593271 2.488726 2.917298 2.486525 3.410780 2.490752 8.288357 
2.508825 3.614952 2.480077 2.401541 2.494027 8.737033 2.500116 3.330944 2.510289 3.891561 
2.484137 10.750669 2.493638 3.436084 2.519631 10.314039 2.498608 3.234205 2.498826 10.888385 
2.529027 10.737287 2.491748 7.457318 2.485968 11.513781 2.516210 9.494848 2.489822 10.688364 
2.473749 5.215157 2.455950 2.632598 2.504422 7.419232 2.517967 2.809806 2.529273 10.942796 
2.477647 10.234248 2.495599 11.252113 2.507102 11.426144 2.485490 10.957211 2.503617 3.987887 
2.540823 3.451059 2.521321 8.581413 2.524867 11.125688 2.485957 7.765699 2.436409 7.314827 
2.522035 7.419696 2.572467 11.267038 2.530554 11.670718 2.509200 10.256361 2.538846 10.725239 
2.527018 11.746755 2.503636 10.749148 2.535027 2.922673 2.514591 5.452085 2.521219 10.135598 
2.486158 10.927871 2.484295 3.389199 2.519801 4.459466 2.518187 1.779268 2.453135 3.821353 
2.530558 9.968122 2.532690 2.751980 2.505888 11.364873 2.482843 7.057970 2.521827 8.516954 
2.498529 2.553109 2.486758 7.604177 2.535738 4.643474 2.482487 11.464167 2.449169 4.454960 
2.454518 10.556220 2.453137 8.432582 2.534131 9.496702 2.516950 11.975763 2.535665 6.482129 
2.517464 3.739399 2.483973 11.052609 2.532557 4.619376 2.484835 11.984332 2.523358 2.587610 
2.476841 7.461793 2.475027 6.406403 2.515155 3.938420 2.499680 10.800640 2.457524 2.723693 
2.428269 2.945247 2.502879 6.517448 2.513806 4.628246 2.504641 6.934438 2.546234 2.952297 
2.468658 11.620068 2.509245 6.563811 2.490417 4.784104 2.511387 2.905073 2.539910 11.095829 
2.508143 5.081780 2.451145 3.152702 2.514515 11.964244 2.462355 5.388246 2.524074 2.770356 
2.496966 3.056106 2.506654 11.198765 2.513148 3.157564 2.551475 4.811562 2.529756 11.753859 
2.515011 7.162857 2.518593 6.190140 2.491625 6.854630 2.470241 7.793216 2.470347 11.263141 
2.488973 7.364932 2.521872 2.988668 2.478007 7.653467 2.479834 7.286706 2.462654 3.045571 
2.565736 7.040563 2.491052 11.447149 2.488428 2.838941 2.469458 9.459556 2.473157 11.339895 
2.463770 11.452496 2.501140 3.199139 2.506461 6.749050 2.517862 6.108690 2.478971 7.478718 
2.485281 6.909384 2.515524 3.327277 2.492410 2.847401 2.421458 10.956877 2.462511 11.076817 
2.501945 2.491641 2.497424 11.475660 2.507728 8.367785 2.520976 3.316581 2.478919 5.349700 

Avg Classes:
2.501062 6.987991 2.500831 7.004122 2.500320 6.993248 2.501601 6.996249 2.500578 6.990609 
2.499498 7.005723 2.498374 7.006795 2.501292 7.002107 2.499690 7.004367 2.498954 6.983451 
2.499895 6.977804 2.500798 6.985700 2.497879 6.992608 2.496556 7.012830 2.497165 6.990719 
2.505279 7.053359 2.508546 7.025330 2.503622 7.027224 2.496757 7.017660 2.492969 7.021495 
2.515058 7.299356 2.473616 7.259717 2.514286 7.283912 2.472844 7.284170 2.470785 7.327413 
2.523547 7.069138 2.523547 7.098196 2.523547 7.013026 2.523547 6.972445 2.523547 6.891283 
2.484551 7.143258 2.502809 7.093399 2.549157 7.078652 2.497893 7.214185 2.465590 7.115169 
2.417391 6.704348 2.482609 6.821739 2.565217 6.452174 2.560870 6.960870 2.504348 6.700000 
2.416667 8.583333 2.416667 7.583333 2.416667 8.166667 2.416667 7.083333 2.416667 7.333333 
3.333333 7.666667 3.333333 7.666667 3.333333 12.000000 3.333333 8.000000 3.333333 11.666667 

Cluster 0 is class 0
Cluster 1 is class 8
Cluster 2 is class 0
Cluster 3 is class 0
Cluster 4 is class 8
Cluster 5 is class 0
Cluster 6 is class 8
Cluster 7 is class 0
Cluster 8 is class 7
Cluster 9 is class 0
Cluster 10 is class 0
Cluster 11 is class 0
Cluster 12 is class 8
Cluster 13 is class 0
Cluster 14 is class 0
Cluster 15 is class 0
Cluster 16 is class 0
Cluster 17 is class 0
Cluster 18 is class 0
Cluster 19 is class 9
Cluster 20 is class 8
Cluster 21 is class 7
Cluster 22 is class 8
Cluster 23 is class 0
Cluster 24 is class 0
Cluster 25 is class 7
Cluster 26 is class 0
Cluster 27 is class 0
Cluster 28 is class 9
Cluster 29 is class 0
Cluster 30 is class 0
Cluster 31 is class 9
Cluster 32 is class 8
Cluster 33 is class 0
Cluster 34 is class 0
Cluster 35 is class 0
Cluster 36 is class 7
Cluster 37 is class 8
Cluster 38 is class 0
Cluster 39 is class 0
Cluster 40 is class 8
Cluster 41 is class 9
Cluster 42 is class 0
Cluster 43 is class 8
Cluster 44 is class 0
Cluster 45 is class 9
Cluster 46 is class 4
Cluster 47 is class 0
Cluster 48 is class 0
Cluster 49 is class 7
Cluster 50 is class 8
Cluster 51 is class 0
Cluster 52 is class 0
Cluster 53 is class 7
Cluster 54 is class 0
Cluster 55 is class 0
Cluster 56 is class 0
Cluster 57 is class 0
Cluster 58 is class 0
Cluster 59 is class 0
Cluster 60 is class 0
Cluster 61 is class 0
Cluster 62 is class 0

Overall Accuracy is 0.333929

