----------------------------For Number of clusters 60----------------------------
Avg Clusters:
2.500929 10.166383 2.469892 10.074634 2.505404 10.237328 2.518410 9.961819 2.510193 3.827258 
2.492625 5.828168 2.532366 11.118792 2.490938 10.507179 2.521577 4.399725 2.539231 3.199529 
2.498694 10.029886 2.494825 10.173782 2.486268 3.385566 2.487935 10.536477 2.486362 3.730015 
2.487405 10.882929 2.492067 3.748970 2.491236 3.958848 2.499761 10.443253 2.509849 9.969447 
2.486500 11.344886 2.511820 9.812712 2.524928 9.933786 2.506405 3.276543 2.511222 4.427942 
2.498752 9.939964 2.517968 3.673012 2.513654 11.223922 2.485989 4.308164 2.502781 9.722959 
2.484539 9.802381 2.528036 3.264079 2.501701 10.456807 2.490918 10.283276 2.505559 3.857421 
2.526242 3.336553 2.500054 3.889342 2.502236 10.472935 2.490931 9.977389 2.495582 3.328325 
2.510019 4.704235 2.506466 2.771824 2.485106 4.165049 2.478042 4.572898 2.490518 3.105887 
2.489847 10.364724 2.509454 3.340184 2.509865 3.377137 2.525691 10.154596 2.503864 3.238450 
2.490123 10.675739 2.522648 6.578681 2.519376 3.186814 2.464182 3.512392 2.510077 8.675141 
2.484698 10.883986 2.474112 11.022808 2.502695 8.236118 2.506977 5.732942 2.499567 10.686459 
2.510053 10.935579 2.508737 3.991737 2.506211 3.762211 2.511053 3.210053 2.466895 2.976474 
2.506199 3.105490 2.479210 10.324055 2.476361 3.425002 2.485986 10.151613 2.526450 3.807192 
2.479037 3.578290 2.523489 9.947409 2.491176 8.968214 2.489247 11.034067 2.505070 10.264007 
2.498709 2.828124 2.506494 10.150680 2.529808 3.549886 2.522718 4.302902 2.519904 10.469228 
2.489142 3.118886 2.499276 4.260276 2.527089 11.262338 2.502654 8.394472 2.498662 10.372362 
2.492950 10.396624 2.475919 11.067367 2.507202 3.477334 2.503715 3.620155 2.503411 3.251731 
2.472077 3.371177 2.508132 3.304227 2.488868 3.358282 2.511343 10.851097 2.528817 3.925312 
2.514944 3.311070 2.481711 10.320296 2.514512 11.146040 2.474806 10.631150 2.513379 3.599482 
2.511774 10.372072 2.502291 2.517439 2.493254 3.586940 2.510120 3.675598 2.515657 11.053844 
2.526027 8.346945 2.522770 9.844683 2.515833 11.373243 2.502684 10.311418 2.523132 10.408891 
2.512937 11.127509 2.458017 10.501887 2.487665 3.492150 2.498277 10.449210 2.522947 9.833871 
2.502364 3.463502 2.486621 8.831789 2.491207 10.466292 2.490545 2.706269 2.509503 10.436885 
2.471970 9.212425 2.482735 3.324271 2.509237 10.867445 2.497332 3.518861 2.496830 3.091548 
2.500074 2.863367 2.554238 11.347140 2.483699 10.828690 2.536011 6.456283 2.454505 9.418643 
2.514000 11.841652 2.502609 8.679130 2.480957 9.567913 2.513652 10.964000 2.473913 10.325565 
2.493221 3.465343 2.487960 3.545178 2.526033 2.786853 2.500108 3.965614 2.512420 10.515457 
2.501640 3.342681 2.488230 3.604610 2.490922 4.016395 2.503352 10.862477 2.489698 11.031713 
2.537369 6.861307 2.507176 10.865546 2.512456 3.166208 2.464862 10.263033 2.465680 11.078307 
2.488672 3.300691 2.481767 10.584432 2.497118 3.664099 2.536723 3.378132 2.475432 3.097015 
2.507344 3.677994 2.483923 3.648616 2.517295 7.070399 2.540107 3.658905 2.488188 7.212618 
2.527891 3.453741 2.500595 10.967772 2.507228 7.765051 2.467347 2.770323 2.474320 6.428997 
2.490819 7.019047 2.468451 3.907013 2.437683 7.321450 2.493260 2.520121 2.494042 11.397734 
2.531217 3.033556 2.485495 3.413770 2.480147 10.905080 2.490909 3.265174 2.503610 3.904813 
2.483938 4.599041 2.517872 11.411908 2.493982 7.418424 2.542575 10.506380 2.494887 4.226224 
2.511379 10.722823 2.459889 11.389898 2.483955 2.747544 2.489686 3.610756 2.497217 10.555910 
2.564148 7.269284 2.478158 6.398760 2.499606 3.445199 2.482586 8.236226 2.439099 10.992227 
2.545030 8.373499 2.542362 10.991244 2.473065 11.391261 2.525100 2.911358 2.491744 10.343896 
2.513456 6.455641 2.511090 3.116147 2.508428 10.388733 2.528168 11.676549 2.497930 10.284933 
2.455014 3.396995 2.545438 7.256789 2.556843 7.395637 2.472031 6.793085 2.492487 3.000724 
2.488239 3.673246 2.506750 2.777255 2.492432 11.389343 2.491409 2.850174 2.491307 10.587441 
2.502610 2.479692 2.502876 10.588620 2.512256 2.954871 2.535439 10.624900 2.515884 10.423325 
2.511946 11.106814 2.488147 6.330575 2.485823 7.396672 2.507669 7.345171 2.471321 3.068049 
2.536903 7.352930 2.563383 4.860982 2.510325 6.833317 2.417054 11.005335 2.488884 6.349175 
2.460669 4.036942 2.502389 6.864701 2.535019 2.585946 2.477916 10.730801 2.475353 7.245892 
2.524878 3.418718 2.529760 6.506700 2.480835 2.429521 2.472214 3.038330 2.478758 5.142100 
2.506820 11.462550 2.466471 2.993547 2.530099 10.494895 2.476109 10.189904 2.498407 10.570612 
2.481861 6.775742 2.541224 2.710883 2.502626 7.868206 2.501405 7.424331 2.551850 11.237816 
2.495955 11.252348 2.436913 2.645839 2.496792 7.448257 2.529242 4.139470 2.479312 6.852348 
2.526818 2.830830 2.457734 8.449796 2.477365 11.541300 2.506973 3.062111 2.505793 3.342845 
2.497748 11.645973 2.529502 7.414240 2.463466 10.134161 2.507197 2.750357 2.466982 10.310296 
2.478845 6.792013 2.474759 2.356135 2.448530 2.495057 2.506920 7.754053 2.467906 8.067088 
2.481826 7.389248 2.504411 7.876367 2.521115 2.674744 2.483237 6.844959 2.523468 3.540760 
2.503901 7.637649 2.517801 7.415996 2.471470 7.082541 2.482199 2.351865 2.455133 3.702146 
2.470614 7.034228 2.525974 10.520911 2.498899 4.528175 2.509575 2.288246 2.475567 11.224631 
2.550610 5.838186 2.453827 9.215613 2.541320 7.096229 2.472962 6.389351 2.519689 10.812951 
2.532842 2.002038 2.486597 3.844490 2.476720 7.121806 2.523280 4.477191 2.503527 11.450384 
2.507940 7.020008 2.529198 11.497061 2.487558 3.058897 2.546205 4.494185 2.458922 6.816556 
2.488925 2.325061 2.460976 3.687000 2.518033 8.162820 2.519657 11.113070 2.465615 7.060652 

Avg Classes:
2.501062 6.987991 2.500831 7.004122 2.500320 6.993248 2.501601 6.996249 2.500578 6.990609 
2.499498 7.005723 2.498374 7.006795 2.501292 7.002107 2.499690 7.004367 2.498954 6.983451 
2.499895 6.977804 2.500798 6.985700 2.497879 6.992608 2.496556 7.012830 2.497165 6.990719 
2.505279 7.053359 2.508546 7.025330 2.503622 7.027224 2.496757 7.017660 2.492969 7.021495 
2.515058 7.299356 2.473616 7.259717 2.514286 7.283912 2.472844 7.284170 2.470785 7.327413 
2.523547 7.069138 2.523547 7.098196 2.523547 7.013026 2.523547 6.972445 2.523547 6.891283 
2.484551 7.143258 2.502809 7.093399 2.549157 7.078652 2.497893 7.214185 2.465590 7.115169 
2.417391 6.704348 2.482609 6.821739 2.565217 6.452174 2.560870 6.960870 2.504348 6.700000 
2.416667 8.583333 2.416667 7.583333 2.416667 8.166667 2.416667 7.083333 2.416667 7.333333 
3.333333 7.666667 3.333333 7.666667 3.333333 12.000000 3.333333 8.000000 3.333333 11.666667 

Cluster 0 is class 8
Cluster 1 is class 0
Cluster 2 is class 0
Cluster 3 is class 0
Cluster 4 is class 8
Cluster 5 is class 8
Cluster 6 is class 8
Cluster 7 is class 0
Cluster 8 is class 7
Cluster 9 is class 0
Cluster 10 is class 0
Cluster 11 is class 8
Cluster 12 is class 7
Cluster 13 is class 0
Cluster 14 is class 4
Cluster 15 is class 0
Cluster 16 is class 9
Cluster 17 is class 5
Cluster 18 is class 2
Cluster 19 is class 0
Cluster 20 is class 0
Cluster 21 is class 9
Cluster 22 is class 0
Cluster 23 is class 0
Cluster 24 is class 0
Cluster 25 is class 9
Cluster 26 is class 8
Cluster 27 is class 0
Cluster 28 is class 7
Cluster 29 is class 0
Cluster 30 is class 7
Cluster 31 is class 0
Cluster 32 is class 0
Cluster 33 is class 0
Cluster 34 is class 0
Cluster 35 is class 0
Cluster 36 is class 0
Cluster 37 is class 0
Cluster 38 is class 8
Cluster 39 is class 9
Cluster 40 is class 0
Cluster 41 is class 0
Cluster 42 is class 0
Cluster 43 is class 0
Cluster 44 is class 0
Cluster 45 is class 0
Cluster 46 is class 7
Cluster 47 is class 9
Cluster 48 is class 0
Cluster 49 is class 0
Cluster 50 is class 0
Cluster 51 is class 8
Cluster 52 is class 0
Cluster 53 is class 0
Cluster 54 is class 0
Cluster 55 is class 0
Cluster 56 is class 0
Cluster 57 is class 0
Cluster 58 is class 0
Cluster 59 is class 0

Overall Accuracy is 0.313845

