----------------------------For Number of clusters 82----------------------------
Avg Clusters:
2.525237 10.429096 2.484308 4.034542 2.496807 6.714531 2.494300 3.847308 2.494987 9.722840 
2.531466 7.023815 2.538920 10.973848 2.492304 7.734112 2.504344 3.311577 2.461345 9.385358 
2.508422 10.581091 2.514883 8.706992 2.467426 11.374206 2.510328 3.150424 2.506356 10.175794 
2.505605 4.038921 2.493513 10.039582 2.511742 10.163475 2.493293 11.265831 2.491492 4.181558 
2.506230 3.022355 2.524370 10.697481 2.503252 3.726935 2.508016 10.271782 2.510902 7.324966 
2.519821 10.736322 2.492945 6.875312 2.474371 10.050682 2.529756 10.781532 2.498224 10.055001 
2.498187 4.189440 2.504451 3.473223 2.523904 2.922378 2.497009 3.685931 2.504404 10.514389 
2.494875 3.893515 2.501270 10.006349 2.485397 7.579819 2.526576 2.866077 2.498776 3.374059 
2.498211 10.801252 2.468285 9.750427 2.524681 3.842075 2.480971 2.865496 2.501667 4.043466 
2.488116 10.853698 2.505720 8.513659 2.492160 3.308679 2.499704 11.094675 2.491075 3.419083 
2.531720 10.272102 2.498485 3.445883 2.517132 5.625263 2.503673 2.796065 2.468639 3.046438 
2.501165 11.076654 2.493008 2.841220 2.510741 4.146975 2.521836 10.705340 2.497213 4.970716 
2.492766 3.996427 2.501669 4.010720 2.527620 10.920626 2.460606 11.358737 2.510515 7.134204 
2.452287 10.848215 2.487044 3.639762 2.503667 11.065914 2.490377 4.079426 2.519490 3.586426 
2.504699 7.770284 2.525327 11.462526 2.506761 9.430438 2.499885 10.653908 2.515471 10.759741 
2.499307 10.103976 2.487814 3.153571 2.475650 3.576226 2.484683 9.774160 2.526810 11.108806 
2.481945 3.672640 2.497904 10.495064 2.460982 4.089059 2.470652 10.375981 2.487557 11.817420 
2.505674 2.624881 2.543896 10.245103 2.504599 10.974319 2.502210 9.532191 2.501672 10.329969 
2.505342 5.787939 2.527738 10.774231 2.501866 11.685545 2.499936 3.998455 2.557343 3.261231 
2.503965 10.695317 2.535795 4.444915 2.466992 10.594524 2.521488 11.004394 2.494159 3.038903 
2.462762 10.908902 2.518220 2.786719 2.533243 11.460045 2.483299 4.093016 2.498322 10.553220 
2.517589 3.536566 2.497801 10.526961 2.487387 2.945904 2.502835 3.679704 2.462509 7.031185 
2.469456 2.874730 2.493961 5.710368 2.519225 3.488535 2.528269 10.400082 2.512632 2.936227 
2.484356 11.721767 2.465137 10.543653 2.507226 6.426922 2.509833 4.287396 2.492104 10.557136 
2.509829 11.240792 2.506706 9.624867 2.508906 7.976723 2.506706 6.975090 2.492584 3.150096 
2.504981 8.666411 2.496296 11.319881 2.495445 2.990123 2.488633 6.842401 2.489229 2.672627 
2.471049 11.118823 2.521326 10.548299 2.487952 10.656837 2.529238 2.763576 2.510393 3.734014 
2.487183 3.240130 2.493607 3.035552 2.479636 7.750390 2.476205 3.677914 2.508077 3.316472 
2.486163 2.665565 2.512667 8.551425 2.542131 7.471086 2.489743 3.208110 2.487058 11.055349 
2.520429 10.113161 2.504519 11.138769 2.515722 11.802297 2.513839 9.236679 2.522971 3.202034 
2.438509 10.763185 2.470807 10.423151 2.527047 9.900621 2.509656 11.840203 2.496556 5.693506 
2.570614 9.685336 2.456605 10.448625 2.528716 2.639661 2.481687 7.403378 2.483112 11.209562 
2.506897 2.576572 2.543372 6.839218 2.487569 10.735952 2.479308 6.951290 2.477437 4.032655 
2.545043 3.360696 2.489322 2.948591 2.472696 7.264278 2.515130 7.114087 2.513391 10.674296 
2.509511 9.123869 2.535281 3.452600 2.483893 2.330342 2.497162 3.546633 2.505983 6.795751 
2.511752 4.943177 2.469996 11.160740 2.527938 3.720792 2.467413 11.260870 2.540077 2.714593 
2.454453 11.014300 2.502554 4.531990 2.483518 2.469310 2.507568 3.172625 2.528926 11.328257 
2.504079 7.223488 2.487284 10.685821 2.509837 7.288268 2.494002 7.706694 2.513436 5.961132 
2.516059 7.093501 2.485462 3.727385 2.501615 6.980521 2.500190 7.436051 2.433010 3.793710 
2.530335 2.721220 2.454675 10.246457 2.494341 3.148159 2.513817 6.216376 2.524319 2.544611 
2.531972 5.547094 2.519076 4.126123 2.481769 11.065172 2.499501 2.530744 2.456053 7.195824 
2.457012 5.587024 2.493401 8.877390 2.538424 2.734920 2.580116 2.319847 2.439127 2.613791 
2.534165 3.486010 2.509631 3.661192 2.511354 10.740876 2.514801 11.181265 2.500710 2.149635 
2.472238 6.951253 2.483380 6.843640 2.522377 4.653018 2.542154 11.196007 2.444290 10.567967 
2.476226 10.933842 2.452684 2.328185 2.550107 9.761701 2.455662 10.566391 2.501442 7.690984 
2.515623 2.628429 2.566359 4.840801 2.552484 2.763161 2.429721 3.368181 2.501006 4.615401 
2.484823 9.784593 2.495709 11.511199 2.465250 2.951643 2.513921 11.572430 2.510676 8.746703 
2.516464 2.678533 2.483635 6.101454 2.489865 7.708395 2.492534 11.282112 2.487689 10.654207 
2.489949 2.650009 2.470975 4.993519 2.529589 11.637141 2.492016 3.299455 2.478302 10.900338 
2.532517 4.082396 2.456952 1.968692 2.472463 2.787818 2.578625 5.465775 2.439163 3.315497 
2.439597 2.672073 2.468773 3.198173 2.476696 3.004195 2.530295 10.239933 2.488441 8.240026 
2.491429 2.740741 2.471534 11.071676 2.503242 11.170886 2.484057 3.579092 2.492495 7.643041 
2.500109 6.730887 2.491263 6.604303 2.485256 11.026431 2.467781 7.627348 2.493119 11.421145 
2.448423 2.545517 2.457926 2.319515 2.528715 11.283157 2.470183 6.438645 2.556810 6.550613 
2.453544 5.429640 2.521097 10.050301 2.457078 2.645604 2.548535 2.546768 2.519642 11.350447 
2.540888 3.599557 2.502698 3.428394 2.528850 2.687422 2.429085 10.924312 2.519441 11.994880 
2.502836 11.288922 2.576340 6.578423 2.478412 2.814562 2.503762 7.173515 2.483505 6.753559 
2.520872 11.970333 2.501969 8.371357 2.567603 4.300998 2.439354 11.327645 2.548700 10.733263 
2.473639 3.106587 2.498071 3.066438 2.459923 6.936848 2.549364 2.274611 2.527075 9.311759 
2.510242 8.775298 2.619077 6.209875 2.565729 11.460257 2.468358 7.132987 2.565729 6.155304 
2.496261 10.552407 2.487079 10.962744 2.486554 2.524072 2.491145 2.367965 2.521579 10.368884 
2.492215 2.547636 2.492358 11.078560 2.575775 3.163691 2.564919 5.786316 2.564348 11.298672 
2.471047 11.198109 2.546872 11.664510 2.434047 3.609092 2.540899 7.299817 2.484486 6.866600 
2.465254 2.812974 2.494027 11.656390 2.426461 8.808863 2.480154 7.969300 2.491458 2.896981 
2.551646 5.434811 2.519251 2.217605 2.536511 8.009825 2.573686 11.604620 2.467074 10.443707 
2.495096 11.181378 2.484916 11.504159 2.553073 11.331099 2.501304 7.298448 2.487027 9.574798 
2.485829 6.892802 2.544765 3.024309 2.468991 5.982568 2.539073 11.633820 2.474327 2.777303 
2.468569 11.205418 2.475539 3.131904 2.493819 3.063651 2.517754 6.788401 2.543398 2.330352 
2.532591 4.065599 2.516295 11.314345 2.453760 11.181198 2.505710 4.008217 2.478969 11.973538 
2.473313 6.460120 2.473013 6.894753 2.514843 2.370765 2.475262 10.793703 2.491004 6.524288 
2.483660 7.161220 2.533224 4.595316 2.459332 2.345497 2.372912 7.895062 2.498003 2.541576 
2.529588 3.907651 2.482218 6.653467 2.466228 2.867155 2.463240 6.852809 2.530484 10.844142 
2.527594 9.660549 2.494587 2.418801 2.508978 10.976895 2.501584 10.426987 2.496831 11.849221 
2.501964 5.632554 2.533022 2.167446 2.512442 2.572123 2.455192 11.448082 2.545744 5.873527 
2.552960 10.009600 2.428480 11.330880 2.507360 6.806080 2.501120 11.514400 2.512480 2.456640 
2.499721 7.082233 2.498047 2.120558 2.512186 10.729116 2.574698 6.281116 2.541953 9.056558 
2.550202 4.000131 2.411934 4.978848 2.507769 11.605954 2.545894 2.482831 2.482047 2.437133 
2.463913 2.713759 2.500000 3.232033 2.501536 11.821253 2.550215 9.280866 2.498157 11.556665 
2.466280 7.546528 2.447669 6.764058 2.554333 11.162097 2.419252 7.494497 2.524515 1.927356 
2.503471 2.121322 2.496364 2.657190 2.480661 6.990413 2.475041 10.322479 2.494545 4.073554 
2.447992 6.533299 2.492791 3.058359 2.464126 9.470649 2.495537 2.479059 2.482836 12.004463 
2.527559 6.497711 2.481963 2.035525 2.484160 11.545138 2.447720 7.889581 2.457425 3.045413 

Avg Classes:
2.501062 6.987991 2.500831 7.004122 2.500320 6.993248 2.501601 6.996249 2.500578 6.990609 
2.499498 7.005723 2.498374 7.006795 2.501292 7.002107 2.499690 7.004367 2.498954 6.983451 
2.499895 6.977804 2.500798 6.985700 2.497879 6.992608 2.496556 7.012830 2.497165 6.990719 
2.505279 7.053359 2.508546 7.025330 2.503622 7.027224 2.496757 7.017660 2.492969 7.021495 
2.515058 7.299356 2.473616 7.259717 2.514286 7.283912 2.472844 7.284170 2.470785 7.327413 
2.523547 7.069138 2.523547 7.098196 2.523547 7.013026 2.523547 6.972445 2.523547 6.891283 
2.484551 7.143258 2.502809 7.093399 2.549157 7.078652 2.497893 7.214185 2.465590 7.115169 
2.417391 6.704348 2.482609 6.821739 2.565217 6.452174 2.560870 6.960870 2.504348 6.700000 
2.416667 8.583333 2.416667 7.583333 2.416667 8.166667 2.416667 7.083333 2.416667 7.333333 
3.333333 7.666667 3.333333 7.666667 3.333333 12.000000 3.333333 8.000000 3.333333 11.666667 

Cluster 0 is class 8
Cluster 1 is class 0
Cluster 2 is class 8
Cluster 3 is class 0
Cluster 4 is class 7
Cluster 5 is class 8
Cluster 6 is class 0
Cluster 7 is class 5
Cluster 8 is class 0
Cluster 9 is class 0
Cluster 10 is class 0
Cluster 11 is class 0
Cluster 12 is class 0
Cluster 13 is class 0
Cluster 14 is class 9
Cluster 15 is class 0
Cluster 16 is class 4
Cluster 17 is class 9
Cluster 18 is class 0
Cluster 19 is class 4
Cluster 20 is class 8
Cluster 21 is class 7
Cluster 22 is class 0
Cluster 23 is class 8
Cluster 24 is class 8
Cluster 25 is class 0
Cluster 26 is class 8
Cluster 27 is class 0
Cluster 28 is class 0
Cluster 29 is class 8
Cluster 30 is class 8
Cluster 31 is class 0
Cluster 32 is class 0
Cluster 33 is class 0
Cluster 34 is class 7
Cluster 35 is class 7
Cluster 36 is class 0
Cluster 37 is class 0
Cluster 38 is class 0
Cluster 39 is class 0
Cluster 40 is class 0
Cluster 41 is class 5
Cluster 42 is class 0
Cluster 43 is class 0
Cluster 44 is class 8
Cluster 45 is class 0
Cluster 46 is class 4
Cluster 47 is class 0
Cluster 48 is class 9
Cluster 49 is class 7
Cluster 50 is class 0
Cluster 51 is class 5
Cluster 52 is class 9
Cluster 53 is class 0
Cluster 54 is class 0
Cluster 55 is class 7
Cluster 56 is class 3
Cluster 57 is class 4
Cluster 58 is class 0
Cluster 59 is class 8
Cluster 60 is class 3
Cluster 61 is class 0
Cluster 62 is class 4
Cluster 63 is class 0
Cluster 64 is class 0
Cluster 65 is class 9
Cluster 66 is class 0
Cluster 67 is class 0
Cluster 68 is class 9
Cluster 69 is class 6
Cluster 70 is class 0
Cluster 71 is class 0
Cluster 72 is class 9
Cluster 73 is class 7
Cluster 74 is class 8
Cluster 75 is class 0
Cluster 76 is class 0
Cluster 77 is class 9
Cluster 78 is class 0
Cluster 79 is class 0
Cluster 80 is class 9
Cluster 81 is class 0

Overall Accuracy is 0.282323

