----------------------------For Number of clusters 33----------------------------
Avg Clusters:
2.508996 4.390422 2.487613 3.791112 2.494414 4.092161 2.494998 9.582129 2.481848 10.300409 
2.507028 10.176993 2.518002 9.802395 2.523695 9.544071 2.500137 3.876364 2.502199 4.274499 
2.493211 9.855497 2.525862 4.054329 2.518065 10.081971 2.484418 10.184318 2.487634 4.342846 
2.506860 10.275076 2.514225 4.350534 2.506244 3.705840 2.472671 3.957390 2.500484 9.783607 
2.496688 3.284001 2.489409 5.146171 2.511954 4.580051 2.529073 3.033640 2.527601 9.998691 
2.509191 4.457060 2.509420 11.053120 2.510256 3.783057 2.506656 4.688151 2.494054 9.866376 
2.497886 10.207437 2.499195 9.921025 2.467469 10.275936 2.511253 4.804239 2.508989 10.871975 
2.510936 9.539440 2.494107 4.367483 2.495395 10.131722 2.510333 10.293729 2.501398 11.057776 
2.489818 3.648137 2.500482 3.834302 2.497614 11.055224 2.492035 4.377311 2.486950 9.323182 
2.519881 3.019280 2.488897 5.183683 2.504019 10.325695 2.481290 10.939450 2.502572 8.543441 
2.476171 4.438058 2.506941 10.021257 2.474436 11.042607 2.504090 4.461236 2.550880 3.353681 
2.511860 10.046075 2.476156 10.318752 2.499677 3.910232 2.493450 10.379491 2.500422 9.791361 
2.529412 2.071198 2.518866 10.023576 2.505132 8.255261 2.503961 4.622030 2.433841 4.916803 
2.516390 4.546493 2.478027 3.215522 2.500000 9.023116 2.484165 3.862152 2.503951 3.112871 
2.505027 10.702770 2.470606 10.812925 2.504983 3.657418 2.490363 3.226017 2.492646 9.975897 
2.520252 4.591688 2.481468 10.529046 2.511901 9.201132 2.509377 10.935249 2.517311 3.537397 
2.502048 9.948063 2.495656 9.943940 2.488406 3.842778 2.482374 10.064748 2.502573 3.209297 
2.510380 3.407588 2.516777 10.535605 2.492678 10.485557 2.499759 3.994689 2.485114 10.810589 
2.488247 3.147422 2.483442 9.421210 2.510947 2.976590 2.504950 10.217264 2.511431 4.266082 
2.497929 10.063390 2.502290 3.937327 2.483973 3.611563 2.496496 4.106314 2.482572 3.375479 
2.497804 3.285024 2.524638 4.214185 2.507510 2.887000 2.478437 4.798419 2.478832 3.648353 
2.494072 3.237811 2.515862 10.410169 2.502922 4.681666 2.493905 10.796752 2.501044 10.737644 
2.497401 10.828841 2.507438 3.364473 2.513837 10.767816 2.505199 3.565024 2.475846 9.159962 
2.486163 10.924524 2.486163 10.637793 2.500403 10.767640 2.520998 10.488537 2.503157 5.371403 
2.494054 5.262359 2.546732 10.891007 2.515430 10.898968 2.506388 10.527420 2.505848 10.692629 
2.477053 4.681354 2.523843 2.971092 2.485741 4.402252 2.510792 10.895590 2.517960 3.629967 
2.490791 10.961806 2.489926 3.413662 2.489679 3.539533 2.499403 10.555931 2.514771 9.610688 
2.497339 11.065410 2.498060 3.577661 2.517627 3.594568 2.541851 10.524889 2.505543 3.223004 
2.492556 4.956837 2.493843 10.599005 2.489381 3.445145 2.541554 3.308276 2.466512 3.278543 
2.464001 7.393662 2.479175 3.392081 2.464475 8.010827 2.512448 3.443294 2.530546 11.569746 
2.492771 11.075422 2.483133 10.606166 2.506416 3.122104 2.486965 3.789410 2.503919 3.563839 
2.511550 3.198652 2.512582 3.622045 2.504756 10.917496 2.499592 10.134246 2.478233 2.935975 
2.466800 10.783456 2.458398 3.396252 2.506274 10.584684 2.523722 3.739674 2.525769 2.914481 

Avg Classes:
2.501062 6.987991 2.500831 7.004122 2.500320 6.993248 2.501601 6.996249 2.500578 6.990609 
2.499498 7.005723 2.498374 7.006795 2.501292 7.002107 2.499690 7.004367 2.498954 6.983451 
2.499895 6.977804 2.500798 6.985700 2.497879 6.992608 2.496556 7.012830 2.497165 6.990719 
2.505279 7.053359 2.508546 7.025330 2.503622 7.027224 2.496757 7.017660 2.492969 7.021495 
2.515058 7.299356 2.473616 7.259717 2.514286 7.283912 2.472844 7.284170 2.470785 7.327413 
2.523547 7.069138 2.523547 7.098196 2.523547 7.013026 2.523547 6.972445 2.523547 6.891283 
2.484551 7.143258 2.502809 7.093399 2.549157 7.078652 2.497893 7.214185 2.465590 7.115169 
2.417391 6.704348 2.482609 6.821739 2.565217 6.452174 2.560870 6.960870 2.504348 6.700000 
2.416667 8.583333 2.416667 7.583333 2.416667 8.166667 2.416667 7.083333 2.416667 7.333333 
3.333333 7.666667 3.333333 7.666667 3.333333 12.000000 3.333333 8.000000 3.333333 11.666667 

Cluster 0 is class 0
Cluster 1 is class 8
Cluster 2 is class 0
Cluster 3 is class 0
Cluster 4 is class 0
Cluster 5 is class 0
Cluster 6 is class 8
Cluster 7 is class 9
Cluster 8 is class 0
Cluster 9 is class 0
Cluster 10 is class 0
Cluster 11 is class 3
Cluster 12 is class 0
Cluster 13 is class 7
Cluster 14 is class 0
Cluster 15 is class 0
Cluster 16 is class 7
Cluster 17 is class 9
Cluster 18 is class 7
Cluster 19 is class 7
Cluster 20 is class 7
Cluster 21 is class 0
Cluster 22 is class 8
Cluster 23 is class 8
Cluster 24 is class 9
Cluster 25 is class 7
Cluster 26 is class 0
Cluster 27 is class 7
Cluster 28 is class 0
Cluster 29 is class 0
Cluster 30 is class 0
Cluster 31 is class 0
Cluster 32 is class 8

Overall Accuracy is 0.287624

