----------------------------For Number of clusters 84----------------------------
Avg Clusters:
2.514596 5.575461 2.498149 7.390805 2.525574 10.017246 2.510179 10.848322 2.517624 3.551485 
2.470416 7.134805 2.487054 3.035229 2.479924 3.533998 2.456409 10.619100 2.496774 8.618421 
2.499733 9.940943 2.501691 10.310280 2.497953 10.036760 2.511215 11.144014 2.505073 10.276502 
2.512221 9.991758 2.490053 2.479111 2.532257 9.764163 2.509852 5.398588 2.532967 10.239153 
2.480465 10.761302 2.541442 4.907581 2.505349 10.810233 2.462930 7.274093 2.493767 3.427628 
2.504276 6.705402 2.520775 3.282679 2.513215 3.757656 2.470893 3.261491 2.479667 10.529603 
2.493986 10.317644 2.497789 6.011791 2.511339 3.679551 2.497361 11.068036 2.488756 3.203775 
2.497406 3.039673 2.482941 7.381479 2.526492 10.434883 2.523557 3.478853 2.478382 10.601646 
2.492420 4.386463 2.520124 3.140653 2.481211 3.380591 2.528184 10.460286 2.512277 3.111081 
2.519095 3.361490 2.480371 9.598472 2.471583 3.245360 2.518684 4.758706 2.509609 3.380174 
2.489731 3.017581 2.467411 3.747643 2.505631 10.693319 2.467971 10.827549 2.515365 7.273811 
2.476196 3.005205 2.519710 7.374371 2.503685 3.382033 2.490233 10.666277 2.501462 7.216984 
2.511533 10.747768 2.455596 10.945972 2.519273 9.988338 2.518190 10.208628 2.505960 3.097889 
2.508089 2.261039 2.474781 4.295489 2.477446 7.313285 2.503331 10.448706 2.475638 2.759421 
2.510175 10.370098 2.474726 11.288794 2.490151 3.292371 2.515518 4.152295 2.476166 9.938952 
2.498234 10.355952 2.526575 10.176478 2.504269 10.697063 2.518663 3.032855 2.507040 3.337759 
2.506955 3.589181 2.498176 11.425039 2.498856 6.123957 2.513014 10.705842 2.523091 3.363215 
2.532062 3.763835 2.482244 11.474275 2.503639 10.837244 2.461287 3.699523 2.507278 6.975028 
2.526741 2.922981 2.470682 3.785167 2.520195 3.461351 2.485376 7.816226 2.493175 11.349304 
2.489110 7.512583 2.505756 3.532671 2.493454 3.495712 2.498194 3.349114 2.504176 3.186774 
2.514813 11.193992 2.527857 3.048012 2.477833 6.869770 2.501839 10.851592 2.475612 6.404773 
2.486729 10.201015 2.491279 10.800735 2.482354 3.065683 2.516421 10.756985 2.532054 7.299539 
2.461657 10.132679 2.471557 3.349428 2.516108 11.719711 2.488193 11.028483 2.507587 7.199708 
2.516491 10.697958 2.479830 11.008816 2.485412 3.595332 2.498414 5.964861 2.480211 2.786185 
2.487768 6.764460 2.502194 8.784603 2.535368 4.754487 2.525529 10.722444 2.447414 11.545273 
2.533578 4.863390 2.540101 2.596876 2.521727 11.375930 2.460818 9.862379 2.457143 2.517134 
2.499512 2.949336 2.505517 11.178263 2.483375 7.360054 2.475794 10.454252 2.527284 10.495909 
2.495353 11.142720 2.539313 6.507966 2.489084 4.003245 2.515268 2.770910 2.548237 10.740006 
2.468503 6.326921 2.480216 3.528159 2.496419 10.784925 2.515597 2.804406 2.500121 3.502245 
2.516446 2.728464 2.522782 7.410010 2.532465 10.351488 2.512957 4.858607 2.495871 3.097608 
2.505595 11.122927 2.461233 10.741370 2.519483 7.686215 2.439568 3.206650 2.475835 7.513055 
2.526014 2.923413 2.504077 3.169676 2.507668 5.274510 2.562609 11.798874 2.478160 11.025432 
2.493163 11.476168 2.485207 2.908150 2.477868 3.558980 2.456779 3.750869 2.498416 6.692082 
2.476371 3.659378 2.499070 10.768259 2.517281 3.471497 2.548509 2.823661 2.453735 8.472074 
2.522778 7.970441 2.545408 11.002138 2.477665 9.124429 2.546661 3.626788 2.495725 11.548798 
2.489419 11.088848 2.478082 3.393013 2.491266 6.974387 2.453981 10.662412 2.513772 11.665183 
2.513605 10.825675 2.494637 3.801174 2.487976 9.886869 2.564074 11.591510 2.527154 2.190697 
2.557652 10.689866 2.497764 6.038944 2.484455 11.684521 2.513581 8.077452 2.461656 11.182284 
2.527867 3.930583 2.501998 11.837695 2.516280 2.364563 2.515082 9.130244 2.538554 8.035358 
2.458143 11.346495 2.510252 3.719939 2.496105 10.925329 2.526457 2.585907 2.456800 6.603098 
2.506453 3.140114 2.500000 2.473191 2.488324 10.980642 2.455677 3.736519 2.466431 8.781841 
2.494203 5.563860 2.553514 6.805298 2.481716 10.571174 2.496076 8.095433 2.485551 10.489743 
2.494983 2.944037 2.526245 9.601795 2.513219 11.714396 2.511868 10.963624 2.512447 10.314068 
2.514926 11.341818 2.488034 4.371839 2.505708 2.226469 2.538436 9.758816 2.535053 10.805666 
2.493514 5.716310 2.499760 10.590800 2.493634 2.886140 2.479942 3.733726 2.491232 12.035071 
2.503768 11.136822 2.528288 10.296571 2.474897 11.865513 2.494215 3.762021 2.513109 10.190638 
2.456329 3.438713 2.501793 11.479114 2.431751 10.342616 2.516772 3.194937 2.521519 2.310338 
2.488142 4.626315 2.491338 9.864714 2.522994 2.189524 2.466282 10.817282 2.477624 2.525779 
2.483819 10.547319 2.496896 9.390028 2.516275 2.880056 2.472719 2.202446 2.531985 4.444214 
2.469786 7.786234 2.544752 9.783394 2.548614 7.657656 2.485120 6.102226 2.568037 2.932644 
2.554845 11.223979 2.480260 10.900628 2.516487 3.623934 2.476110 10.024899 2.489569 11.731718 
2.521206 2.268041 2.486233 9.708600 2.536604 3.918309 2.511679 6.639175 2.547044 11.380008 
2.483717 3.247108 2.499077 2.823467 2.518907 10.698260 2.501021 8.731311 2.507534 11.713328 
2.515713 7.452601 2.542704 6.927240 2.469814 3.042509 2.428348 6.361846 2.534359 9.803625 
2.487385 3.837119 2.483519 11.283422 2.497728 11.662059 2.488739 9.426680 2.506718 2.981440 
2.518253 11.670980 2.502311 5.185189 2.526109 4.482440 2.518484 3.716266 2.435305 2.247574 
2.523420 2.298886 2.463965 2.507449 2.509999 9.952221 2.511609 4.595088 2.551201 2.722856 
2.534241 11.491735 2.502709 7.736908 2.544520 7.100014 2.483539 7.124740 2.466593 10.072510 
2.470563 2.464045 2.477623 3.713774 2.519552 2.769715 2.477949 5.374973 2.445470 3.504345 
2.538724 3.214127 2.499778 11.249074 2.524360 10.504665 2.480379 11.159040 2.477417 6.191026 
2.444240 6.731472 2.506873 11.381324 2.542440 3.740541 2.528978 2.450050 2.456710 2.705257 
2.502413 11.034011 2.498148 2.328320 2.491974 3.098889 2.560108 8.532046 2.551802 2.948816 
2.437485 6.923783 2.506362 3.593589 2.477490 10.539638 2.500979 2.351725 2.504894 11.480793 
2.504121 7.264854 2.502645 2.861853 2.525772 7.529585 2.467462 6.886456 2.452823 4.500062 
2.526850 7.726938 2.499191 11.149183 2.426659 7.434015 2.516110 9.297778 2.493600 6.815360 
2.515405 10.917523 2.527571 7.060989 2.501975 2.718755 2.494549 7.321852 2.472112 6.138410 
2.515803 11.434221 2.488499 5.702466 2.478901 10.145292 2.494787 2.357438 2.485851 11.410227 
2.525732 7.189364 2.514648 3.216152 2.517815 10.593296 2.536685 11.743864 2.508577 11.202824 
2.479868 2.611878 2.526172 10.413431 2.525597 7.070751 2.524590 5.565718 2.425367 6.825424 
2.478070 2.572902 2.483997 3.193457 2.487553 6.647937 2.562707 3.179113 2.516833 10.940256 
2.523557 11.346233 2.448356 2.933083 2.488092 9.243981 2.537924 3.123479 2.505695 2.334455 
2.484181 11.140406 2.440737 2.110027 2.530301 3.474894 2.521643 4.105934 2.487801 11.554069 
2.490130 5.871519 2.507931 9.600106 2.464223 7.564152 2.528904 2.050229 2.495770 3.906944 
2.538396 2.703762 2.564372 3.961533 2.476082 6.071682 2.426402 2.128318 2.441022 4.593612 
2.467893 2.643202 2.503768 11.422370 2.454778 8.244800 2.482816 2.864034 2.495779 11.630389 
2.519680 4.112640 2.589120 11.541120 2.490880 11.290080 2.472480 6.965920 2.463840 11.300480 
2.501286 8.060881 2.489110 6.283485 2.415709 7.390156 2.447951 2.827474 2.525467 7.078717 
2.503864 2.971549 2.473832 10.114331 2.441166 2.457675 2.500702 11.679312 2.504742 11.536178 
2.444367 11.087474 2.506928 10.894752 2.538698 11.262281 2.488873 7.787684 2.522463 6.869279 
2.585097 5.748752 2.443986 7.413182 2.510411 11.717777 2.456204 2.805025 2.525039 6.962829 
2.512849 3.046904 2.496559 3.460609 2.502317 2.361466 2.516360 3.107288 2.565791 7.819829 
2.492910 10.569080 2.510353 11.234659 2.499561 3.772744 2.472456 11.388129 2.505333 2.518384 
2.501929 2.788746 2.513987 3.167042 2.475241 6.820096 2.565756 7.578778 2.533762 6.918328 
2.498764 2.658425 2.528965 6.855705 2.512187 3.200106 2.521371 2.492052 2.532321 11.354292 

Avg Classes:
2.501062 6.987991 2.500831 7.004122 2.500320 6.993248 2.501601 6.996249 2.500578 6.990609 
2.499498 7.005723 2.498374 7.006795 2.501292 7.002107 2.499690 7.004367 2.498954 6.983451 
2.499895 6.977804 2.500798 6.985700 2.497879 6.992608 2.496556 7.012830 2.497165 6.990719 
2.505279 7.053359 2.508546 7.025330 2.503622 7.027224 2.496757 7.017660 2.492969 7.021495 
2.515058 7.299356 2.473616 7.259717 2.514286 7.283912 2.472844 7.284170 2.470785 7.327413 
2.523547 7.069138 2.523547 7.098196 2.523547 7.013026 2.523547 6.972445 2.523547 6.891283 
2.484551 7.143258 2.502809 7.093399 2.549157 7.078652 2.497893 7.214185 2.465590 7.115169 
2.417391 6.704348 2.482609 6.821739 2.565217 6.452174 2.560870 6.960870 2.504348 6.700000 
2.416667 8.583333 2.416667 7.583333 2.416667 8.166667 2.416667 7.083333 2.416667 7.333333 
3.333333 7.666667 3.333333 7.666667 3.333333 12.000000 3.333333 8.000000 3.333333 11.666667 

Cluster 0 is class 0
Cluster 1 is class 0
Cluster 2 is class 9
Cluster 3 is class 4
Cluster 4 is class 8
Cluster 5 is class 7
Cluster 6 is class 0
Cluster 7 is class 9
Cluster 8 is class 0
Cluster 9 is class 7
Cluster 10 is class 0
Cluster 11 is class 0
Cluster 12 is class 8
Cluster 13 is class 0
Cluster 14 is class 0
Cluster 15 is class 8
Cluster 16 is class 0
Cluster 17 is class 0
Cluster 18 is class 0
Cluster 19 is class 7
Cluster 20 is class 0
Cluster 21 is class 0
Cluster 22 is class 8
Cluster 23 is class 0
Cluster 24 is class 0
Cluster 25 is class 0
Cluster 26 is class 0
Cluster 27 is class 0
Cluster 28 is class 0
Cluster 29 is class 5
Cluster 30 is class 8
Cluster 31 is class 0
Cluster 32 is class 0
Cluster 33 is class 0
Cluster 34 is class 8
Cluster 35 is class 4
Cluster 36 is class 0
Cluster 37 is class 9
Cluster 38 is class 0
Cluster 39 is class 8
Cluster 40 is class 0
Cluster 41 is class 9
Cluster 42 is class 9
Cluster 43 is class 0
Cluster 44 is class 0
Cluster 45 is class 8
Cluster 46 is class 0
Cluster 47 is class 0
Cluster 48 is class 5
Cluster 49 is class 5
Cluster 50 is class 0
Cluster 51 is class 0
Cluster 52 is class 9
Cluster 53 is class 0
Cluster 54 is class 0
Cluster 55 is class 5
Cluster 56 is class 0
Cluster 57 is class 8
Cluster 58 is class 0
Cluster 59 is class 0
Cluster 60 is class 0
Cluster 61 is class 0
Cluster 62 is class 8
Cluster 63 is class 0
Cluster 64 is class 0
Cluster 65 is class 0
Cluster 66 is class 8
Cluster 67 is class 9
Cluster 68 is class 0
Cluster 69 is class 7
Cluster 70 is class 0
Cluster 71 is class 0
Cluster 72 is class 0
Cluster 73 is class 0
Cluster 74 is class 0
Cluster 75 is class 9
Cluster 76 is class 0
Cluster 77 is class 0
Cluster 78 is class 8
Cluster 79 is class 0
Cluster 80 is class 7
Cluster 81 is class 0
Cluster 82 is class 0
Cluster 83 is class 0

Overall Accuracy is 0.316676

