----------------------------For Number of clusters 5----------------------------
Avg Clusters:
2.497745 4.699531 2.505095 3.839163 2.497926 7.428838 2.488542 7.769031 2.507434 8.394544 
2.502851 10.421329 2.498321 6.906370 2.503707 10.301218 2.500546 5.882754 2.488343 6.178854 
2.499616 3.992282 2.498151 10.276525 2.504110 7.484726 2.517880 7.452428 2.501453 4.238988 
2.501291 10.127709 2.495204 6.491272 2.495185 3.210259 2.500035 8.256738 2.499787 4.810969 
2.502781 7.035618 2.498807 10.001667 2.504697 4.888412 2.503102 5.249551 2.496643 10.842473 

Avg Classes:
2.501062 6.987991 2.500831 7.004122 2.500320 6.993248 2.501601 6.996249 2.500578 6.990609 
2.499498 7.005723 2.498374 7.006795 2.501292 7.002107 2.499690 7.004367 2.498954 6.983451 
2.499895 6.977804 2.500798 6.985700 2.497879 6.992608 2.496556 7.012830 2.497165 6.990719 
2.505279 7.053359 2.508546 7.025330 2.503622 7.027224 2.496757 7.017660 2.492969 7.021495 
2.515058 7.299356 2.473616 7.259717 2.514286 7.283912 2.472844 7.284170 2.470785 7.327413 
2.523547 7.069138 2.523547 7.098196 2.523547 7.013026 2.523547 6.972445 2.523547 6.891283 
2.484551 7.143258 2.502809 7.093399 2.549157 7.078652 2.497893 7.214185 2.465590 7.115169 
2.417391 6.704348 2.482609 6.821739 2.565217 6.452174 2.560870 6.960870 2.504348 6.700000 
2.416667 8.583333 2.416667 7.583333 2.416667 8.166667 2.416667 7.083333 2.416667 7.333333 
3.333333 7.666667 3.333333 7.666667 3.333333 12.000000 3.333333 8.000000 3.333333 11.666667 

Cluster 0 is class 0
Cluster 1 is class 8
Cluster 2 is class 0
Cluster 3 is class 0
Cluster 4 is class 0

Overall Accuracy is 0.398571

