----------------------------For Number of clusters 90----------------------------
Avg Clusters:
2.487102 3.882307 2.510987 9.279560 2.526364 3.149766 2.525954 2.909012 2.498703 10.799463 
2.506316 3.313946 2.559558 3.994955 2.502939 3.787742 2.468168 3.793704 2.461163 3.489181 
2.511907 3.473011 2.446507 3.484389 2.492106 10.776945 2.498457 3.458017 2.480640 3.991842 
2.503175 3.060059 2.475521 3.565585 2.502575 10.967595 2.480972 11.092214 2.523979 6.304146 
2.480106 3.159551 2.465775 6.685057 2.510774 2.860042 2.503307 10.131489 2.502806 3.622419 
2.490643 3.770997 2.479015 3.199687 2.485855 9.371916 2.502809 2.796062 2.505790 10.892217 
2.542177 3.910374 2.471712 9.154082 2.473016 10.803855 2.520408 2.590420 2.508220 4.375850 
2.484061 10.607917 2.471701 10.566732 2.503478 7.464945 2.516339 3.892609 2.486964 11.125807 
2.509374 5.552106 2.529766 2.420319 2.520757 3.711042 2.484052 10.908875 2.486730 4.990869 
2.510684 10.284670 2.508826 7.372561 2.533602 2.737194 2.477423 3.141716 2.499040 6.284175 
2.505617 3.043762 2.548470 10.271507 2.491547 10.854590 2.498930 9.903595 2.523432 10.997807 
2.485954 10.762152 2.509209 3.902728 2.493589 11.406924 2.483273 10.072736 2.482574 6.811225 
2.496413 7.781086 2.528752 2.770838 2.532111 3.906570 2.450808 3.670348 2.480414 10.874972 
2.506013 3.987667 2.489023 10.798577 2.523566 10.606315 2.478737 11.043601 2.506627 3.137199 
2.515512 4.000338 2.505133 10.731216 2.501974 10.745882 2.483924 3.040727 2.479016 10.853170 
2.507951 10.598790 2.489142 2.764863 2.467011 3.839860 2.530319 6.979471 2.525039 3.434200 
2.468291 10.468854 2.536367 11.141014 2.506987 10.663613 2.527358 3.977427 2.510877 3.192660 
2.524762 10.630876 2.484138 10.360852 2.480107 3.777406 2.487645 11.123966 2.490943 3.103235 
2.495778 9.876919 2.478378 11.367835 2.492515 3.761707 2.518936 3.603186 2.485415 2.785248 
2.496123 4.756062 2.542377 2.807940 2.519168 9.827654 2.519277 10.100699 2.464832 11.352938 
2.474160 10.695715 2.502656 3.317257 2.482578 10.551370 2.487063 6.909819 2.493273 2.695922 
2.504245 10.764543 2.490095 10.781083 2.509653 10.910572 2.511792 10.470411 2.517012 4.108421 
2.514836 11.558164 2.477340 2.668438 2.496236 4.453720 2.543549 7.413419 2.512105 10.432241 
2.517832 10.482692 2.453380 10.607168 2.511655 3.272786 2.495047 10.503322 2.502914 10.866841 
2.473380 10.894423 2.503820 3.342898 2.504361 10.546592 2.499188 2.816339 2.488841 10.180353 
2.493891 2.623301 2.526760 10.836861 2.513853 5.943125 2.523060 6.458785 2.461280 10.577956 
2.473906 10.477982 2.492321 4.646335 2.505786 3.082539 2.489410 11.407963 2.454764 7.445302 
2.519957 3.072047 2.414626 4.860777 2.501082 5.443648 2.521648 10.781829 2.500271 10.673387 
2.483624 3.213856 2.557596 11.919294 2.476176 9.709621 2.499847 3.874401 2.521477 2.700643 
2.505976 10.732850 2.523941 10.046288 2.486201 11.876204 2.481202 4.460848 2.512640 9.827961 
2.528718 3.590471 2.545525 8.407139 2.482538 2.310153 2.483386 10.533498 2.517077 10.677203 
2.525695 3.137287 2.498133 11.638258 2.475874 3.751718 2.504631 10.936436 2.518449 3.910890 
2.472175 7.239460 2.501031 10.272250 2.500749 7.022016 2.482293 8.379520 2.519206 3.608582 
2.533982 3.939630 2.495716 10.915969 2.481207 2.738462 2.469912 6.585589 2.551315 7.111685 
2.503427 11.001254 2.501755 7.233450 2.495236 8.468489 2.504597 10.578653 2.500502 11.041291 
2.490522 3.383688 2.494617 11.903113 2.525158 4.716476 2.487597 11.397496 2.488767 10.388135 
2.497894 4.566292 2.462642 10.038917 2.557557 3.707768 2.533302 3.035642 2.469662 2.627749 
2.529237 3.351216 2.502320 3.036755 2.473083 6.902172 2.527288 6.707537 2.514758 7.314925 
2.502509 9.813947 2.529013 6.486660 2.494497 10.792639 2.535265 3.126882 2.468169 5.842036 
2.479203 10.842329 2.475817 2.433159 2.463146 4.062972 2.464016 2.421261 2.501451 6.246953 
2.515785 10.661405 2.510004 5.211094 2.527790 4.264562 2.519564 2.581258 2.422743 2.060582 
2.464020 10.213989 2.517580 6.271960 2.514556 9.980592 2.449401 2.855451 2.509515 2.008696 
2.530052 2.930508 2.567167 6.115820 2.504957 10.397385 2.455295 8.044836 2.499605 2.592524 
2.478424 10.780202 2.500048 3.624411 2.478232 6.660548 2.525997 11.401057 2.471600 2.719750 
2.516018 3.703765 2.466496 6.282068 2.526739 7.096107 2.472495 5.550479 2.509636 11.452840 
2.524374 6.449114 2.470250 6.591326 2.509591 7.441662 2.571411 11.573244 2.503971 3.284056 
2.478214 7.102179 2.497386 11.360240 2.524728 9.802723 2.514379 11.228214 2.512092 8.746405 
2.585337 11.850123 2.492526 9.291044 2.552190 6.954244 2.531132 7.148967 2.455869 4.229429 
2.482513 5.818107 2.542987 2.082115 2.535852 9.842555 2.493742 10.207159 2.458767 2.626389 
2.505403 2.132939 2.519319 10.357217 2.447372 2.658179 2.518135 3.086899 2.472983 5.188749 
2.512353 10.501059 2.480353 2.348824 2.506824 8.293412 2.461882 11.354353 2.534235 11.261882 
2.460671 11.242714 2.489658 6.418991 2.511125 10.634441 2.552648 11.423378 2.497023 2.664212 
2.502559 2.640587 2.500404 8.294506 2.485322 7.663884 2.445866 11.007676 2.416106 6.752222 
2.523485 7.820121 2.549118 6.476071 2.498148 6.310268 2.471181 7.607201 2.501556 8.813898 
2.478723 6.779034 2.531693 2.731383 2.446144 11.324246 2.530918 5.100066 2.530253 7.820922 
2.497740 7.122758 2.504301 10.908587 2.482286 2.189678 2.489576 8.021577 2.553288 3.493950 
2.520177 10.940731 2.517528 11.465195 2.530139 10.972005 2.518663 10.088903 2.495208 10.906431 
2.523961 10.016833 2.497166 11.304878 2.471487 2.558743 2.476469 3.090605 2.495964 10.631226 
2.516310 2.570267 2.460429 3.164145 2.513424 2.667075 2.512724 4.213817 2.519108 10.437779 
2.510106 10.750234 2.457502 2.117923 2.541962 10.497122 2.524160 2.427386 2.540490 3.843930 
2.474045 2.980414 2.537050 2.588823 2.478839 2.256129 2.482674 10.828791 2.499521 10.183537 
2.462267 11.068469 2.529363 11.275110 2.466658 2.933727 2.541301 6.421515 2.429061 6.864160 
2.486552 7.535159 2.495115 3.040405 2.467012 2.894946 2.462791 10.194066 2.486190 11.550597 
2.469928 6.322341 2.515745 7.065144 2.438438 6.665901 2.499662 2.399513 2.568996 7.576024 
2.559433 10.817021 2.476353 3.541603 2.537683 11.475974 2.507714 7.292742 2.471295 11.292994 
2.472250 2.167503 2.473684 3.015345 2.483006 6.335006 2.528324 10.480711 2.568048 2.571203 
2.487344 7.571992 2.493776 4.632365 2.559129 12.054357 2.502075 11.067012 2.521577 2.761826 
2.550397 11.385767 2.504276 10.405315 2.481979 7.087355 2.417990 2.165241 2.525199 6.056506 
2.393698 2.569052 2.484835 10.936101 2.475265 6.856302 2.504417 7.097173 2.544317 3.161661 
2.520482 6.044211 2.499150 7.877570 2.507188 11.787293 2.446437 9.628072 2.496367 7.547071 
2.533471 10.125610 2.525344 4.469484 2.520615 2.067238 2.510862 11.134919 2.505394 2.391754 
2.524789 11.608887 2.552332 5.354389 2.459971 2.566471 2.497980 10.765700 2.553985 11.613661 
2.548375 8.013479 2.436300 6.265510 2.448486 11.688331 2.537482 11.371492 2.509601 11.412297 
2.494546 10.026232 2.544526 7.110175 2.486401 2.460859 2.486815 5.753831 2.556123 11.217589 
2.509465 2.856485 2.522128 11.129701 2.508570 11.215656 2.548094 6.724866 2.467255 6.965336 
2.516364 6.965874 2.462517 2.810909 2.497483 6.859021 2.505874 3.473846 2.540140 2.849510 
2.477774 2.292890 2.488268 5.036081 2.552765 11.811815 2.520929 6.336753 2.511496 10.374720 
2.398141 11.200929 2.538290 7.323792 2.548885 2.428439 2.472862 7.039963 2.504089 2.905576 
2.535887 6.555842 2.481654 11.467332 2.507403 3.218539 2.507564 7.308336 2.484068 11.308175 
2.491243 6.986359 2.471539 8.777871 2.553722 11.553722 2.495621 6.370832 2.548501 2.653924 
2.453942 5.937273 2.453784 3.747985 2.449676 2.087534 2.497235 6.169379 2.510033 6.618107 
2.508081 11.299888 2.455913 11.079213 2.536726 6.551608 2.460554 11.061290 2.503281 7.267883 
2.470080 11.841566 2.545582 5.394980 2.555221 7.309036 2.437751 5.663855 2.520884 8.191165 
2.546438 7.264052 2.523895 11.873309 2.456417 8.628194 2.470243 4.317854 2.425759 7.359483 
2.424119 7.285506 2.482065 10.317319 2.484986 2.663691 2.540172 11.684142 2.540659 6.994319 
2.499918 2.572205 2.453977 10.848345 2.544047 6.803392 2.542565 2.376256 2.516878 7.554586 
2.491893 10.626697 2.541101 2.332956 2.534502 7.687783 2.496418 11.008673 2.525264 6.513386 
2.509874 7.308686 2.538233 6.873645 2.437416 10.729918 2.543430 3.208166 2.522346 11.657758 
2.468276 6.229250 2.503791 9.639864 2.499202 7.324421 2.536911 10.906824 2.471868 11.883081 
2.478413 11.544012 2.459039 5.027613 2.485431 4.107704 2.535317 2.036613 2.530892 11.499924 

Avg Classes:
2.501062 6.987991 2.500831 7.004122 2.500320 6.993248 2.501601 6.996249 2.500578 6.990609 
2.499498 7.005723 2.498374 7.006795 2.501292 7.002107 2.499690 7.004367 2.498954 6.983451 
2.499895 6.977804 2.500798 6.985700 2.497879 6.992608 2.496556 7.012830 2.497165 6.990719 
2.505279 7.053359 2.508546 7.025330 2.503622 7.027224 2.496757 7.017660 2.492969 7.021495 
2.515058 7.299356 2.473616 7.259717 2.514286 7.283912 2.472844 7.284170 2.470785 7.327413 
2.523547 7.069138 2.523547 7.098196 2.523547 7.013026 2.523547 6.972445 2.523547 6.891283 
2.484551 7.143258 2.502809 7.093399 2.549157 7.078652 2.497893 7.214185 2.465590 7.115169 
2.417391 6.704348 2.482609 6.821739 2.565217 6.452174 2.560870 6.960870 2.504348 6.700000 
2.416667 8.583333 2.416667 7.583333 2.416667 8.166667 2.416667 7.083333 2.416667 7.333333 
3.333333 7.666667 3.333333 7.666667 3.333333 12.000000 3.333333 8.000000 3.333333 11.666667 

Cluster 0 is class 0
Cluster 1 is class 7
Cluster 2 is class 0
Cluster 3 is class 0
Cluster 4 is class 7
Cluster 5 is class 0
Cluster 6 is class 0
Cluster 7 is class 4
Cluster 8 is class 7
Cluster 9 is class 0
Cluster 10 is class 9
Cluster 11 is class 4
Cluster 12 is class 0
Cluster 13 is class 0
Cluster 14 is class 9
Cluster 15 is class 0
Cluster 16 is class 5
Cluster 17 is class 0
Cluster 18 is class 0
Cluster 19 is class 9
Cluster 20 is class 0
Cluster 21 is class 8
Cluster 22 is class 0
Cluster 23 is class 4
Cluster 24 is class 8
Cluster 25 is class 0
Cluster 26 is class 0
Cluster 27 is class 7
Cluster 28 is class 0
Cluster 29 is class 9
Cluster 30 is class 0
Cluster 31 is class 0
Cluster 32 is class 0
Cluster 33 is class 0
Cluster 34 is class 8
Cluster 35 is class 0
Cluster 36 is class 0
Cluster 37 is class 0
Cluster 38 is class 8
Cluster 39 is class 7
Cluster 40 is class 7
Cluster 41 is class 0
Cluster 42 is class 7
Cluster 43 is class 0
Cluster 44 is class 0
Cluster 45 is class 0
Cluster 46 is class 0
Cluster 47 is class 8
Cluster 48 is class 0
Cluster 49 is class 0
Cluster 50 is class 0
Cluster 51 is class 8
Cluster 52 is class 0
Cluster 53 is class 0
Cluster 54 is class 0
Cluster 55 is class 7
Cluster 56 is class 9
Cluster 57 is class 0
Cluster 58 is class 0
Cluster 59 is class 1
Cluster 60 is class 7
Cluster 61 is class 8
Cluster 62 is class 0
Cluster 63 is class 0
Cluster 64 is class 9
Cluster 65 is class 0
Cluster 66 is class 8
Cluster 67 is class 8
Cluster 68 is class 5
Cluster 69 is class 0
Cluster 70 is class 0
Cluster 71 is class 0
Cluster 72 is class 9
Cluster 73 is class 3
Cluster 74 is class 0
Cluster 75 is class 0
Cluster 76 is class 9
Cluster 77 is class 0
Cluster 78 is class 0
Cluster 79 is class 0
Cluster 80 is class 7
Cluster 81 is class 4
Cluster 82 is class 8
Cluster 83 is class 0
Cluster 84 is class 0
Cluster 85 is class 0
Cluster 86 is class 8
Cluster 87 is class 9
Cluster 88 is class 0
Cluster 89 is class 0

Overall Accuracy is 0.300601

