----------------------------For Number of clusters 66----------------------------
Avg Clusters:
2.489827 3.744381 2.504288 10.626902 2.485444 4.727822 2.530614 3.879735 2.475584 3.432042 
2.505937 5.363949 2.514590 3.197632 2.528637 3.287597 2.472087 6.048005 2.488415 10.456846 
2.501383 3.861299 2.505615 3.673285 2.519001 10.448694 2.513467 11.450484 2.490276 9.176743 
2.513968 9.336468 2.498333 10.760833 2.516270 10.224246 2.509048 10.626825 2.491151 10.224802 
2.516513 8.143606 2.493842 10.633826 2.499936 2.549325 2.457579 3.998636 2.490391 10.082755 
2.495055 3.887917 2.515627 10.566268 2.502690 3.539682 2.481128 10.791700 2.500910 10.614575 
2.509993 3.693832 2.475579 4.599669 2.494046 10.093887 2.496324 3.672776 2.500570 3.012564 
2.507078 10.852090 2.498429 3.057619 2.477547 3.971505 2.495399 10.326385 2.522120 9.989615 
2.482731 10.969346 2.485371 10.824335 2.500038 3.621710 2.477113 4.608891 2.499925 3.838436 
2.526120 10.407604 2.508252 3.141652 2.476312 3.586465 2.486922 4.284372 2.480511 4.049772 
2.522922 4.186305 2.493094 10.140048 2.520821 9.072986 2.505838 11.215031 2.507147 3.679158 
2.516068 11.031038 2.454990 10.711128 2.504790 3.480739 2.499601 10.218014 2.513872 10.201647 
2.469147 9.875991 2.542146 4.268644 2.497528 10.711284 2.513765 10.921376 2.508821 3.053354 
2.498486 10.559705 2.530877 9.739586 2.521398 10.695863 2.507893 3.435948 2.498343 3.854684 
2.510212 11.241421 2.451084 3.446801 2.507391 10.631079 2.488221 9.566310 2.474484 8.399008 
2.504623 3.629587 2.479929 3.139895 2.488256 3.063860 2.492793 11.280940 2.510021 9.585482 
2.476579 7.341501 2.486694 4.856820 2.516842 3.292350 2.490523 10.455072 2.498331 2.798488 
2.510738 10.848915 2.488452 9.944255 2.489783 3.410478 2.486889 11.064197 2.492041 3.102634 
2.534556 2.904645 2.524133 3.490352 2.505158 10.052755 2.491475 10.260944 2.481640 2.922070 
2.490205 4.778758 2.521572 11.170229 2.473349 10.649718 2.528381 3.351119 2.538148 3.445331 
2.534265 2.987764 2.484706 10.258910 2.490038 10.823932 2.491497 3.856878 2.492002 8.018185 
2.483180 2.941596 2.579661 10.912814 2.490256 10.848834 2.469269 9.925466 2.518379 10.448222 
2.500145 2.913597 2.510323 3.688277 2.500492 3.533919 2.509687 6.143543 2.483199 3.451911 
2.492496 10.739685 2.482757 3.960762 2.505528 7.775959 2.503787 3.278570 2.494001 10.929522 
2.495869 10.991127 2.507129 8.494217 2.469922 10.817392 2.494278 5.283214 2.542439 10.884646 
2.519847 11.616725 2.481383 10.484184 2.494910 5.393523 2.526201 2.836100 2.505705 10.270616 
2.545707 8.582796 2.534392 3.292522 2.525701 10.738873 2.488011 9.593286 2.516035 11.961487 
2.473677 10.528479 2.510606 3.651575 2.490507 2.604214 2.501773 2.873774 2.505738 10.197371 
2.537357 7.854457 2.528077 10.595257 2.465260 11.201380 2.520780 2.634994 2.474857 10.741989 
2.518066 10.775936 2.442094 11.250891 2.516321 8.425881 2.523083 9.756743 2.516903 3.346347 
2.478834 6.148885 2.488988 3.555815 2.485214 9.719177 2.502024 3.165146 2.510738 10.933791 
2.535101 2.924142 2.476664 7.998050 2.502600 3.277171 2.469839 3.242720 2.490965 8.031656 
2.516455 3.161162 2.468842 10.562977 2.495549 2.999943 2.489116 10.526966 2.503590 3.400264 
2.487094 2.646038 2.526189 6.686491 2.543547 10.441283 2.510868 4.306792 2.484679 11.139698 
2.457828 7.618878 2.539766 11.458455 2.452177 3.026266 2.523859 10.085915 2.541754 5.652679 
2.489516 9.189859 2.490278 6.599886 2.510770 6.535837 2.479985 10.717308 2.442051 11.188143 
2.486533 7.667593 2.549166 6.764215 2.489419 3.015926 2.456285 10.233968 2.421761 7.642796 
2.470869 2.430268 2.477873 7.228888 2.524767 4.449452 2.510252 9.825924 2.517052 7.035932 
2.464346 10.424079 2.503468 2.749579 2.514309 10.403609 2.476332 5.696788 2.492425 2.970978 
2.473563 3.196817 2.494341 10.250840 2.505217 11.311317 2.450398 7.745093 2.523873 2.892396 
2.466446 11.014118 2.543919 3.215709 2.502011 11.630417 2.502368 3.142793 2.480922 8.408096 
2.547768 4.434914 2.377034 7.903882 2.478382 9.023361 2.561483 9.944444 2.490005 11.701883 
2.505030 10.293786 2.432641 3.625928 2.532011 9.598289 2.550813 1.938799 2.549591 3.257215 
2.435450 7.927393 2.487773 7.225687 2.491848 6.547773 2.535166 3.851943 2.497346 6.592512 
2.493835 11.683835 2.492932 3.056241 2.514887 3.945263 2.541203 10.447669 2.521579 3.521053 
2.481253 10.470307 2.499767 7.356078 2.550769 5.020028 2.478109 2.414066 2.462389 2.555659 
2.480289 2.858412 2.464298 11.561910 2.495836 8.303276 2.499056 3.310494 2.497946 11.503276 
2.547073 10.796490 2.546459 6.753161 2.462624 7.574936 2.494538 7.642445 2.474408 3.202774 
2.483998 6.839772 2.521181 2.409632 2.567271 6.929052 2.488659 10.706784 2.474573 5.145520 
2.505088 2.675427 2.489224 2.355661 2.488743 9.519349 2.484416 6.564137 2.501723 9.956975 
2.455623 10.425106 2.506707 11.712833 2.524033 10.537223 2.481444 6.187011 2.511178 7.527610 
2.485985 4.060012 2.533081 2.645374 2.495563 4.130656 2.474036 2.121343 2.505492 5.182761 
2.479266 11.291910 2.489327 7.951598 2.484024 8.307002 2.493678 11.547655 2.497213 6.598912 
2.496066 2.639785 2.494099 5.233150 2.479937 5.944663 2.534618 10.081301 2.512982 11.698400 
2.500401 4.540888 2.504989 11.624039 2.474825 5.988645 2.567840 7.289483 2.525978 8.051955 
2.522195 10.983743 2.500058 6.710596 2.486683 2.812291 2.522541 6.711519 2.576386 10.820823 
2.470817 2.458632 2.534815 10.828896 2.547512 2.933647 2.568401 4.650317 2.532050 11.284866 
2.515177 6.564397 2.568936 10.602411 2.492340 6.494610 2.509220 2.957305 2.386667 11.165957 
2.494515 9.647163 2.493156 10.505067 2.523665 12.170933 2.489500 10.419914 2.503082 3.334134 
2.503322 6.542077 2.509473 7.771161 2.549828 2.091535 2.553642 3.826033 2.502338 2.920153 
2.525959 5.857928 2.526928 3.527574 2.477704 11.336816 2.485997 3.316889 2.425032 6.732120 
2.492718 2.339182 2.451483 2.476750 2.471486 10.071942 2.489033 2.100544 2.557817 10.203720 
2.521948 6.049767 2.484189 3.328619 2.434957 11.381588 2.480454 8.096998 2.543029 5.610007 
2.488478 2.546772 2.514260 3.351358 2.481976 3.601871 2.510609 11.491330 2.543007 3.223249 
2.501506 2.786029 2.463855 4.695088 2.495482 4.178290 2.576923 2.453545 2.523865 11.569277 
2.479454 2.763044 2.490808 7.051906 2.501352 10.892539 2.482698 8.526223 2.458097 6.635036 

Avg Classes:
2.501062 6.987991 2.500831 7.004122 2.500320 6.993248 2.501601 6.996249 2.500578 6.990609 
2.499498 7.005723 2.498374 7.006795 2.501292 7.002107 2.499690 7.004367 2.498954 6.983451 
2.499895 6.977804 2.500798 6.985700 2.497879 6.992608 2.496556 7.012830 2.497165 6.990719 
2.505279 7.053359 2.508546 7.025330 2.503622 7.027224 2.496757 7.017660 2.492969 7.021495 
2.515058 7.299356 2.473616 7.259717 2.514286 7.283912 2.472844 7.284170 2.470785 7.327413 
2.523547 7.069138 2.523547 7.098196 2.523547 7.013026 2.523547 6.972445 2.523547 6.891283 
2.484551 7.143258 2.502809 7.093399 2.549157 7.078652 2.497893 7.214185 2.465590 7.115169 
2.417391 6.704348 2.482609 6.821739 2.565217 6.452174 2.560870 6.960870 2.504348 6.700000 
2.416667 8.583333 2.416667 7.583333 2.416667 8.166667 2.416667 7.083333 2.416667 7.333333 
3.333333 7.666667 3.333333 7.666667 3.333333 12.000000 3.333333 8.000000 3.333333 11.666667 

Cluster 0 is class 7
Cluster 1 is class 0
Cluster 2 is class 0
Cluster 3 is class 8
Cluster 4 is class 0
Cluster 5 is class 0
Cluster 6 is class 0
Cluster 7 is class 0
Cluster 8 is class 0
Cluster 9 is class 0
Cluster 10 is class 0
Cluster 11 is class 0
Cluster 12 is class 0
Cluster 13 is class 8
Cluster 14 is class 4
Cluster 15 is class 7
Cluster 16 is class 0
Cluster 17 is class 0
Cluster 18 is class 7
Cluster 19 is class 0
Cluster 20 is class 0
Cluster 21 is class 9
Cluster 22 is class 7
Cluster 23 is class 8
Cluster 24 is class 9
Cluster 25 is class 3
Cluster 26 is class 9
Cluster 27 is class 0
Cluster 28 is class 9
Cluster 29 is class 8
Cluster 30 is class 0
Cluster 31 is class 0
Cluster 32 is class 7
Cluster 33 is class 9
Cluster 34 is class 0
Cluster 35 is class 4
Cluster 36 is class 7
Cluster 37 is class 0
Cluster 38 is class 0
Cluster 39 is class 0
Cluster 40 is class 8
Cluster 41 is class 9
Cluster 42 is class 8
Cluster 43 is class 0
Cluster 44 is class 0
Cluster 45 is class 0
Cluster 46 is class 0
Cluster 47 is class 8
Cluster 48 is class 0
Cluster 49 is class 0
Cluster 50 is class 8
Cluster 51 is class 0
Cluster 52 is class 8
Cluster 53 is class 0
Cluster 54 is class 0
Cluster 55 is class 0
Cluster 56 is class 0
Cluster 57 is class 0
Cluster 58 is class 8
Cluster 59 is class 7
Cluster 60 is class 0
Cluster 61 is class 0
Cluster 62 is class 0
Cluster 63 is class 0
Cluster 64 is class 0
Cluster 65 is class 0

Overall Accuracy is 0.322456

