----------------------------For Number of clusters 28----------------------------
Avg Clusters:
2.504600 4.918590 2.498834 9.942847 2.503118 3.748287 2.483109 9.949643 2.507962 10.185341 
2.508553 9.127129 2.494467 3.813027 2.516813 9.929268 2.505959 10.045047 2.499245 9.971260 
2.512824 3.834634 2.513841 3.880372 2.513802 9.833480 2.477317 10.097091 2.498973 4.115911 
2.493682 10.172532 2.488070 4.002304 2.501635 9.314572 2.494797 3.182529 2.497343 9.391333 
2.481911 3.792108 2.520552 9.590716 2.506090 4.214416 2.526688 3.342336 2.504015 10.007961 
2.500509 10.029594 2.492973 4.168735 2.497514 3.969095 2.512840 9.842187 2.497847 3.666621 
2.490800 10.583413 2.499766 4.159216 2.483140 3.188551 2.504643 8.733614 2.513633 10.563585 
2.504042 5.111553 2.474774 4.143817 2.494051 10.207506 2.504950 3.249512 2.498819 3.724399 
2.496956 10.559960 2.514134 4.765467 2.500518 3.886952 2.487558 3.064696 2.491499 4.288291 
2.502839 4.083387 2.518918 10.734814 2.487720 9.876932 2.518774 4.058299 2.510220 4.110848 
2.490474 10.263967 2.489189 11.100244 2.497673 4.313485 2.496336 5.065458 2.486284 3.944877 
2.491226 10.900662 2.520512 9.293330 2.520483 10.783920 2.505594 3.965076 2.506462 3.921883 
2.496614 3.255332 2.493658 3.685491 2.497903 9.926016 2.509930 4.837401 2.503032 10.597155 
2.472946 3.255242 2.494317 4.245269 2.483569 3.094465 2.511847 9.998761 2.504940 4.582649 
2.508362 10.369779 2.482777 10.587943 2.492376 3.888350 2.509550 11.229142 2.505826 5.236236 
2.515004 3.511067 2.489595 10.783788 2.507461 4.441787 2.506170 10.155732 2.512986 3.500678 
2.517526 5.137537 2.486616 3.152564 2.517355 3.100260 2.477066 3.761313 2.502944 10.367666 
2.505505 9.851996 2.524894 10.714489 2.467635 9.864096 2.510466 4.300514 2.490563 10.686146 
2.475185 10.826218 2.524783 3.812307 2.489861 10.719002 2.487824 9.304014 2.497024 3.457581 
2.490921 10.071317 2.490672 10.650395 2.508616 9.716015 2.498647 10.792032 2.491704 9.855444 
2.514919 3.276168 2.510499 10.530313 2.496448 10.701571 2.486383 4.341964 2.482673 10.610041 
2.517015 3.535238 2.529813 3.991694 2.508370 3.814637 2.461542 3.778616 2.468068 3.429122 
2.511781 3.421552 2.495961 3.450772 2.511632 4.976512 2.519412 10.893058 2.494510 10.841653 
2.513497 10.674723 2.471804 10.152392 2.517843 3.152074 2.485725 4.185959 2.505477 10.688679 
2.503355 3.272417 2.521583 9.298575 2.497111 10.615271 2.488428 10.902867 2.500054 9.782662 
2.518812 9.098606 2.471812 10.538715 2.512315 10.497677 2.514577 10.397508 2.509848 3.130145 
2.492649 2.922249 2.486929 10.371840 2.496217 10.935535 2.487482 10.368703 2.515716 3.265240 
2.490912 4.094547 2.486775 10.412495 2.491703 3.152559 2.530145 3.392321 2.466927 3.544229 

Avg Classes:
2.501062 6.987991 2.500831 7.004122 2.500320 6.993248 2.501601 6.996249 2.500578 6.990609 
2.499498 7.005723 2.498374 7.006795 2.501292 7.002107 2.499690 7.004367 2.498954 6.983451 
2.499895 6.977804 2.500798 6.985700 2.497879 6.992608 2.496556 7.012830 2.497165 6.990719 
2.505279 7.053359 2.508546 7.025330 2.503622 7.027224 2.496757 7.017660 2.492969 7.021495 
2.515058 7.299356 2.473616 7.259717 2.514286 7.283912 2.472844 7.284170 2.470785 7.327413 
2.523547 7.069138 2.523547 7.098196 2.523547 7.013026 2.523547 6.972445 2.523547 6.891283 
2.484551 7.143258 2.502809 7.093399 2.549157 7.078652 2.497893 7.214185 2.465590 7.115169 
2.417391 6.704348 2.482609 6.821739 2.565217 6.452174 2.560870 6.960870 2.504348 6.700000 
2.416667 8.583333 2.416667 7.583333 2.416667 8.166667 2.416667 7.083333 2.416667 7.333333 
3.333333 7.666667 3.333333 7.666667 3.333333 12.000000 3.333333 8.000000 3.333333 11.666667 

Cluster 0 is class 0
Cluster 1 is class 8
Cluster 2 is class 0
Cluster 3 is class 0
Cluster 4 is class 0
Cluster 5 is class 0
Cluster 6 is class 0
Cluster 7 is class 0
Cluster 8 is class 7
Cluster 9 is class 0
Cluster 10 is class 0
Cluster 11 is class 8
Cluster 12 is class 0
Cluster 13 is class 7
Cluster 14 is class 0
Cluster 15 is class 0
Cluster 16 is class 0
Cluster 17 is class 8
Cluster 18 is class 8
Cluster 19 is class 8
Cluster 20 is class 9
Cluster 21 is class 7
Cluster 22 is class 0
Cluster 23 is class 0
Cluster 24 is class 9
Cluster 25 is class 8
Cluster 26 is class 0
Cluster 27 is class 0

Overall Accuracy is 0.347851

