----------------------------For Number of clusters 79----------------------------
Avg Clusters:
2.502330 10.946108 2.493618 4.216500 2.483853 3.058633 2.487864 9.749990 2.524170 9.796791 
2.508031 6.630685 2.521112 9.858977 2.488709 10.327966 2.507872 9.751829 2.514074 10.762802 
2.503223 3.371532 2.520435 9.839857 2.518313 2.890513 2.492533 5.058870 2.519767 10.804567 
2.510613 3.073315 2.487831 10.631047 2.494964 3.446462 2.496823 10.577616 2.514546 4.073142 
2.485532 9.923760 2.504038 3.958702 2.492801 11.023213 2.495013 3.698448 2.496383 10.387765 
2.469005 10.636887 2.500192 10.448739 2.485644 4.013610 2.511882 10.674090 2.493280 6.110457 
2.506680 3.810360 2.481966 3.673066 2.539829 3.184898 2.492180 3.682094 2.506589 7.739729 
2.457610 4.700179 2.549105 10.659087 2.495166 9.231513 2.502328 6.662086 2.531513 3.030081 
2.504069 10.878726 2.499823 7.212561 2.506767 7.110880 2.485449 3.556347 2.495621 4.812738 
2.502142 10.319681 2.514456 3.766303 2.505836 3.354160 2.519006 3.530035 2.472374 3.041707 
2.512757 3.175607 2.514019 10.014112 2.498692 10.810748 2.491308 3.531449 2.471963 10.886682 
2.509745 5.661652 2.522591 4.104200 2.506835 8.493769 2.513478 10.934120 2.474499 2.526873 
2.497172 4.318177 2.514196 11.155353 2.511901 3.839844 2.463283 10.767958 2.497492 10.743516 
2.478905 11.051589 2.483757 2.901113 2.515732 10.529012 2.504903 4.590867 2.503473 3.286086 
2.515004 3.076502 2.489415 10.815802 2.475961 9.996966 2.511772 2.428345 2.498912 3.732771 
2.509714 11.407661 2.527484 4.217037 2.480606 2.890479 2.527553 9.122381 2.533983 3.549678 
2.488898 11.302137 2.504954 9.250806 2.476185 9.391847 2.528829 5.867196 2.530858 11.150531 
2.514541 10.298291 2.467158 10.924060 2.512069 10.615724 2.498606 10.273468 2.505075 3.125532 
2.518094 10.114147 2.495905 11.359494 2.498809 9.925168 2.488980 2.305957 2.455622 9.969769 
2.541082 10.680834 2.485808 10.675530 2.511279 3.474679 2.484240 8.757021 2.495145 2.090155 
2.492529 6.043460 2.512247 3.317118 2.492052 3.814082 2.488845 3.393600 2.473221 11.749198 
2.507755 3.298883 2.498139 9.451660 2.476321 3.086341 2.530400 3.622221 2.456106 3.565815 
2.522922 3.139884 2.482220 10.148371 2.518461 11.212303 2.478751 11.075765 2.519576 3.535436 
2.466233 3.628372 2.485508 3.325665 2.509327 11.358236 2.491487 8.923857 2.507748 10.657739 
2.477404 10.495702 2.498304 11.725215 2.522202 7.471646 2.464390 3.417935 2.495307 3.307437 
2.516492 2.858377 2.504777 5.944764 2.465838 3.084097 2.529908 10.703403 2.515118 10.404188 
2.468688 4.764513 2.479049 2.081213 2.487734 3.391818 2.482630 10.583651 2.495429 10.066204 
2.523941 11.302208 2.497613 3.026850 2.505668 6.518049 2.463305 3.554371 2.495823 10.152073 
2.457976 8.253591 2.479052 4.115832 2.543894 3.071896 2.475907 11.867936 2.488485 3.422113 
2.506785 3.263729 2.503320 3.411965 2.470751 10.378530 2.483802 2.996766 2.489461 7.442860 
2.497046 3.510980 2.484522 3.735603 2.502690 9.431255 2.516624 2.919040 2.504454 11.850516 
2.525476 6.172699 2.485791 6.336923 2.491874 3.302323 2.464353 9.288065 2.457473 6.496161 
2.507494 3.474541 2.466203 11.458958 2.481092 8.282184 2.511960 10.919504 2.513648 7.190471 
2.476813 10.620638 2.515474 10.889098 2.547644 11.248330 2.526291 6.879221 2.523375 6.829555 
2.539556 10.826306 2.490139 3.698629 2.508784 10.781367 2.504250 10.644905 2.509521 10.604726 
2.516309 10.432048 2.526987 7.612154 2.526081 2.741069 2.491004 3.440849 2.558827 10.240746 
2.490816 2.138226 2.531319 10.038575 2.502572 10.614897 2.500551 10.302168 2.516716 11.119306 
2.501002 8.423516 2.531945 3.146431 2.516168 11.228275 2.467271 8.164037 2.517389 5.872309 
2.506873 11.408601 2.472599 6.203883 2.452814 8.623723 2.501115 10.612762 2.469441 3.011239 
2.525138 2.495772 2.501768 3.538822 2.508456 11.483933 2.476322 10.061424 2.508072 3.853014 
2.476641 10.519526 2.530187 2.879971 2.514974 11.560014 2.496406 11.454241 2.551869 3.280546 
2.474044 6.193290 2.523484 3.337022 2.534197 9.672749 2.501354 11.859211 2.494055 8.007416 
2.497919 7.509713 2.494450 11.557123 2.487512 3.546022 2.484891 3.402559 2.446886 8.425301 
2.515383 2.935391 2.530236 10.800764 2.502864 7.256737 2.576809 5.851793 2.458095 7.708148 
2.477654 6.148469 2.524619 8.733795 2.486960 6.859431 2.515096 3.359377 2.503517 11.407748 
2.590485 3.378698 2.500394 4.101338 2.520864 7.644472 2.518502 11.116747 2.450905 11.444269 
2.503557 6.224370 2.469244 3.289899 2.459369 7.669428 2.506067 2.900661 2.520546 3.094987 
2.492228 10.956498 2.470615 10.105491 2.473650 2.286949 2.487906 3.207946 2.514210 3.566449 
2.522918 2.337176 2.518215 3.591626 2.516831 7.035507 2.483722 6.300655 2.499124 3.122291 
2.483254 2.441719 2.400448 10.238001 2.523075 5.413634 2.542985 1.959652 2.520833 8.795095 
2.531071 7.048720 2.537286 3.200721 2.538280 7.024857 2.504474 6.492170 2.500000 8.784365 
2.452541 10.720402 2.458215 2.750064 2.474852 2.525277 2.488651 3.059195 2.495744 7.598143 
2.416162 2.481079 2.462414 5.668034 2.512563 2.984514 2.535330 9.930161 2.511640 2.800943 
2.504309 3.272412 2.553183 3.468810 2.496977 2.844116 2.468167 3.052347 2.465338 2.784309 
2.487138 2.801787 2.516653 6.734227 2.482399 8.399540 2.461684 10.824127 2.508123 6.592337 
2.510158 3.703872 2.500478 7.704589 2.501434 11.694909 2.523184 5.781071 2.507768 6.836998 
2.491831 8.431562 2.476176 7.978965 2.541434 3.513746 2.503865 10.891400 2.462577 11.380198 
2.492496 11.273420 2.522392 2.945413 2.504236 6.698257 2.498184 11.264343 2.463568 7.402082 
2.515197 6.687154 2.514386 2.983790 2.444955 3.311225 2.439011 7.302985 2.459814 2.699716 
2.543202 11.747442 2.487612 11.517934 2.518550 3.718846 2.508936 5.077530 2.511278 8.675336 
2.508899 2.918980 2.548911 2.148370 2.483554 3.230101 2.493379 11.222554 2.543500 4.472163 
2.517655 10.232210 2.549023 9.725220 2.490142 11.842445 2.522316 3.056731 2.507349 2.817978 
2.529780 3.575951 2.436311 6.378629 2.513889 11.202202 2.499875 2.918043 2.487487 2.427928 
2.471519 9.085368 2.479213 2.853381 2.496671 6.353603 2.484539 10.264980 2.494156 12.040095 
2.457459 10.419965 2.473802 11.417722 2.483256 3.619292 2.529242 3.514982 2.458901 12.286493 
2.509744 11.247707 2.501433 10.893007 2.519870 9.263374 2.491689 11.340848 2.463030 10.569259 
2.546922 2.044625 2.456097 3.700617 2.467122 5.564641 2.557028 6.229689 2.518309 10.834755 
2.469259 11.032178 2.515993 2.738173 2.459682 2.482666 2.566941 4.661368 2.519058 11.889102 
2.477294 7.337834 2.464406 6.701135 2.525315 11.328782 2.450598 7.618134 2.514575 2.599110 
2.500779 7.076268 2.502099 10.436863 2.527521 5.941240 2.498981 11.516489 2.512292 2.644682 
2.476629 6.406978 2.504279 11.291376 2.496774 2.512837 2.520606 7.340487 2.529296 4.445030 
2.536730 6.489738 2.483793 10.901345 2.490304 10.978910 2.487332 2.753715 2.499222 7.193631 
2.468446 2.484540 2.508259 2.330157 2.498729 7.534731 2.544049 10.828674 2.470987 6.550826 
2.569129 11.398550 2.461595 11.014993 2.492934 3.029618 2.481013 10.136291 2.488509 11.286346 
2.459588 10.365119 2.484651 7.647783 2.505116 11.287409 2.547382 11.299570 2.478867 6.801424 
2.503060 4.108296 2.488609 2.142979 2.517851 11.752295 2.515981 4.016491 2.508841 2.739714 
2.470267 9.055096 2.528172 5.485094 2.515218 11.458873 2.525987 2.397846 2.471203 5.620571 
2.489988 6.605418 2.495730 10.741755 2.535336 4.496614 2.519287 2.475412 2.504711 2.522085 
2.499205 10.965706 2.462966 2.114018 2.514407 6.569737 2.581934 9.839668 2.466678 2.570267 

Avg Classes:
2.501062 6.987991 2.500831 7.004122 2.500320 6.993248 2.501601 6.996249 2.500578 6.990609 
2.499498 7.005723 2.498374 7.006795 2.501292 7.002107 2.499690 7.004367 2.498954 6.983451 
2.499895 6.977804 2.500798 6.985700 2.497879 6.992608 2.496556 7.012830 2.497165 6.990719 
2.505279 7.053359 2.508546 7.025330 2.503622 7.027224 2.496757 7.017660 2.492969 7.021495 
2.515058 7.299356 2.473616 7.259717 2.514286 7.283912 2.472844 7.284170 2.470785 7.327413 
2.523547 7.069138 2.523547 7.098196 2.523547 7.013026 2.523547 6.972445 2.523547 6.891283 
2.484551 7.143258 2.502809 7.093399 2.549157 7.078652 2.497893 7.214185 2.465590 7.115169 
2.417391 6.704348 2.482609 6.821739 2.565217 6.452174 2.560870 6.960870 2.504348 6.700000 
2.416667 8.583333 2.416667 7.583333 2.416667 8.166667 2.416667 7.083333 2.416667 7.333333 
3.333333 7.666667 3.333333 7.666667 3.333333 12.000000 3.333333 8.000000 3.333333 11.666667 

Cluster 0 is class 0
Cluster 1 is class 9
Cluster 2 is class 0
Cluster 3 is class 0
Cluster 4 is class 8
Cluster 5 is class 0
Cluster 6 is class 0
Cluster 7 is class 0
Cluster 8 is class 0
Cluster 9 is class 0
Cluster 10 is class 4
Cluster 11 is class 0
Cluster 12 is class 0
Cluster 13 is class 8
Cluster 14 is class 0
Cluster 15 is class 0
Cluster 16 is class 8
Cluster 17 is class 8
Cluster 18 is class 4
Cluster 19 is class 0
Cluster 20 is class 0
Cluster 21 is class 0
Cluster 22 is class 0
Cluster 23 is class 9
Cluster 24 is class 0
Cluster 25 is class 0
Cluster 26 is class 7
Cluster 27 is class 0
Cluster 28 is class 0
Cluster 29 is class 0
Cluster 30 is class 0
Cluster 31 is class 7
Cluster 32 is class 4
Cluster 33 is class 8
Cluster 34 is class 9
Cluster 35 is class 0
Cluster 36 is class 9
Cluster 37 is class 8
Cluster 38 is class 8
Cluster 39 is class 0
Cluster 40 is class 8
Cluster 41 is class 0
Cluster 42 is class 0
Cluster 43 is class 0
Cluster 44 is class 4
Cluster 45 is class 0
Cluster 46 is class 0
Cluster 47 is class 0
Cluster 48 is class 0
Cluster 49 is class 0
Cluster 50 is class 0
Cluster 51 is class 0
Cluster 52 is class 7
Cluster 53 is class 0
Cluster 54 is class 0
Cluster 55 is class 0
Cluster 56 is class 4
Cluster 57 is class 8
Cluster 58 is class 0
Cluster 59 is class 0
Cluster 60 is class 0
Cluster 61 is class 8
Cluster 62 is class 0
Cluster 63 is class 0
Cluster 64 is class 4
Cluster 65 is class 8
Cluster 66 is class 0
Cluster 67 is class 0
Cluster 68 is class 8
Cluster 69 is class 0
Cluster 70 is class 0
Cluster 71 is class 4
Cluster 72 is class 0
Cluster 73 is class 0
Cluster 74 is class 8
Cluster 75 is class 0
Cluster 76 is class 5
Cluster 77 is class 0
Cluster 78 is class 0

Overall Accuracy is 0.329589

