----------------------------For Number of clusters 38----------------------------
Avg Clusters:
2.507858 3.622225 2.471323 4.238780 2.519333 4.146729 2.509015 4.886994 2.532918 9.720399 
2.505086 3.941603 2.509236 9.985094 2.494229 9.909131 2.511754 3.857221 2.509699 3.932397 
2.486131 9.389319 2.494114 9.471880 2.503433 11.005613 2.518937 9.022153 2.509292 3.717629 
2.486859 10.200225 2.513611 9.929281 2.486554 9.435564 2.504098 3.775794 2.500247 10.184090 
2.490683 10.219570 2.493774 3.154897 2.522858 10.700568 2.499338 5.387949 2.500662 9.575932 
2.497161 4.597873 2.485632 10.005256 2.491855 3.299755 2.522798 4.243721 2.492525 4.155753 
2.501674 4.174341 2.474628 3.244413 2.497193 10.106483 2.489257 4.668025 2.500594 3.747625 
2.497312 10.790783 2.516009 9.207120 2.512290 9.885350 2.509213 3.084931 2.490009 3.524394 
2.501188 10.710171 2.485627 4.688307 2.493392 3.439342 2.511175 7.055542 2.519123 9.720706 
2.495849 10.452118 2.534664 3.363307 2.504031 9.913437 2.484729 10.535084 2.500225 3.980727 
2.498356 3.761031 2.510129 4.480352 2.499483 10.355752 2.488400 10.310639 2.487457 10.059782 
2.516289 9.758373 2.484366 10.760796 2.497823 3.089579 2.493337 3.773565 2.497004 10.057034 
2.508248 3.877090 2.516989 10.847117 2.490653 8.636374 2.482109 10.155618 2.510813 9.960440 
2.484243 10.061993 2.494392 4.375800 2.487748 3.054221 2.511338 9.517860 2.512831 3.086285 
2.487692 3.094931 2.518790 10.556077 2.517552 4.160331 2.524798 4.070315 2.492098 10.743136 
2.487705 10.580609 2.472576 2.932325 2.505689 8.714468 2.507863 3.454848 2.516429 3.241253 
2.481465 9.701783 2.506492 10.808868 2.483925 3.066218 2.488952 10.465444 2.493111 5.079455 
2.482304 3.050409 2.517183 4.487823 2.499631 3.682593 2.506626 10.447489 2.510605 4.136788 
2.522650 3.208909 2.501532 4.751081 2.501658 10.694614 2.493807 10.823166 2.505311 3.373441 
2.504984 10.124603 2.518613 4.674885 2.507278 2.837950 2.482269 2.900273 2.465729 4.214758 
2.527484 9.632694 2.476144 10.163383 2.522295 3.866442 2.496646 10.639274 2.484708 11.250285 
2.520827 10.488153 2.499489 4.321849 2.493132 9.818226 2.510291 10.972661 2.505490 10.876284 
2.493638 3.192093 2.520491 9.330979 2.506317 2.803061 2.503238 10.801159 2.504642 9.954309 
2.508967 4.791646 2.465562 2.945380 2.489489 3.740885 2.494711 10.847037 2.494756 10.714824 
2.504832 3.551231 2.490970 11.058818 2.513185 9.600953 2.491888 10.640924 2.494381 3.513841 
2.516994 3.459711 2.473353 10.801618 2.485029 3.341272 2.484393 10.515029 2.503353 3.254335 
2.482490 3.240419 2.505076 4.308727 2.498111 10.257142 2.512277 3.295664 2.492996 10.740615 
2.519155 3.627037 2.508288 10.766185 2.496086 10.918915 2.495303 3.769960 2.474537 10.371673 
2.513348 3.395888 2.536578 3.448256 2.497671 3.674656 2.471089 3.487618 2.471373 3.393161 
2.497812 8.037704 2.528889 3.592523 2.488998 3.792755 2.469502 2.558229 2.458242 11.072964 
2.486784 11.876652 2.484141 3.544229 2.494273 5.762203 2.510661 2.530837 2.522203 10.157974 
2.490034 10.843637 2.480550 11.003347 2.513364 3.870974 2.490896 4.186996 2.507278 3.169042 
2.471434 11.237564 2.498021 10.324581 2.544927 8.789220 2.481594 10.888508 2.469983 7.477174 
2.551762 10.512199 2.420620 9.926720 2.486106 6.636140 2.517367 10.862420 2.541681 2.263131 
2.542249 9.474239 2.516144 10.724143 2.498970 11.458515 2.529425 9.725822 2.531486 11.112205 
2.535745 7.262593 2.514973 4.321014 2.456725 10.977757 2.468669 2.349143 2.474727 8.631383 
2.489070 10.860692 2.531333 3.412957 2.498543 3.521860 2.479399 11.667064 2.496092 9.282194 
2.496908 6.477260 2.523757 2.649550 2.533307 6.554990 2.516321 10.227241 2.419413 4.295499 

Avg Classes:
2.501062 6.987991 2.500831 7.004122 2.500320 6.993248 2.501601 6.996249 2.500578 6.990609 
2.499498 7.005723 2.498374 7.006795 2.501292 7.002107 2.499690 7.004367 2.498954 6.983451 
2.499895 6.977804 2.500798 6.985700 2.497879 6.992608 2.496556 7.012830 2.497165 6.990719 
2.505279 7.053359 2.508546 7.025330 2.503622 7.027224 2.496757 7.017660 2.492969 7.021495 
2.515058 7.299356 2.473616 7.259717 2.514286 7.283912 2.472844 7.284170 2.470785 7.327413 
2.523547 7.069138 2.523547 7.098196 2.523547 7.013026 2.523547 6.972445 2.523547 6.891283 
2.484551 7.143258 2.502809 7.093399 2.549157 7.078652 2.497893 7.214185 2.465590 7.115169 
2.417391 6.704348 2.482609 6.821739 2.565217 6.452174 2.560870 6.960870 2.504348 6.700000 
2.416667 8.583333 2.416667 7.583333 2.416667 8.166667 2.416667 7.083333 2.416667 7.333333 
3.333333 7.666667 3.333333 7.666667 3.333333 12.000000 3.333333 8.000000 3.333333 11.666667 

Cluster 0 is class 7
Cluster 1 is class 0
Cluster 2 is class 8
Cluster 3 is class 8
Cluster 4 is class 0
Cluster 5 is class 0
Cluster 6 is class 0
Cluster 7 is class 8
Cluster 8 is class 0
Cluster 9 is class 8
Cluster 10 is class 0
Cluster 11 is class 0
Cluster 12 is class 0
Cluster 13 is class 7
Cluster 14 is class 0
Cluster 15 is class 0
Cluster 16 is class 0
Cluster 17 is class 7
Cluster 18 is class 0
Cluster 19 is class 0
Cluster 20 is class 0
Cluster 21 is class 8
Cluster 22 is class 0
Cluster 23 is class 0
Cluster 24 is class 0
Cluster 25 is class 7
Cluster 26 is class 0
Cluster 27 is class 0
Cluster 28 is class 0
Cluster 29 is class 0
Cluster 30 is class 8
Cluster 31 is class 0
Cluster 32 is class 8
Cluster 33 is class 0
Cluster 34 is class 9
Cluster 35 is class 0
Cluster 36 is class 0
Cluster 37 is class 7

Overall Accuracy is 0.342768

