----------------------------For Number of clusters 43----------------------------
Avg Clusters:
2.520352 3.158400 2.506220 4.713428 2.501992 10.333388 2.495526 9.691548 2.506520 3.390107 
2.490053 10.509437 2.505544 4.262706 2.501356 3.883588 2.483180 3.800038 2.488979 10.509893 
2.479942 10.198764 2.511134 10.012972 2.504129 3.590059 2.502850 4.454025 2.488386 3.545256 
2.487769 3.895930 2.485603 4.084709 2.496983 3.582378 2.492596 10.468546 2.494159 10.328333 
2.491420 10.364684 2.522159 5.056148 2.493363 10.978785 2.507053 3.936438 2.508469 10.113351 
2.489270 3.403255 2.511475 11.236916 2.524708 9.164253 2.497407 9.564884 2.511475 4.132093 
2.507603 3.922659 2.510778 3.980895 2.505347 3.893333 2.469949 4.374784 2.492620 3.663622 
2.517270 10.047029 2.473623 10.260579 2.497696 3.927033 2.495593 10.123006 2.495779 10.217597 
2.494083 4.001545 2.481570 9.829693 2.497420 3.027715 2.504279 10.318307 2.518894 3.880025 
2.513683 9.272251 2.510838 11.162436 2.475575 9.810486 2.512372 3.910742 2.485806 10.390761 
2.499188 3.297738 2.512235 10.149513 2.513187 3.885989 2.517443 3.808321 2.496920 10.340352 
2.487739 3.382884 2.493644 3.300787 2.500820 4.754080 2.524317 3.354425 2.534815 10.653244 
2.504362 3.772716 2.498833 9.922590 2.497512 10.335473 2.527247 3.152854 2.495269 3.644375 
2.503147 11.171960 2.465854 3.889640 2.494610 8.856037 2.509441 10.699595 2.491355 8.671924 
2.510949 3.866732 2.531189 10.124594 2.501494 10.406563 2.501787 9.864717 2.507310 10.812216 
2.499311 10.609442 2.495062 4.045688 2.506814 3.528998 2.513935 10.029599 2.512089 3.671365 
2.466390 9.955894 2.486338 3.960738 2.525346 10.326663 2.491910 3.962480 2.489472 2.899535 
2.512031 10.316577 2.478773 10.835374 2.510697 3.255634 2.474246 3.228808 2.507219 10.288798 
2.515321 10.921556 2.447949 10.189614 2.491012 8.079220 2.524064 10.349526 2.494975 3.597442 
2.489939 3.702481 2.483009 10.527649 2.502127 3.391292 2.527075 3.323806 2.464991 3.565406 
2.502003 10.473561 2.507681 3.303726 2.484563 3.274373 2.492978 10.378504 2.521420 10.737490 
2.493135 3.300128 2.507260 10.666041 2.493827 3.566772 2.490122 10.540053 2.505778 10.547955 
2.488446 10.653782 2.511658 10.406477 2.507254 10.827979 2.519171 10.475389 2.490104 9.821658 
2.501624 3.021547 2.509273 9.162301 2.507710 10.719273 2.491838 3.424524 2.486821 10.360993 
2.491793 3.353086 2.517673 3.130007 2.473462 3.514609 2.522489 10.797603 2.517947 3.755198 
2.493046 3.252525 2.478518 3.202773 2.509230 10.700745 2.511548 10.005712 2.492301 10.139570 
2.518034 10.036428 2.535346 10.419981 2.518240 11.277102 2.492014 5.774681 2.542096 3.337026 
2.525808 3.396266 2.467698 3.119563 2.469560 10.564437 2.495536 3.204221 2.487275 4.699709 
2.485890 11.017257 2.498748 10.304798 2.512350 9.117954 2.483589 2.113081 2.511200 4.332408 
2.468000 10.420705 2.552482 3.902059 2.492632 10.985264 2.511571 10.801032 2.499867 3.092728 
2.535405 7.892779 2.504420 3.013392 2.514923 11.317024 2.474136 7.898381 2.540131 6.477899 
2.503415 10.455666 2.504286 10.719997 2.506362 2.600656 2.506161 10.850589 2.484999 3.782481 
2.522334 10.545926 2.509175 3.578431 2.483171 3.286516 2.501573 3.234508 2.482437 3.558928 
2.538419 6.645431 2.516142 6.547252 2.518721 2.990933 2.448527 6.318768 2.498632 9.529586 
2.510402 6.542117 2.490800 11.196486 2.461026 6.543782 2.530929 6.171983 2.515950 6.787425 
2.452455 6.957467 2.535669 3.085572 2.558999 7.096606 2.460372 10.709088 2.442432 3.504001 
2.489434 4.235335 2.505042 7.258571 2.480579 8.180623 2.452433 11.406664 2.482245 7.580973 
2.511202 10.915383 2.435579 2.500458 2.502873 7.406763 2.533439 3.911052 2.503373 7.098859 
2.489452 4.355971 2.487303 2.950905 2.492707 10.793007 2.490494 3.376026 2.487303 11.053197 
2.494857 7.461296 2.474197 10.150938 2.502526 11.628473 2.477265 11.295561 2.491068 3.319921 
2.564745 5.370614 2.505221 2.617690 2.511591 6.731307 2.546575 7.272974 2.478592 9.148079 
2.489415 6.762853 2.508395 6.838461 2.466681 6.884138 2.470331 2.443946 2.543748 6.864637 
2.543948 8.400259 2.530363 4.171101 2.506914 10.763483 2.479017 10.554217 2.490095 11.871836 

Avg Classes:
2.501062 6.987991 2.500831 7.004122 2.500320 6.993248 2.501601 6.996249 2.500578 6.990609 
2.499498 7.005723 2.498374 7.006795 2.501292 7.002107 2.499690 7.004367 2.498954 6.983451 
2.499895 6.977804 2.500798 6.985700 2.497879 6.992608 2.496556 7.012830 2.497165 6.990719 
2.505279 7.053359 2.508546 7.025330 2.503622 7.027224 2.496757 7.017660 2.492969 7.021495 
2.515058 7.299356 2.473616 7.259717 2.514286 7.283912 2.472844 7.284170 2.470785 7.327413 
2.523547 7.069138 2.523547 7.098196 2.523547 7.013026 2.523547 6.972445 2.523547 6.891283 
2.484551 7.143258 2.502809 7.093399 2.549157 7.078652 2.497893 7.214185 2.465590 7.115169 
2.417391 6.704348 2.482609 6.821739 2.565217 6.452174 2.560870 6.960870 2.504348 6.700000 
2.416667 8.583333 2.416667 7.583333 2.416667 8.166667 2.416667 7.083333 2.416667 7.333333 
3.333333 7.666667 3.333333 7.666667 3.333333 12.000000 3.333333 8.000000 3.333333 11.666667 

Cluster 0 is class 0
Cluster 1 is class 0
Cluster 2 is class 5
Cluster 3 is class 0
Cluster 4 is class 8
Cluster 5 is class 0
Cluster 6 is class 0
Cluster 7 is class 3
Cluster 8 is class 7
Cluster 9 is class 8
Cluster 10 is class 0
Cluster 11 is class 0
Cluster 12 is class 0
Cluster 13 is class 8
Cluster 14 is class 9
Cluster 15 is class 0
Cluster 16 is class 0
Cluster 17 is class 4
Cluster 18 is class 3
Cluster 19 is class 0
Cluster 20 is class 4
Cluster 21 is class 0
Cluster 22 is class 9
Cluster 23 is class 0
Cluster 24 is class 7
Cluster 25 is class 0
Cluster 26 is class 8
Cluster 27 is class 0
Cluster 28 is class 8
Cluster 29 is class 8
Cluster 30 is class 4
Cluster 31 is class 0
Cluster 32 is class 5
Cluster 33 is class 0
Cluster 34 is class 0
Cluster 35 is class 0
Cluster 36 is class 0
Cluster 37 is class 0
Cluster 38 is class 9
Cluster 39 is class 0
Cluster 40 is class 0
Cluster 41 is class 0
Cluster 42 is class 9

Overall Accuracy is 0.287583

