----------------------------For Number of clusters 86----------------------------
Avg Clusters:
2.489894 4.077423 2.485912 2.653460 2.480921 7.911034 2.509098 6.178336 2.510711 10.744997 
2.544015 3.327021 2.524099 4.415255 2.511937 10.276007 2.473493 10.877648 2.493654 3.405052 
2.466826 10.562495 2.470386 3.467370 2.520901 10.162520 2.536860 2.902111 2.510220 3.675756 
2.471693 3.694694 2.527208 3.592193 2.486448 3.367361 2.503663 11.214996 2.528045 3.777260 
2.513078 10.652858 2.495971 3.619351 2.527169 3.403648 2.498657 11.151044 2.481408 4.244404 
2.457360 8.903531 2.508551 2.948403 2.515972 11.107369 2.502406 3.218679 2.487854 10.538176 
2.488497 3.745686 2.509007 10.618014 2.499620 3.157895 2.538741 3.325176 2.464948 3.200217 
2.484558 9.695954 2.534163 10.654441 2.502083 11.071535 2.506679 10.633230 2.509073 9.309744 
2.497953 11.090506 2.495400 3.931265 2.496893 3.456914 2.498772 10.052310 2.538799 10.950340 
2.489406 3.528171 2.515484 10.760055 2.461169 10.933924 2.518347 3.756354 2.506013 3.572530 
2.485125 3.500150 2.489032 3.135465 2.536631 3.138049 2.517038 3.038344 2.510247 10.160466 
2.504369 10.841442 2.521346 5.377830 2.526956 3.700705 2.466193 2.868795 2.448719 4.003525 
2.507411 11.142976 2.479674 10.632108 2.509915 4.120286 2.495172 3.574886 2.497596 9.886787 
2.484842 11.014463 2.514300 10.876205 2.504658 10.219276 2.513728 3.951871 2.498611 4.091518 
2.494778 3.960148 2.458499 3.793390 2.493129 2.659750 2.489556 9.532019 2.485846 8.088635 
2.526483 10.023938 2.472842 10.579655 2.476322 2.885139 2.494703 10.899730 2.503219 9.930886 
2.472456 3.226624 2.529485 10.642548 2.518736 4.149888 2.497089 10.937397 2.477930 10.476835 
2.501739 5.442614 2.517247 3.861737 2.525515 11.141969 2.487656 11.152403 2.502081 10.827641 
2.512961 10.170622 2.452751 9.367276 2.512906 10.792191 2.507437 10.853112 2.500219 2.904189 
2.523301 7.070916 2.513937 11.138820 2.478123 10.732545 2.511582 3.197360 2.474947 10.394447 
2.478727 10.744856 2.549086 2.817818 2.490030 10.440754 2.507303 10.804991 2.502858 3.364745 
2.494380 2.432560 2.519304 11.051619 2.498045 10.023763 2.505254 4.647648 2.474465 10.460965 
2.465396 5.393586 2.522577 10.791954 2.486496 3.182093 2.531931 2.612674 2.467647 10.511535 
2.503384 6.063831 2.493553 2.956472 2.461138 3.466339 2.500748 4.195982 2.516635 3.017454 
2.530122 10.761959 2.534204 6.853061 2.507265 10.657306 2.479673 6.050531 2.510612 7.386449 
2.508604 3.234128 2.468202 3.453132 2.484395 10.448696 2.502619 3.356456 2.506841 3.443673 
2.507685 2.843692 2.484547 3.831532 2.479902 11.111383 2.490964 2.762793 2.501604 10.596183 
2.472523 6.613785 2.490926 4.137940 2.487859 4.339269 2.465110 11.165800 2.488796 11.393457 
2.552772 2.157681 2.492370 4.250254 2.473169 3.060402 2.508011 10.748093 2.499237 11.595498 
2.522328 3.298651 2.522328 10.823124 2.473833 10.300627 2.489132 10.540168 2.514142 6.644837 
2.500737 10.248987 2.447882 9.731952 2.579006 7.012799 2.479926 9.648527 2.452670 11.780018 
2.500599 8.129789 2.519254 7.685156 2.541101 10.901736 2.503891 3.835196 2.517957 2.572925 
2.508628 1.958449 2.509223 10.806228 2.528758 3.664915 2.550278 4.415510 2.505454 10.278858 
2.489686 11.108734 2.489756 3.826795 2.503321 5.470946 2.492483 2.909797 2.506398 10.869170 
2.506901 11.064803 2.504969 9.783161 2.495583 3.236646 2.504003 6.865010 2.477709 3.112215 
2.501314 3.820221 2.519362 10.548624 2.485807 10.456457 2.471088 10.608200 2.539863 11.712634 
2.480506 5.900620 2.509386 8.027945 2.494097 6.782723 2.473116 7.673065 2.491379 6.215663 
2.439113 6.054142 2.474966 9.911091 2.508918 3.178180 2.476958 11.459122 2.512540 5.698053 
2.528062 8.535787 2.476028 6.863554 2.440695 11.014883 2.523631 7.223358 2.502727 11.651897 
2.492783 10.747400 2.504033 2.670664 2.479091 2.211738 2.521545 3.907451 2.502441 8.558162 
2.529698 3.542409 2.486387 11.019302 2.522166 6.789721 2.517693 10.691644 2.515496 2.556297 
2.508210 9.317631 2.491904 11.668214 2.449892 6.291473 2.460876 9.797078 2.547730 2.666629 
2.521694 11.294739 2.479736 2.991656 2.514383 10.411713 2.497775 10.628576 2.494358 10.705976 
2.523116 3.074526 2.505587 9.915223 2.535930 7.153665 2.513070 2.711430 2.486827 6.201025 
2.529307 7.455594 2.504696 11.474735 2.470455 2.587802 2.553204 6.234098 2.445845 5.105814 
2.521652 1.985038 2.553261 3.352123 2.536087 4.518597 2.452113 3.679064 2.456116 3.762828 
2.458872 2.447397 2.500664 7.985747 2.535089 5.947941 2.502959 7.109192 2.498853 2.741877 
2.493530 11.289917 2.536255 6.291992 2.456909 7.023804 2.531616 10.630859 2.491455 7.915405 
2.481412 10.574234 2.517653 3.482114 2.449264 3.841127 2.538578 7.507365 2.536007 6.327800 
2.550673 2.679599 2.505806 11.210610 2.493930 2.886382 2.533650 8.162972 2.572842 6.795724 
2.520725 10.829844 2.483209 2.487705 2.528172 7.749333 2.506534 6.331038 2.521990 10.528312 
2.500704 6.847093 2.500517 3.247394 2.496102 11.113929 2.437306 7.448483 2.484456 3.591246 
2.523951 11.311872 2.488411 5.054597 2.477723 7.922354 2.494849 7.210662 2.481973 2.426989 
2.478594 10.969087 2.462916 10.922829 2.489603 3.182698 2.473924 2.280552 2.541866 3.792172 
2.490206 11.005644 2.453519 2.236554 2.511786 11.197543 2.459163 6.909529 2.510292 6.518094 
2.474643 11.152549 2.467709 11.490007 2.543848 7.251801 2.535554 9.813460 2.489191 6.705235 
2.492921 9.109648 2.466250 5.407639 2.569806 11.484360 2.515805 11.697893 2.478762 6.615245 
2.493490 11.091445 2.497055 2.556882 2.482641 3.319591 2.498295 6.468537 2.523094 2.164910 
2.558899 3.899628 2.466543 7.058783 2.506622 11.382435 2.486757 3.282993 2.487454 7.156599 
2.457911 2.591273 2.439134 2.784701 2.487997 11.202176 2.537608 8.250507 2.558412 7.203457 
2.492344 5.479277 2.489176 2.521779 2.482973 6.692846 2.530095 9.121304 2.415523 2.731125 
2.480283 11.774183 2.512190 11.191552 2.489720 9.945961 2.497697 4.779800 2.547916 10.882373 
2.549151 7.133111 2.562796 3.493595 2.517544 2.617238 2.457533 6.340156 2.458507 11.364940 
2.518614 2.887493 2.484792 6.778509 2.508867 7.616676 2.528009 11.085144 2.497475 9.767704 
2.490033 3.096564 2.483670 7.283048 2.524813 3.446911 2.411848 6.434469 2.561714 11.303973 
2.490654 6.711994 2.575545 2.434424 2.556075 7.407632 2.485358 11.487850 2.509190 7.038162 
2.540089 10.907389 2.456767 7.482635 2.420752 5.577819 2.516078 11.772188 2.506074 2.894383 
2.510076 8.228904 2.529597 5.896096 2.448205 2.825094 2.494962 2.336744 2.518105 11.270938 
2.487564 8.595390 2.535184 8.757962 2.500910 2.587352 2.476797 6.431908 2.534122 10.782985 
2.464109 8.365053 2.477446 11.349918 2.551626 6.258654 2.490934 2.971377 2.526600 2.679005 
2.508709 6.474806 2.513997 6.939036 2.476205 3.265785 2.487092 2.865941 2.512286 6.530638 
2.627832 6.339465 2.423778 11.932209 2.454948 4.374723 2.502299 7.339125 2.486118 11.263499 
2.529168 6.762903 2.503298 2.954857 2.471867 7.416376 2.462812 2.651015 2.461907 6.766136 
2.558352 5.632839 2.472498 8.022935 2.446316 7.200731 2.460727 2.732900 2.463974 2.415060 
2.514846 11.629832 2.523810 6.771569 2.480672 11.101961 2.470448 2.389216 2.487955 10.456863 
2.487381 11.414127 2.521304 11.293674 2.563094 2.301868 2.522452 11.256965 2.466568 3.723533 
2.480871 6.142685 2.534047 11.128369 2.548604 11.474856 2.471968 8.431785 2.551492 2.913980 
2.511710 2.179689 2.450363 6.821554 2.439793 2.432953 2.492228 3.890155 2.490570 6.320829 
2.455899 2.514605 2.546392 6.670676 2.589347 11.434565 2.554124 7.453179 2.468786 10.841495 
2.495570 2.844654 2.493798 10.583432 2.483166 2.220762 2.471057 10.882900 2.511223 2.690047 
2.476940 4.294990 2.439320 5.885513 2.490143 2.127509 2.519081 7.940134 2.515464 2.595949 
2.521172 3.220128 2.498695 6.931265 2.505075 7.307860 2.532918 2.510151 2.552784 11.351798 
2.530221 7.614203 2.554359 7.952523 2.479753 8.025933 2.486734 2.828845 2.514861 11.115300 
2.523696 2.246164 2.480225 2.386805 2.509717 7.609785 2.537675 11.376918 2.419877 9.759632 
2.466864 7.769073 2.489410 8.788203 2.525621 2.575268 2.503302 11.412890 2.517877 2.093828 
2.500859 2.625488 2.428705 9.573637 2.527878 11.615805 2.507418 10.777604 2.460409 2.449164 

Avg Classes:
2.501062 6.987991 2.500831 7.004122 2.500320 6.993248 2.501601 6.996249 2.500578 6.990609 
2.499498 7.005723 2.498374 7.006795 2.501292 7.002107 2.499690 7.004367 2.498954 6.983451 
2.499895 6.977804 2.500798 6.985700 2.497879 6.992608 2.496556 7.012830 2.497165 6.990719 
2.505279 7.053359 2.508546 7.025330 2.503622 7.027224 2.496757 7.017660 2.492969 7.021495 
2.515058 7.299356 2.473616 7.259717 2.514286 7.283912 2.472844 7.284170 2.470785 7.327413 
2.523547 7.069138 2.523547 7.098196 2.523547 7.013026 2.523547 6.972445 2.523547 6.891283 
2.484551 7.143258 2.502809 7.093399 2.549157 7.078652 2.497893 7.214185 2.465590 7.115169 
2.417391 6.704348 2.482609 6.821739 2.565217 6.452174 2.560870 6.960870 2.504348 6.700000 
2.416667 8.583333 2.416667 7.583333 2.416667 8.166667 2.416667 7.083333 2.416667 7.333333 
3.333333 7.666667 3.333333 7.666667 3.333333 12.000000 3.333333 8.000000 3.333333 11.666667 

Cluster 0 is class 0
Cluster 1 is class 0
Cluster 2 is class 0
Cluster 3 is class 0
Cluster 4 is class 0
Cluster 5 is class 0
Cluster 6 is class 7
Cluster 7 is class 8
Cluster 8 is class 0
Cluster 9 is class 0
Cluster 10 is class 7
Cluster 11 is class 0
Cluster 12 is class 0
Cluster 13 is class 8
Cluster 14 is class 0
Cluster 15 is class 0
Cluster 16 is class 0
Cluster 17 is class 9
Cluster 18 is class 8
Cluster 19 is class 8
Cluster 20 is class 8
Cluster 21 is class 0
Cluster 22 is class 0
Cluster 23 is class 7
Cluster 24 is class 8
Cluster 25 is class 7
Cluster 26 is class 0
Cluster 27 is class 0
Cluster 28 is class 7
Cluster 29 is class 4
Cluster 30 is class 8
Cluster 31 is class 0
Cluster 32 is class 0
Cluster 33 is class 0
Cluster 34 is class 0
Cluster 35 is class 9
Cluster 36 is class 0
Cluster 37 is class 0
Cluster 38 is class 9
Cluster 39 is class 0
Cluster 40 is class 0
Cluster 41 is class 0
Cluster 42 is class 9
Cluster 43 is class 0
Cluster 44 is class 0
Cluster 45 is class 7
Cluster 46 is class 7
Cluster 47 is class 8
Cluster 48 is class 0
Cluster 49 is class 0
Cluster 50 is class 0
Cluster 51 is class 0
Cluster 52 is class 0
Cluster 53 is class 0
Cluster 54 is class 8
Cluster 55 is class 8
Cluster 56 is class 3
Cluster 57 is class 0
Cluster 58 is class 0
Cluster 59 is class 0
Cluster 60 is class 0
Cluster 61 is class 8
Cluster 62 is class 7
Cluster 63 is class 0
Cluster 64 is class 0
Cluster 65 is class 0
Cluster 66 is class 0
Cluster 67 is class 0
Cluster 68 is class 0
Cluster 69 is class 0
Cluster 70 is class 0
Cluster 71 is class 4
Cluster 72 is class 0
Cluster 73 is class 0
Cluster 74 is class 8
Cluster 75 is class 0
Cluster 76 is class 0
Cluster 77 is class 7
Cluster 78 is class 9
Cluster 79 is class 7
Cluster 80 is class 7
Cluster 81 is class 0
Cluster 82 is class 4
Cluster 83 is class 0
Cluster 84 is class 7
Cluster 85 is class 0

Overall Accuracy is 0.342758

