----------------------------For Number of clusters 52----------------------------
Avg Clusters:
2.500299 3.923175 2.526135 4.067236 2.499445 4.099559 2.463821 3.881576 2.493498 3.755442 
2.514781 6.283052 2.534630 9.465582 2.509500 10.161588 2.489195 10.467312 2.514052 10.404729 
2.503122 7.222597 2.515200 10.251620 2.495969 4.031310 2.490252 3.882091 2.463780 10.165108 
2.521790 10.806842 2.494510 4.013932 2.501922 3.771601 2.460778 4.485965 2.470318 7.023334 
2.524205 4.484818 2.524567 9.746540 2.487825 10.744547 2.524712 3.495869 2.494855 11.104645 
2.491158 9.635062 2.489314 3.776458 2.476057 4.193905 2.492904 10.620724 2.510514 10.204776 
2.514040 3.005329 2.485449 4.270726 2.511424 4.093592 2.500511 10.251037 2.513243 10.359372 
2.528668 10.651018 2.480054 4.048127 2.501807 10.817569 2.515950 10.250851 2.510390 9.402495 
2.502826 11.123015 2.454688 10.736653 2.511664 7.097353 2.500359 9.471063 2.480529 10.239569 
2.495527 3.880583 2.495706 3.039567 2.489922 9.913650 2.487537 3.928260 2.494633 9.864303 
2.488900 9.716744 2.506488 4.870969 2.504732 3.350473 2.509482 10.942798 2.497092 3.417622 
2.503377 10.558924 2.500318 10.469803 2.498212 9.939606 2.498808 3.102034 2.493444 7.830896 
2.498133 3.753468 2.490575 10.080261 2.495880 3.339063 2.494843 10.482306 2.499881 4.298488 
2.516453 4.053555 2.510176 3.374293 2.512348 10.059000 2.486581 10.587474 2.497054 3.801398 
2.472525 3.099908 2.503721 10.646447 2.473596 7.634672 2.537415 7.408859 2.519013 3.356866 
2.492356 4.403132 2.501529 3.534374 2.518114 3.248680 2.503335 3.311452 2.520059 10.843973 
2.486675 4.763977 2.527794 2.811639 2.525507 10.367732 2.498218 10.207245 2.466887 11.074685 
2.512594 4.866814 2.502519 10.396231 2.488215 10.190716 2.518532 2.706684 2.523030 2.964016 
2.511612 9.692560 2.485164 10.362198 2.504660 2.402398 2.510654 10.510554 2.499622 10.172989 
2.508333 5.749820 2.467252 3.196216 2.490946 10.539685 2.515270 3.297432 2.510225 3.217523 
2.472506 10.675236 2.495216 3.663562 2.473271 4.628796 2.524751 6.509441 2.520031 2.405907 
2.519088 3.040780 2.475995 10.423762 2.498091 11.128818 2.486291 11.164739 2.490051 4.582601 
2.500483 4.188422 2.487096 10.562588 2.494909 3.127590 2.536649 3.311622 2.457733 3.770233 
2.509213 10.788482 2.500236 7.624256 2.494803 10.438722 2.492015 10.354720 2.477936 3.071246 
2.508860 3.348691 2.521150 10.538013 2.483251 3.641363 2.475706 10.720476 2.497371 10.816966 
2.478741 3.259186 2.500538 3.367378 2.478684 3.419464 2.518768 10.672762 2.527147 3.470418 
2.492115 2.151551 2.458281 5.899163 2.497890 10.871696 2.482342 10.076183 2.510920 9.108018 
2.488181 10.846756 2.482041 10.845068 2.530239 6.584988 2.478254 4.091332 2.526095 3.028858 
2.483896 10.849139 2.505923 8.628354 2.516104 11.475828 2.509765 3.713453 2.493565 2.964782 
2.447407 10.667649 2.521509 11.547731 2.513480 10.797879 2.523939 10.352976 2.515321 5.933265 
2.487076 10.966060 2.508541 3.158519 2.509384 10.497247 2.513655 3.286188 2.490897 6.470106 
2.507878 11.727215 2.469873 10.003088 2.493382 3.642758 2.515883 3.174965 2.530505 10.526724 
2.482124 10.183517 2.498317 3.827742 2.495937 7.443239 2.522113 3.530992 2.508764 11.485084 
2.519828 10.852068 2.490800 10.984150 2.493350 3.713973 2.491225 10.755450 2.495537 3.346693 
2.483033 10.342367 2.474529 9.485655 2.499324 2.194548 2.509020 3.014702 2.492887 3.440356 
2.472552 2.549947 2.498568 11.398429 2.515176 8.391230 2.533993 8.951567 2.494314 10.640841 
2.501419 2.287364 2.516199 8.880897 2.504322 4.911514 2.517849 3.100033 2.485450 10.403629 
2.531813 2.773065 2.499823 11.528986 2.513786 9.554083 2.479586 4.116472 2.461912 7.158183 
2.487129 10.556038 2.533550 2.391612 2.496529 8.645915 2.520174 11.198409 2.480766 3.905206 
2.481014 10.085952 2.488683 3.809016 2.525720 11.938646 2.478863 3.849794 2.481107 11.209128 
2.496907 6.940527 2.546389 6.878009 2.509754 7.990960 2.486440 7.276906 2.535446 4.598344 
2.515560 10.894844 2.546215 9.242081 2.470599 11.312494 2.489178 5.546307 2.529865 11.419693 
2.496878 10.736180 2.539027 3.433425 2.517264 2.329293 2.512489 4.488246 2.534711 11.417631 
2.528554 7.215174 2.445544 11.047930 2.536610 7.490516 2.500816 11.238018 2.542627 2.902815 
2.462494 6.520381 2.558852 10.448866 2.527617 11.884708 2.504342 8.494935 2.543898 2.605282 
2.509341 4.320476 2.488707 3.131983 2.507575 3.223534 2.527187 7.199182 2.433033 7.321312 
2.494555 2.198414 2.526462 5.948796 2.504968 10.914024 2.469622 6.076710 2.462075 3.145682 
2.492565 2.986114 2.465231 7.111087 2.477148 10.834791 2.496939 2.523726 2.507654 6.789525 
2.469720 10.644348 2.482509 2.838443 2.480816 11.382547 2.462385 7.035076 2.524168 2.999248 
2.530831 10.516096 2.469076 3.713280 2.518254 5.517691 2.517691 2.126420 2.473393 2.627968 
2.495199 10.469874 2.534346 10.461749 2.515775 2.534768 2.502902 6.979318 2.459639 4.997995 
2.481584 2.868107 2.470062 10.922428 2.551646 2.302469 2.511111 5.825514 2.596708 9.856790 

Avg Classes:
2.501062 6.987991 2.500831 7.004122 2.500320 6.993248 2.501601 6.996249 2.500578 6.990609 
2.499498 7.005723 2.498374 7.006795 2.501292 7.002107 2.499690 7.004367 2.498954 6.983451 
2.499895 6.977804 2.500798 6.985700 2.497879 6.992608 2.496556 7.012830 2.497165 6.990719 
2.505279 7.053359 2.508546 7.025330 2.503622 7.027224 2.496757 7.017660 2.492969 7.021495 
2.515058 7.299356 2.473616 7.259717 2.514286 7.283912 2.472844 7.284170 2.470785 7.327413 
2.523547 7.069138 2.523547 7.098196 2.523547 7.013026 2.523547 6.972445 2.523547 6.891283 
2.484551 7.143258 2.502809 7.093399 2.549157 7.078652 2.497893 7.214185 2.465590 7.115169 
2.417391 6.704348 2.482609 6.821739 2.565217 6.452174 2.560870 6.960870 2.504348 6.700000 
2.416667 8.583333 2.416667 7.583333 2.416667 8.166667 2.416667 7.083333 2.416667 7.333333 
3.333333 7.666667 3.333333 7.666667 3.333333 12.000000 3.333333 8.000000 3.333333 11.666667 

Cluster 0 is class 0
Cluster 1 is class 9
Cluster 2 is class 0
Cluster 3 is class 0
Cluster 4 is class 9
Cluster 5 is class 0
Cluster 6 is class 0
Cluster 7 is class 4
Cluster 8 is class 8
Cluster 9 is class 0
Cluster 10 is class 0
Cluster 11 is class 8
Cluster 12 is class 7
Cluster 13 is class 0
Cluster 14 is class 0
Cluster 15 is class 0
Cluster 16 is class 9
Cluster 17 is class 0
Cluster 18 is class 0
Cluster 19 is class 0
Cluster 20 is class 7
Cluster 21 is class 0
Cluster 22 is class 0
Cluster 23 is class 8
Cluster 24 is class 4
Cluster 25 is class 7
Cluster 26 is class 0
Cluster 27 is class 8
Cluster 28 is class 8
Cluster 29 is class 8
Cluster 30 is class 8
Cluster 31 is class 8
Cluster 32 is class 8
Cluster 33 is class 0
Cluster 34 is class 0
Cluster 35 is class 0
Cluster 36 is class 0
Cluster 37 is class 0
Cluster 38 is class 0
Cluster 39 is class 9
Cluster 40 is class 0
Cluster 41 is class 9
Cluster 42 is class 0
Cluster 43 is class 0
Cluster 44 is class 0
Cluster 45 is class 7
Cluster 46 is class 0
Cluster 47 is class 0
Cluster 48 is class 8
Cluster 49 is class 0
Cluster 50 is class 0
Cluster 51 is class 0

Overall Accuracy is 0.305601

