----------------------------For Number of clusters 34----------------------------
Avg Clusters:
2.519122 4.430854 2.511521 9.405132 2.494660 10.163653 2.500460 3.455716 2.494880 9.944756 
2.482331 4.308332 2.497399 2.930266 2.490829 9.428786 2.497668 4.823243 2.498049 10.290148 
2.499705 10.486649 2.504695 4.302206 2.489379 3.988248 2.487586 4.041549 2.493432 9.870934 
2.488180 11.097923 2.498943 10.157323 2.489942 9.809792 2.511468 4.430353 2.492219 9.684298 
2.491613 3.643012 2.492317 4.674301 2.522902 2.963228 2.497537 4.289103 2.526626 9.965398 
2.499711 9.874109 2.487321 3.845670 2.516295 10.059939 2.500203 4.338576 2.498855 3.782500 
2.510466 4.466151 2.511466 4.176132 2.504339 10.183034 2.488434 11.143197 2.501313 9.131743 
2.508859 9.932948 2.474342 9.972608 2.496732 3.649003 2.507821 10.294562 2.500507 9.781597 
2.517322 10.990495 2.492382 4.243978 2.503476 9.820173 2.503958 10.180082 2.499333 9.983374 
2.495093 9.692009 2.479897 10.466844 2.503164 10.040828 2.509167 9.782633 2.513352 3.662864 
2.497008 3.603371 2.524467 10.252257 2.488060 9.821198 2.511673 4.065976 2.510551 3.409183 
2.505978 10.453477 2.524563 10.410777 2.511102 9.763928 2.502440 3.167588 2.505449 3.279951 
2.505012 3.403686 2.498815 10.322746 2.496420 3.651845 2.503163 10.110723 2.509750 4.361094 
2.490020 10.303373 2.503869 3.705918 2.498385 3.796198 2.511557 10.066740 2.500664 3.824472 
2.506006 3.253075 2.491369 9.746206 2.506258 10.725958 2.498813 10.662627 2.517334 4.016795 
2.512855 3.667529 2.506113 3.128010 2.522254 9.667529 2.489801 9.573983 2.484352 3.065214 
2.500246 8.856461 2.486987 3.252567 2.487214 3.405842 2.482479 10.610183 2.520893 10.612873 
2.518305 9.170653 2.495697 10.950955 2.505543 3.241358 2.479945 3.490702 2.500255 10.182905 
2.509745 8.502337 2.509657 10.876356 2.511068 10.215187 2.493165 10.594144 2.501852 10.631581 
2.489978 3.315730 2.503476 3.412815 2.478880 3.130057 2.519657 9.946660 2.515347 4.219864 
2.514344 4.252226 2.522368 3.927381 2.492251 4.170923 2.465247 3.339941 2.477778 3.386509 
2.507611 10.727437 2.513820 4.896425 2.499418 3.290802 2.501056 3.481782 2.473891 3.287267 
2.483763 10.467007 2.499009 3.622015 2.517134 10.794629 2.501322 3.206504 2.510148 10.481120 
2.526487 3.352879 2.440890 3.824347 2.484737 10.913091 2.504720 3.061890 2.502098 3.986153 
2.470992 10.511736 2.556739 3.684176 2.492712 10.737791 2.499621 10.777163 2.487838 3.433513 
2.499514 3.283837 2.514528 10.162604 2.507291 4.110143 2.487560 10.090700 2.509236 10.833723 
2.498017 2.673164 2.532868 10.409495 2.496342 10.662776 2.506730 9.514605 2.505278 10.719352 
2.483083 4.404501 2.489985 10.577494 2.485521 3.284096 2.538597 3.519205 2.466317 3.912003 
2.519412 2.756605 2.479554 3.473065 2.503790 4.003388 2.518493 10.605559 2.478635 10.763898 
2.509766 10.697500 2.498698 10.712649 2.499088 3.343172 2.491926 9.804410 2.483462 3.318951 
2.475779 2.841686 2.511177 10.875188 2.513351 3.978873 2.540666 3.449858 2.483750 10.590390 
2.477952 10.886395 2.459514 10.965185 2.515861 3.520653 2.501061 3.434767 2.510463 3.880451 
2.491907 6.632988 2.494744 7.607375 2.519690 6.345570 2.449274 7.074921 2.496996 6.555481 
2.475454 6.550261 2.463945 7.516454 2.534976 5.617964 2.502697 11.426722 2.473116 2.600971 

Avg Classes:
2.501062 6.987991 2.500831 7.004122 2.500320 6.993248 2.501601 6.996249 2.500578 6.990609 
2.499498 7.005723 2.498374 7.006795 2.501292 7.002107 2.499690 7.004367 2.498954 6.983451 
2.499895 6.977804 2.500798 6.985700 2.497879 6.992608 2.496556 7.012830 2.497165 6.990719 
2.505279 7.053359 2.508546 7.025330 2.503622 7.027224 2.496757 7.017660 2.492969 7.021495 
2.515058 7.299356 2.473616 7.259717 2.514286 7.283912 2.472844 7.284170 2.470785 7.327413 
2.523547 7.069138 2.523547 7.098196 2.523547 7.013026 2.523547 6.972445 2.523547 6.891283 
2.484551 7.143258 2.502809 7.093399 2.549157 7.078652 2.497893 7.214185 2.465590 7.115169 
2.417391 6.704348 2.482609 6.821739 2.565217 6.452174 2.560870 6.960870 2.504348 6.700000 
2.416667 8.583333 2.416667 7.583333 2.416667 8.166667 2.416667 7.083333 2.416667 7.333333 
3.333333 7.666667 3.333333 7.666667 3.333333 12.000000 3.333333 8.000000 3.333333 11.666667 

Cluster 0 is class 0
Cluster 1 is class 0
Cluster 2 is class 0
Cluster 3 is class 8
Cluster 4 is class 2
Cluster 5 is class 0
Cluster 6 is class 0
Cluster 7 is class 0
Cluster 8 is class 4
Cluster 9 is class 8
Cluster 10 is class 0
Cluster 11 is class 8
Cluster 12 is class 7
Cluster 13 is class 7
Cluster 14 is class 0
Cluster 15 is class 0
Cluster 16 is class 0
Cluster 17 is class 0
Cluster 18 is class 9
Cluster 19 is class 0
Cluster 20 is class 7
Cluster 21 is class 0
Cluster 22 is class 3
Cluster 23 is class 0
Cluster 24 is class 3
Cluster 25 is class 0
Cluster 26 is class 9
Cluster 27 is class 0
Cluster 28 is class 7
Cluster 29 is class 0
Cluster 30 is class 0
Cluster 31 is class 5
Cluster 32 is class 7
Cluster 33 is class 0

Overall Accuracy is 0.319243

