----------------------------For Number of clusters 95----------------------------
Avg Clusters:
2.510179 10.779573 2.519008 9.879974 2.518623 10.487662 2.533814 2.828655 2.505282 4.271013 
2.521923 10.547132 2.490052 3.923396 2.511719 4.490704 2.500116 2.883603 2.468385 3.265412 
2.497204 10.589492 2.465039 10.269390 2.475226 6.221447 2.511764 11.146266 2.505730 4.140342 
2.457801 10.862104 2.534091 6.382916 2.514236 2.659027 2.479571 8.296476 2.510534 3.249936 
2.489502 10.969692 2.477085 9.945028 2.492211 6.767750 2.522068 2.951575 2.472175 10.999097 
2.490160 10.326489 2.515409 3.579534 2.500074 11.144921 2.496287 3.900899 2.492611 9.685022 
2.509811 3.342819 2.518184 10.716766 2.482125 6.469797 2.532977 2.846312 2.474163 3.892182 
2.469851 4.358424 2.511056 2.433347 2.495676 10.177007 2.479601 2.960130 2.482270 9.800012 
2.498858 2.572128 2.482702 4.718288 2.510444 2.787424 2.490535 10.108464 2.503808 9.772356 
2.458369 10.518539 2.532882 3.437414 2.512741 11.493312 2.495753 10.150399 2.479477 4.076802 
2.481221 9.651975 2.518392 2.642553 2.476575 3.423916 2.469992 3.220250 2.476962 8.376871 
2.492417 11.114444 2.512116 5.418714 2.483015 3.005037 2.512284 11.105602 2.513515 9.645531 
2.466873 9.398501 2.482622 3.060932 2.518573 10.812697 2.490714 3.321277 2.519822 3.237048 
2.533647 4.645412 2.488767 11.231871 2.492042 10.812599 2.475922 3.164168 2.503250 9.752520 
2.470585 2.811880 2.536556 10.622370 2.531438 5.407646 2.524866 3.500727 2.470142 10.718231 
2.521987 10.692849 2.472831 11.326029 2.514658 3.626740 2.493633 10.755330 2.482159 10.287607 
2.502389 2.702576 2.489871 11.087835 2.480781 10.166892 2.498805 10.174008 2.505038 4.067006 
2.504101 2.931584 2.523565 3.033264 2.488413 5.557479 2.460682 3.330556 2.487567 3.652845 
2.511154 10.654651 2.542030 9.867078 2.462215 11.786723 2.481281 4.280509 2.502817 10.493941 
2.502268 5.171508 2.512107 6.902787 2.483238 8.312378 2.530254 10.085194 2.488717 11.228127 
2.458244 8.041868 2.492614 3.512657 2.516591 3.106451 2.517037 11.603964 2.487120 3.230050 
2.530530 3.278053 2.531707 6.002539 2.494922 9.625960 2.502849 10.418628 2.489472 2.706837 
2.488004 3.597272 2.484097 10.108445 2.486976 11.488964 2.497327 3.408349 2.525021 2.850151 
2.499405 10.581912 2.471242 3.149623 2.538754 6.589052 2.500436 4.206505 2.536216 11.489488 
2.492458 3.746092 2.531227 2.663299 2.526517 3.121357 2.487817 4.020135 2.520784 10.787523 
2.514423 2.729114 2.519503 10.863385 2.483298 3.301231 2.517809 10.382041 2.514619 6.166374 
2.531433 10.333134 2.487427 3.977488 2.497246 11.128967 2.507364 10.385104 2.500419 10.903604 
2.464831 2.868145 2.470277 6.095191 2.496203 2.799570 2.509626 8.641559 2.488303 2.922145 
2.468225 11.100983 2.521518 4.573332 2.509252 2.182722 2.528920 5.310141 2.553347 11.345458 
2.504521 3.106133 2.485705 2.636638 2.515028 11.416877 2.465993 7.414841 2.502973 4.442535 
2.504102 9.990263 2.478371 10.918678 2.494010 3.317203 2.507583 3.185128 2.487459 3.039658 
2.457095 10.712558 2.516897 10.726620 2.499357 11.053980 2.491948 10.493158 2.488168 7.476525 
2.478511 4.861628 2.491979 2.619799 2.515484 11.034743 2.510423 11.217380 2.503131 10.219954 
2.525283 6.640994 2.529302 7.363398 2.473689 3.275446 2.463688 6.807085 2.481353 10.509954 
2.521414 5.764990 2.505601 9.964858 2.523940 2.808258 2.471118 11.455524 2.480892 11.212717 
2.532226 2.904421 2.432636 6.790318 2.502626 2.779528 2.477514 3.217130 2.510551 7.136637 
2.511769 10.558355 2.521047 7.032425 2.500732 7.291728 2.521535 6.833773 2.480516 6.815216 
2.539595 5.420260 2.490541 2.210295 2.447426 2.807523 2.504839 7.053674 2.478773 4.130004 
2.540864 2.455770 2.455073 4.931159 2.460645 7.342582 2.551428 3.851405 2.489900 11.251683 
2.498251 3.000765 2.506120 2.745027 2.450383 4.891475 2.495628 11.790820 2.548743 3.941202 
2.474287 5.463096 2.542633 5.834399 2.531042 2.423128 2.522249 2.751665 2.472955 2.561684 
2.508665 3.965035 2.541097 11.756664 2.493463 7.764670 2.472585 8.583764 2.501976 10.512922 
2.475301 7.539769 2.569407 10.916360 2.504354 10.726222 2.490790 7.196919 2.575854 3.101725 
2.509264 6.993083 2.516181 3.319911 2.521739 9.163291 2.514699 7.586709 2.529274 6.635870 
2.524799 10.980966 2.525995 8.303241 2.499130 3.011964 2.450294 2.442027 2.500435 7.523276 
2.519458 11.291107 2.511044 3.062054 2.461260 7.662499 2.450275 11.468856 2.522496 7.904172 
2.482529 2.773542 2.509581 3.952557 2.545958 11.433856 2.493698 7.401681 2.521570 11.086177 
2.493966 2.892699 2.465886 11.255945 2.515115 2.237185 2.558251 6.352252 2.552874 10.275182 
2.513322 2.845981 2.489488 7.285329 2.493198 11.260034 2.444295 11.358404 2.485779 8.446093 
2.438936 2.003636 2.502231 10.371674 2.475128 4.513138 2.504545 11.607007 2.510494 11.164270 
2.544463 6.830922 2.477235 6.982333 2.447475 8.816339 2.528219 3.073631 2.502846 11.051221 
2.532744 7.428405 2.543096 10.825055 2.545074 11.513086 2.507270 10.436897 2.543445 11.311155 
2.528250 5.071048 2.509936 2.380439 2.561501 10.769580 2.475516 11.748539 2.512144 3.083128 
2.529037 10.788410 2.477947 6.037981 2.468390 7.946827 2.544229 11.032468 2.518745 2.413869 
2.494043 10.209731 2.516568 11.090600 2.533987 2.113925 2.473421 10.574732 2.499449 3.184703 
2.473726 4.522542 2.479815 11.200275 2.472350 4.791965 2.496415 8.026422 2.539829 2.330321 
2.472472 6.923337 2.496421 2.583496 2.553820 5.233112 2.478068 11.041390 2.498243 8.430691 
2.479331 2.190293 2.510962 3.051883 2.491381 8.215732 2.507950 11.225607 2.460921 8.122343 
2.552537 3.487632 2.496829 6.355603 2.460359 10.613848 2.496195 2.512791 2.479070 6.328013 
2.484242 7.485288 2.478118 11.289918 2.480358 2.869007 2.597760 9.228379 2.517700 6.312323 
2.492852 7.849943 2.464671 11.434022 2.495115 2.647434 2.475779 2.720662 2.477939 10.520930 
2.489702 11.548288 2.471751 2.279571 2.504592 7.412469 2.508071 6.472864 2.493460 4.397718 
2.509495 4.443706 2.469343 10.003391 2.551411 3.792458 2.468665 12.144601 2.476668 2.387141 
2.487756 10.343715 2.446440 2.684164 2.494537 5.556449 2.489514 9.581314 2.514128 11.924526 
2.534435 11.075883 2.464187 7.099299 2.464062 11.062610 2.457050 6.465440 2.492863 2.671926 
2.461035 7.018682 2.512010 7.254337 2.514945 7.679744 2.505071 3.391380 2.512010 2.821324 
2.521537 3.363601 2.488811 11.190920 2.512353 1.974518 2.507826 3.994438 2.470314 3.528910 
2.530752 11.460849 2.486475 11.231634 2.517511 6.440917 2.506834 6.598235 2.468679 2.624003 
2.474069 7.928723 2.472739 11.696011 2.520213 7.596011 2.489229 3.810239 2.484176 6.798803 
2.451848 7.330668 2.507107 3.074271 2.520611 6.940121 2.471393 8.272566 2.432303 2.071784 
2.521060 11.433137 2.509867 10.306480 2.500295 2.783505 2.495729 6.371429 2.512666 11.292194 
2.539156 3.290452 2.490896 2.483642 2.486158 5.961214 2.561214 10.377942 2.488083 11.845448 
2.513401 3.743697 2.483224 7.757792 2.491165 2.508239 2.535438 2.435180 2.517769 11.744094 
2.517055 11.446309 2.515791 11.460025 2.495759 3.103411 2.515791 5.541238 2.526439 7.004151 
2.517540 6.494349 2.472919 10.730956 2.571554 10.436372 2.476002 11.846910 2.477323 2.831058 
2.554407 7.306992 2.457903 11.762678 2.483259 4.149434 2.458395 7.477843 2.582964 11.303545 
2.466195 2.427018 2.564334 10.285508 2.492400 11.590147 2.534984 6.594602 2.464099 10.583857 
2.517337 6.379507 2.496464 10.770916 2.493359 7.504916 2.521822 11.745213 2.503536 8.005693 
2.534289 11.237120 2.438588 10.711702 2.523030 11.529683 2.502729 10.812692 2.510406 2.406005 
2.486325 2.396463 2.469052 11.302694 2.499486 10.903146 2.495168 11.589759 2.508534 10.751182 
2.470112 2.666206 2.486092 6.855198 2.524167 11.483922 2.563622 2.506017 2.545670 11.319590 
2.466193 2.276090 2.544341 2.991671 2.495835 6.685448 2.569329 8.107300 2.505390 4.189123 
2.532748 7.011539 2.499431 2.776857 2.476190 2.007964 2.424833 10.569966 2.469527 11.127905 
2.498349 11.550206 2.484457 8.888171 2.488996 8.459560 2.500138 10.594085 2.496149 11.684732 
2.505697 7.731717 2.493267 5.362751 2.497203 3.189766 2.483944 2.151647 2.437539 10.920240 
2.522084 7.317513 2.479853 6.989345 2.570515 11.189849 2.537195 11.106742 2.508330 5.739636 
2.524127 11.766655 2.478754 2.186352 2.479474 5.418437 2.527728 11.011523 2.522866 3.149082 
2.537421 3.512518 2.429375 3.493105 2.494578 11.104432 2.543312 2.859151 2.509305 2.419065 
2.483859 6.090391 2.456134 6.834979 2.494683 2.819408 2.445310 11.098177 2.456134 6.553931 
2.566603 3.260676 2.462928 2.996388 2.518377 6.943701 2.507117 5.824092 2.527087 8.187380 
2.572375 11.297655 2.486408 2.432382 2.469589 2.390078 2.555895 7.410466 2.539246 5.598029 
2.515232 6.601789 2.616538 9.129836 2.531431 2.880077 2.445358 4.927466 2.554400 5.971954 
2.460519 10.914902 2.473778 11.918068 2.577677 9.151791 2.505640 7.144667 2.488423 10.712844 
2.421555 2.648363 2.509720 8.582879 2.559004 7.746248 2.426160 6.728001 2.473738 5.861528 
2.552022 3.595184 2.469332 7.578373 2.458655 11.955475 2.559973 6.832576 2.458882 5.733985 

Avg Classes:
2.501062 6.987991 2.500831 7.004122 2.500320 6.993248 2.501601 6.996249 2.500578 6.990609 
2.499498 7.005723 2.498374 7.006795 2.501292 7.002107 2.499690 7.004367 2.498954 6.983451 
2.499895 6.977804 2.500798 6.985700 2.497879 6.992608 2.496556 7.012830 2.497165 6.990719 
2.505279 7.053359 2.508546 7.025330 2.503622 7.027224 2.496757 7.017660 2.492969 7.021495 
2.515058 7.299356 2.473616 7.259717 2.514286 7.283912 2.472844 7.284170 2.470785 7.327413 
2.523547 7.069138 2.523547 7.098196 2.523547 7.013026 2.523547 6.972445 2.523547 6.891283 
2.484551 7.143258 2.502809 7.093399 2.549157 7.078652 2.497893 7.214185 2.465590 7.115169 
2.417391 6.704348 2.482609 6.821739 2.565217 6.452174 2.560870 6.960870 2.504348 6.700000 
2.416667 8.583333 2.416667 7.583333 2.416667 8.166667 2.416667 7.083333 2.416667 7.333333 
3.333333 7.666667 3.333333 7.666667 3.333333 12.000000 3.333333 8.000000 3.333333 11.666667 

Cluster 0 is class 8
Cluster 1 is class 0
Cluster 2 is class 4
Cluster 3 is class 5
Cluster 4 is class 8
Cluster 5 is class 8
Cluster 6 is class 0
Cluster 7 is class 0
Cluster 8 is class 0
Cluster 9 is class 0
Cluster 10 is class 0
Cluster 11 is class 0
Cluster 12 is class 0
Cluster 13 is class 0
Cluster 14 is class 0
Cluster 15 is class 4
Cluster 16 is class 0
Cluster 17 is class 0
Cluster 18 is class 9
Cluster 19 is class 0
Cluster 20 is class 0
Cluster 21 is class 0
Cluster 22 is class 0
Cluster 23 is class 0
Cluster 24 is class 7
Cluster 25 is class 0
Cluster 26 is class 9
Cluster 27 is class 7
Cluster 28 is class 0
Cluster 29 is class 0
Cluster 30 is class 0
Cluster 31 is class 8
Cluster 32 is class 9
Cluster 33 is class 7
Cluster 34 is class 4
Cluster 35 is class 0
Cluster 36 is class 8
Cluster 37 is class 7
Cluster 38 is class 0
Cluster 39 is class 7
Cluster 40 is class 0
Cluster 41 is class 0
Cluster 42 is class 0
Cluster 43 is class 0
Cluster 44 is class 0
Cluster 45 is class 8
Cluster 46 is class 9
Cluster 47 is class 0
Cluster 48 is class 0
Cluster 49 is class 2
Cluster 50 is class 0
Cluster 51 is class 9
Cluster 52 is class 0
Cluster 53 is class 8
Cluster 54 is class 0
Cluster 55 is class 7
Cluster 56 is class 0
Cluster 57 is class 0
Cluster 58 is class 0
Cluster 59 is class 0
Cluster 60 is class 0
Cluster 61 is class 8
Cluster 62 is class 0
Cluster 63 is class 0
Cluster 64 is class 8
Cluster 65 is class 0
Cluster 66 is class 0
Cluster 67 is class 8
Cluster 68 is class 0
Cluster 69 is class 0
Cluster 70 is class 4
Cluster 71 is class 0
Cluster 72 is class 0
Cluster 73 is class 0
Cluster 74 is class 4
Cluster 75 is class 4
Cluster 76 is class 9
Cluster 77 is class 4
Cluster 78 is class 8
Cluster 79 is class 9
Cluster 80 is class 9
Cluster 81 is class 0
Cluster 82 is class 0
Cluster 83 is class 8
Cluster 84 is class 0
Cluster 85 is class 3
Cluster 86 is class 0
Cluster 87 is class 0
Cluster 88 is class 0
Cluster 89 is class 0
Cluster 90 is class 0
Cluster 91 is class 7
Cluster 92 is class 8
Cluster 93 is class 0
Cluster 94 is class 0

Overall Accuracy is 0.319541

