----------------------------For Number of clusters 37----------------------------
Avg Clusters:
2.511308 10.047669 2.475177 10.045279 2.501655 9.576584 2.528891 9.426060 2.517376 3.522640 
2.513462 10.232654 2.494731 3.684513 2.512277 10.164842 2.508592 10.153608 2.501507 10.088759 
2.510588 4.132249 2.485684 4.802621 2.502561 10.216726 2.488589 3.777259 2.504665 3.676935 
2.501456 4.510526 2.495172 9.935881 2.493328 3.634010 2.526236 4.303819 2.494816 4.045497 
2.497274 10.329962 2.516074 10.317404 2.490728 9.458045 2.497682 3.612849 2.493453 10.022086 
2.503943 4.307761 2.487594 4.347911 2.513584 3.583498 2.489638 4.127110 2.517959 10.457638 
2.500339 9.840350 2.490336 10.059650 2.483329 3.058519 2.479260 10.432439 2.497739 3.937920 
2.514015 9.809426 2.460585 10.056666 2.508727 3.654395 2.496648 10.125759 2.496966 10.695689 
2.504796 10.269843 2.513720 4.038116 2.509355 3.547138 2.484306 4.446218 2.486669 3.371459 
2.499104 3.071382 2.499417 4.153945 2.506046 10.290421 2.486785 10.253919 2.496629 10.024922 
2.480585 10.755996 2.486905 3.636588 2.514813 10.715416 2.511150 4.574128 2.505867 3.718884 
2.478173 3.975768 2.518155 4.082032 2.485492 3.895262 2.500466 10.331670 2.495940 3.670089 
2.500460 3.097532 2.491609 10.782706 2.518162 4.234519 2.506247 10.707609 2.504579 4.984374 
2.505788 9.939554 2.490503 10.063600 2.504783 2.889817 2.492375 3.351068 2.514557 10.118536 
2.492388 3.983908 2.507160 3.798346 2.498158 10.351349 2.503510 3.178055 2.491346 10.522626 
2.493923 3.607861 2.509761 11.056338 2.489527 10.275163 2.512800 4.064872 2.501358 4.275131 
2.500401 3.332543 2.523454 10.041781 2.486660 4.105465 2.498588 9.748125 2.520769 11.026366 
2.511106 4.166379 2.541067 10.951893 2.496451 10.787049 2.505927 9.981739 2.507768 10.082173 
2.495645 10.843771 2.503914 10.606229 2.514388 10.491400 2.505347 10.504851 2.486108 10.031808 
2.475527 9.690309 2.530769 3.456858 2.502966 9.807344 2.483060 11.046981 2.488482 3.306634 
2.476991 10.923688 2.490233 3.407424 2.511339 3.308889 2.533686 10.670502 2.512084 4.925550 
2.484327 3.145273 2.510470 10.779069 2.515463 4.708279 2.533884 3.262767 2.470522 10.459234 
2.533899 3.058614 2.499670 4.203612 2.513994 10.678852 2.505426 10.383321 2.495145 3.264027 
2.508511 10.963514 2.502889 3.126633 2.500872 3.903377 2.500562 4.468264 2.509325 10.657012 
2.488381 10.606104 2.495615 3.611653 2.504434 10.840113 2.500223 3.347917 2.502403 10.384432 
2.493574 10.855706 2.482656 10.763894 2.509134 4.483043 2.487213 3.454588 2.491812 3.385429 
2.506218 3.256651 2.520754 3.238967 2.507268 3.732277 2.472897 3.527680 2.481608 3.821116 
2.497116 10.236871 2.537945 10.187338 2.503780 10.907848 2.512582 3.124975 2.508802 3.404416 
2.493005 8.515477 2.501137 3.276014 2.479757 3.610965 2.480894 10.820960 2.509050 10.854407 
2.496841 3.847558 2.490723 10.728864 2.500050 10.581837 2.467857 10.692458 2.504413 3.244509 
2.509047 2.673562 2.461796 3.495966 2.518612 3.446641 2.527314 10.583439 2.489340 10.204103 
2.475729 9.328209 2.475729 3.844756 2.438925 6.491783 2.478001 2.465884 2.469822 6.867702 
2.537881 10.751888 2.564089 7.274061 2.460470 5.867135 2.489803 7.478868 2.453181 7.463681 
2.504750 5.186795 2.489936 2.602254 2.472061 8.443156 2.526892 7.171417 2.510548 7.160145 
2.519925 3.607844 2.501283 10.317642 2.488925 11.037179 2.485783 3.417343 2.492590 10.547521 
2.486995 6.282416 2.508037 7.424744 2.534730 8.752655 2.454359 11.373794 2.509596 6.859036 
2.526142 6.843526 2.488958 7.186014 2.510570 9.253020 2.509154 6.774443 2.472442 11.590695 

Avg Classes:
2.501062 6.987991 2.500831 7.004122 2.500320 6.993248 2.501601 6.996249 2.500578 6.990609 
2.499498 7.005723 2.498374 7.006795 2.501292 7.002107 2.499690 7.004367 2.498954 6.983451 
2.499895 6.977804 2.500798 6.985700 2.497879 6.992608 2.496556 7.012830 2.497165 6.990719 
2.505279 7.053359 2.508546 7.025330 2.503622 7.027224 2.496757 7.017660 2.492969 7.021495 
2.515058 7.299356 2.473616 7.259717 2.514286 7.283912 2.472844 7.284170 2.470785 7.327413 
2.523547 7.069138 2.523547 7.098196 2.523547 7.013026 2.523547 6.972445 2.523547 6.891283 
2.484551 7.143258 2.502809 7.093399 2.549157 7.078652 2.497893 7.214185 2.465590 7.115169 
2.417391 6.704348 2.482609 6.821739 2.565217 6.452174 2.560870 6.960870 2.504348 6.700000 
2.416667 8.583333 2.416667 7.583333 2.416667 8.166667 2.416667 7.083333 2.416667 7.333333 
3.333333 7.666667 3.333333 7.666667 3.333333 12.000000 3.333333 8.000000 3.333333 11.666667 

Cluster 0 is class 8
Cluster 1 is class 4
Cluster 2 is class 0
Cluster 3 is class 0
Cluster 4 is class 8
Cluster 5 is class 0
Cluster 6 is class 0
Cluster 7 is class 4
Cluster 8 is class 7
Cluster 9 is class 9
Cluster 10 is class 8
Cluster 11 is class 7
Cluster 12 is class 0
Cluster 13 is class 0
Cluster 14 is class 0
Cluster 15 is class 0
Cluster 16 is class 0
Cluster 17 is class 9
Cluster 18 is class 9
Cluster 19 is class 0
Cluster 20 is class 0
Cluster 21 is class 0
Cluster 22 is class 0
Cluster 23 is class 0
Cluster 24 is class 3
Cluster 25 is class 0
Cluster 26 is class 0
Cluster 27 is class 8
Cluster 28 is class 0
Cluster 29 is class 4
Cluster 30 is class 7
Cluster 31 is class 0
Cluster 32 is class 0
Cluster 33 is class 0
Cluster 34 is class 4
Cluster 35 is class 0
Cluster 36 is class 9

Overall Accuracy is 0.287562

