----------------------------For Number of clusters 26----------------------------
Avg Clusters:
2.499220 10.680440 2.505210 4.363713 2.495328 4.177023 2.503416 4.618317 2.499650 4.203063 
2.493545 8.913136 2.494371 10.724349 2.501869 4.013117 2.502200 3.931438 2.492057 3.848954 
2.505961 8.049529 2.509157 3.687647 2.497275 4.055059 2.503569 10.898275 2.491941 4.001157 
2.502582 3.394554 2.496855 9.614046 2.502823 4.028032 2.508992 9.949442 2.501718 3.907967 
2.495771 3.994576 2.489545 3.680992 2.490386 4.195814 2.490132 9.870423 2.492070 10.259212 
2.498658 5.706062 2.501870 4.117962 2.509717 10.840204 2.491686 10.443326 2.505245 9.860735 
2.506503 11.056449 2.478843 5.217847 2.492346 4.260567 2.507135 9.967350 2.520931 10.544640 
2.489696 10.515319 2.517609 4.891772 2.489718 10.643304 2.495584 9.982620 2.493796 3.863140 
2.494744 9.404147 2.504215 4.195478 2.504787 3.966176 2.488422 3.120544 2.496071 10.623016 
2.504708 10.619770 2.474065 10.760150 2.488602 4.656486 2.500463 10.698271 2.504734 4.549992 
2.507127 3.003087 2.501580 3.936498 2.503919 9.917565 2.488001 9.239635 2.505583 3.523696 
2.501324 3.723710 2.505901 9.837839 2.492580 9.914465 2.517622 3.608309 2.499620 3.987191 
2.489006 10.656243 2.514254 10.268066 2.528149 10.738287 2.511271 4.890635 2.513011 3.766464 
2.502340 4.658865 2.492193 10.773382 2.516927 10.726663 2.486274 10.651647 2.501314 4.295926 
2.502739 3.102920 2.493110 5.595465 2.516320 4.488254 2.524678 3.522758 2.525582 10.389259 
2.507158 9.756516 2.492683 11.089682 2.496123 4.354945 2.492207 4.620128 2.484903 10.739792 
2.507083 3.631975 2.519572 10.588638 2.494767 9.214426 2.502168 9.635588 2.510408 10.755941 
2.511687 4.208598 2.517717 9.855309 2.496830 10.548769 2.502020 3.300821 2.490489 10.659238 
2.510133 10.805235 2.514084 8.789090 2.472520 10.616241 2.509721 3.566502 2.508072 10.068013 
2.499191 3.508167 2.510731 3.916868 2.501511 3.920959 2.475042 4.074248 2.484201 3.503618 
2.504767 10.668262 2.505075 10.224015 2.514146 10.053881 2.511444 10.631132 2.485661 10.172141 
2.510722 4.729332 2.507011 10.619974 2.520213 2.874728 2.482713 10.164984 2.501838 10.521354 
2.498073 4.362483 2.498459 3.013725 2.486008 10.443618 2.487935 3.606213 2.491314 9.527272 
2.484162 8.030493 2.468172 3.343531 2.505527 10.612893 2.502857 3.192488 2.503059 3.256584 
2.494092 3.110895 2.492953 11.082665 2.498228 3.266141 2.530382 3.314584 2.487088 8.037978 
2.494218 11.095948 2.488714 2.801563 2.530348 10.556867 2.499362 5.222843 2.485883 9.957290 

Avg Classes:
2.501062 6.987991 2.500831 7.004122 2.500320 6.993248 2.501601 6.996249 2.500578 6.990609 
2.499498 7.005723 2.498374 7.006795 2.501292 7.002107 2.499690 7.004367 2.498954 6.983451 
2.499895 6.977804 2.500798 6.985700 2.497879 6.992608 2.496556 7.012830 2.497165 6.990719 
2.505279 7.053359 2.508546 7.025330 2.503622 7.027224 2.496757 7.017660 2.492969 7.021495 
2.515058 7.299356 2.473616 7.259717 2.514286 7.283912 2.472844 7.284170 2.470785 7.327413 
2.523547 7.069138 2.523547 7.098196 2.523547 7.013026 2.523547 6.972445 2.523547 6.891283 
2.484551 7.143258 2.502809 7.093399 2.549157 7.078652 2.497893 7.214185 2.465590 7.115169 
2.417391 6.704348 2.482609 6.821739 2.565217 6.452174 2.560870 6.960870 2.504348 6.700000 
2.416667 8.583333 2.416667 7.583333 2.416667 8.166667 2.416667 7.083333 2.416667 7.333333 
3.333333 7.666667 3.333333 7.666667 3.333333 12.000000 3.333333 8.000000 3.333333 11.666667 

Cluster 0 is class 0
Cluster 1 is class 0
Cluster 2 is class 0
Cluster 3 is class 0
Cluster 4 is class 0
Cluster 5 is class 9
Cluster 6 is class 0
Cluster 7 is class 0
Cluster 8 is class 0
Cluster 9 is class 8
Cluster 10 is class 0
Cluster 11 is class 0
Cluster 12 is class 8
Cluster 13 is class 0
Cluster 14 is class 0
Cluster 15 is class 4
Cluster 16 is class 4
Cluster 17 is class 9
Cluster 18 is class 8
Cluster 19 is class 7
Cluster 20 is class 8
Cluster 21 is class 0
Cluster 22 is class 0
Cluster 23 is class 0
Cluster 24 is class 0
Cluster 25 is class 8

Overall Accuracy is 0.346897

