----------------------------For Number of clusters 76----------------------------
Avg Clusters:
2.502404 9.676547 2.505016 10.127920 2.510922 2.880371 2.477986 3.513723 2.506682 10.674200 
2.531283 6.567997 2.463556 10.455314 2.524955 6.716688 2.484244 10.437081 2.509470 3.369979 
2.490479 10.898485 2.504342 3.239243 2.506717 3.767143 2.473424 3.447763 2.491764 9.850512 
2.477395 10.134638 2.475144 4.597879 2.516539 8.774446 2.526344 3.018427 2.510435 2.903666 
2.490645 6.272168 2.558267 2.994560 2.537116 10.051556 2.469697 10.816860 2.498729 3.834350 
2.505460 11.034108 2.514440 10.825035 2.508200 10.087693 2.489059 3.655888 2.502298 3.901935 
2.473072 10.661432 2.502494 3.543695 2.517229 10.861709 2.492702 3.708868 2.494919 10.677598 
2.496329 3.525395 2.530323 3.372725 2.541587 4.224681 2.452630 3.189631 2.489842 3.748416 
2.523454 10.603044 2.466592 9.496827 2.509518 3.262370 2.505205 10.615860 2.513998 10.349799 
2.526505 4.315888 2.507925 3.405458 2.484112 7.229645 2.536224 10.743252 2.482729 10.903364 
2.517523 3.300932 2.475114 3.528233 2.493952 11.029166 2.498829 3.979058 2.505570 3.699402 
2.502296 3.466938 2.478298 4.722393 2.491456 2.500118 2.487338 10.662848 2.506366 9.916363 
2.503658 10.935868 2.469803 10.493993 2.484327 4.012122 2.503231 3.883537 2.465478 5.875367 
2.472054 3.665317 2.485910 10.545228 2.494369 7.068296 2.513571 11.313924 2.500804 10.294878 
2.498571 3.100527 2.498348 3.799348 2.487942 9.897106 2.507145 3.235173 2.488567 10.803814 
2.489109 10.985256 2.515448 6.405938 2.486630 10.965418 2.496280 7.920582 2.473494 4.439716 
2.486184 10.768486 2.530936 6.636416 2.484467 2.857002 2.531873 10.074986 2.501067 3.233439 
2.485072 3.084208 2.512577 10.732119 2.463911 7.179735 2.529801 5.180829 2.454943 3.153981 
2.534720 10.841711 2.466711 3.658813 2.500572 10.170832 2.503529 10.600248 2.509205 10.600916 
2.498257 2.728649 2.494717 9.410131 2.477669 10.883551 2.484913 10.714107 2.519172 3.294118 
2.523006 4.204041 2.510670 11.241120 2.527756 11.125133 2.515278 9.798795 2.493513 7.502730 
2.486551 10.695201 2.523382 11.153237 2.526228 10.895592 2.521038 9.658147 2.481975 9.063839 
2.512210 5.503762 2.525469 3.166687 2.534719 3.219906 2.468981 6.247842 2.475765 10.722558 
2.528251 8.808742 2.530892 10.719198 2.452121 10.853229 2.519965 3.257704 2.469574 10.870734 
2.505327 3.535825 2.571572 10.068098 2.470429 11.420784 2.492665 8.458694 2.512817 11.624151 
2.498195 10.633394 2.498436 2.815102 2.477557 3.474489 2.470096 10.592178 2.526414 10.485499 
2.461436 10.087716 2.528748 11.621582 2.519562 2.950498 2.483102 10.718833 2.504347 4.436545 
2.469152 11.093569 2.510438 5.319292 2.442498 5.158341 2.525815 7.268500 2.525443 9.322740 
2.511395 10.528837 2.493178 2.456124 2.546512 5.813333 2.538140 7.745891 2.511008 3.970078 
2.473905 6.655585 2.565952 10.791332 2.531993 11.446470 2.509383 6.353530 2.578374 2.936193 
2.506455 3.380668 2.476160 10.211223 2.478560 2.819786 2.467791 10.933571 2.509893 3.276743 
2.470020 9.750215 2.420484 2.666730 2.529311 2.856747 2.465525 11.496414 2.513818 4.917567 
2.504227 10.518812 2.498626 2.033397 2.516910 11.441873 2.466920 6.913549 2.510780 3.598499 
2.488679 9.365024 2.469726 9.442680 2.505276 11.487655 2.512447 11.693986 2.484274 2.995287 
2.505871 3.189552 2.491806 10.704778 2.532241 9.023608 2.475670 2.727004 2.493313 10.827651 
2.464153 2.477238 2.469340 5.372251 2.535770 4.342056 2.520285 10.462527 2.520672 3.343992 
2.491559 9.796209 2.507010 6.665451 2.530043 2.797353 2.508369 3.056795 2.476252 3.228398 
2.499536 9.814040 2.509226 9.261107 2.491290 8.893928 2.452118 10.713741 2.516339 11.958458 
2.525226 2.459765 2.475407 10.346926 2.478391 11.316637 2.495750 3.825497 2.474141 6.483273 
2.553718 6.623770 2.479861 10.893640 2.459598 5.564056 2.515590 6.529898 2.492019 9.806633 
2.533991 5.177800 2.475793 6.852901 2.461454 2.941802 2.467696 2.986505 2.504133 8.032810 
2.473066 2.804651 2.515603 9.117378 2.524144 3.136998 2.564567 3.184355 2.514419 11.462156 
2.499209 2.825692 2.549111 11.363439 2.493281 2.894862 2.537648 9.189625 2.546739 7.247431 
2.508432 7.674703 2.479979 5.979410 2.449043 7.545784 2.508226 3.276668 2.553544 11.347750 
2.462360 6.903272 2.542063 11.331163 2.531047 3.302954 2.524620 3.406443 2.487648 2.929978 
2.536268 10.736336 2.497907 2.267059 2.449587 2.835578 2.492362 3.595790 2.508430 3.375580 
2.502269 11.042833 2.499613 3.928832 2.443055 7.664527 2.545766 11.722081 2.494189 2.804870 
2.504759 3.014756 2.496289 4.864490 2.463459 8.388283 2.498821 7.503798 2.556710 7.220990 
2.440219 3.521945 2.490825 4.978907 2.589009 11.705638 2.495176 8.179436 2.491676 11.295592 
2.523897 11.387832 2.485004 10.971836 2.480493 3.942331 2.493172 6.262619 2.508535 2.141185 
2.483910 6.514444 2.486604 5.847029 2.514594 9.986080 2.439904 7.535399 2.502470 2.744799 
2.533671 6.793962 2.491567 2.360420 2.472108 7.115108 2.521760 3.038212 2.493808 7.585564 
2.545017 11.953480 2.418680 10.840966 2.494170 8.784349 2.521457 10.214208 2.508234 3.240053 
2.516042 6.769049 2.518754 3.498231 2.450932 3.007549 2.431706 8.268106 2.447393 2.487379 
2.546087 6.552000 2.460058 6.923826 2.497739 11.321391 2.490783 2.737391 2.484522 6.949913 
2.497572 6.836906 2.542698 2.268625 2.475423 11.168068 2.510837 7.524695 2.518773 10.396660 
2.524096 2.983741 2.516772 2.181778 2.425809 3.558957 2.590450 7.547385 2.466530 3.846345 
2.485465 11.082844 2.510468 3.397198 2.517548 11.641964 2.487423 11.764573 2.519657 5.124416 
2.514718 11.773336 2.536479 7.523537 2.517581 10.202726 2.520444 4.173062 2.509564 8.466499 
2.533011 5.690251 2.512984 10.360805 2.509133 2.344410 2.476673 11.067672 2.431888 10.881712 
2.450875 11.842200 2.470405 10.806494 2.499161 6.788042 2.504194 4.911934 2.516894 11.169782 
2.484127 3.088368 2.500474 2.809287 2.512438 3.330846 2.516347 2.533523 2.523691 10.949538 
2.513792 2.805839 2.480627 11.381990 2.488677 3.381561 2.532790 2.874960 2.468498 6.871311 
2.462129 4.111313 2.572883 2.251639 2.496443 3.856186 2.531455 11.987864 2.530339 4.529363 
2.510056 2.096862 2.537892 10.678198 2.524537 6.225101 2.515205 6.705551 2.473371 10.715366 
2.474674 10.008733 2.525057 7.152224 2.500336 6.645976 2.487841 11.456536 2.445251 7.224238 
2.483690 6.610807 2.519796 11.257968 2.513197 9.489666 2.505976 2.075697 2.555279 4.647908 
2.498136 3.021321 2.488147 9.446996 2.470553 11.253168 2.487849 2.607127 2.536007 2.100939 
2.490898 2.407633 2.434009 3.157116 2.550372 11.438353 2.496690 11.069818 2.511274 7.109123 
2.514244 5.911454 2.528194 6.628341 2.543465 11.099413 2.496769 11.733333 2.455507 8.528341 
2.461552 2.993092 2.450645 10.637157 2.554808 2.187239 2.475368 7.700963 2.580440 11.511543 
2.469305 2.772366 2.465584 7.023677 2.479621 7.078133 2.528327 2.406562 2.466599 5.722983 
2.546941 2.221519 2.487605 3.214135 2.480485 9.601398 2.482991 9.981145 2.463212 2.340058 
2.466544 3.875250 2.520535 7.284572 2.499769 2.663898 2.480234 7.098139 2.454084 5.730042 
2.459577 8.964708 2.528762 2.492848 2.497979 11.657338 2.529073 2.466884 2.447139 5.791511 
2.541894 2.769842 2.447799 9.196142 2.493742 2.498159 2.520984 3.998822 2.509351 2.155500 

Avg Classes:
2.501062 6.987991 2.500831 7.004122 2.500320 6.993248 2.501601 6.996249 2.500578 6.990609 
2.499498 7.005723 2.498374 7.006795 2.501292 7.002107 2.499690 7.004367 2.498954 6.983451 
2.499895 6.977804 2.500798 6.985700 2.497879 6.992608 2.496556 7.012830 2.497165 6.990719 
2.505279 7.053359 2.508546 7.025330 2.503622 7.027224 2.496757 7.017660 2.492969 7.021495 
2.515058 7.299356 2.473616 7.259717 2.514286 7.283912 2.472844 7.284170 2.470785 7.327413 
2.523547 7.069138 2.523547 7.098196 2.523547 7.013026 2.523547 6.972445 2.523547 6.891283 
2.484551 7.143258 2.502809 7.093399 2.549157 7.078652 2.497893 7.214185 2.465590 7.115169 
2.417391 6.704348 2.482609 6.821739 2.565217 6.452174 2.560870 6.960870 2.504348 6.700000 
2.416667 8.583333 2.416667 7.583333 2.416667 8.166667 2.416667 7.083333 2.416667 7.333333 
3.333333 7.666667 3.333333 7.666667 3.333333 12.000000 3.333333 8.000000 3.333333 11.666667 

Cluster 0 is class 0
Cluster 1 is class 0
Cluster 2 is class 0
Cluster 3 is class 8
Cluster 4 is class 0
Cluster 5 is class 8
Cluster 6 is class 4
Cluster 7 is class 0
Cluster 8 is class 0
Cluster 9 is class 4
Cluster 10 is class 0
Cluster 11 is class 0
Cluster 12 is class 0
Cluster 13 is class 0
Cluster 14 is class 0
Cluster 15 is class 8
Cluster 16 is class 0
Cluster 17 is class 0
Cluster 18 is class 8
Cluster 19 is class 0
Cluster 20 is class 4
Cluster 21 is class 8
Cluster 22 is class 0
Cluster 23 is class 8
Cluster 24 is class 9
Cluster 25 is class 0
Cluster 26 is class 0
Cluster 27 is class 8
Cluster 28 is class 0
Cluster 29 is class 8
Cluster 30 is class 7
Cluster 31 is class 7
Cluster 32 is class 8
Cluster 33 is class 8
Cluster 34 is class 0
Cluster 35 is class 7
Cluster 36 is class 0
Cluster 37 is class 9
Cluster 38 is class 0
Cluster 39 is class 4
Cluster 40 is class 7
Cluster 41 is class 0
Cluster 42 is class 0
Cluster 43 is class 0
Cluster 44 is class 0
Cluster 45 is class 0
Cluster 46 is class 8
Cluster 47 is class 0
Cluster 48 is class 9
Cluster 49 is class 0
Cluster 50 is class 0
Cluster 51 is class 0
Cluster 52 is class 8
Cluster 53 is class 7
Cluster 54 is class 8
Cluster 55 is class 9
Cluster 56 is class 0
Cluster 57 is class 8
Cluster 58 is class 8
Cluster 59 is class 4
Cluster 60 is class 8
Cluster 61 is class 7
Cluster 62 is class 7
Cluster 63 is class 0
Cluster 64 is class 0
Cluster 65 is class 8
Cluster 66 is class 0
Cluster 67 is class 0
Cluster 68 is class 0
Cluster 69 is class 9
Cluster 70 is class 0
Cluster 71 is class 0
Cluster 72 is class 0
Cluster 73 is class 7
Cluster 74 is class 8
Cluster 75 is class 0

Overall Accuracy is 0.287958

