----------------------------For Number of clusters 32----------------------------
Avg Clusters:
2.501648 4.197411 2.492815 9.856187 2.507926 4.187545 2.510187 10.118973 2.511240 4.111700 
2.512296 4.498478 2.494664 4.081281 2.494583 4.260054 2.498438 10.152538 2.489794 10.175648 
2.519244 4.408005 2.515415 9.910551 2.485000 10.353472 2.508507 3.977006 2.498579 10.085916 
2.496063 10.330652 2.499045 4.059278 2.487481 4.074832 2.516573 9.715647 2.498294 3.846989 
2.493337 4.220278 2.496048 3.394132 2.484612 9.631244 2.498850 3.917811 2.496230 9.616734 
2.503757 10.238435 2.469812 10.198175 2.500732 3.926275 2.500156 9.720826 2.500444 10.100300 
2.504831 4.011125 2.518860 4.184236 2.509898 10.243081 2.488233 10.077469 2.502669 3.843801 
2.501846 10.021033 2.522899 9.872420 2.514156 10.037530 2.507826 4.050170 2.506073 3.806269 
2.518365 10.191228 2.487065 4.272618 2.498899 10.304944 2.508407 9.893865 2.514462 10.130104 
2.486043 10.999128 2.496898 9.683639 2.483071 8.862044 2.497577 3.400717 2.497609 10.446692 
2.500305 3.819842 2.519606 10.270455 2.501611 9.885409 2.492961 10.663745 2.503381 9.804429 
2.506324 9.812192 2.512542 4.273165 2.507647 4.068688 2.469360 3.220326 2.483754 4.000529 
2.511326 8.254972 2.513927 10.414790 2.501251 3.009351 2.491571 3.404122 2.489958 10.138121 
2.501558 4.144618 2.499204 10.818138 2.521565 10.733264 2.487193 9.342368 2.518415 3.277051 
2.476738 10.150819 2.478459 3.212255 2.504143 10.737748 2.509655 4.278504 2.498948 3.959085 
2.487412 3.236273 2.502312 10.083302 2.477102 9.171468 2.509060 3.086830 2.500360 3.695359 
2.488291 4.082133 2.493573 9.660296 2.490209 3.022409 2.523856 3.589906 2.463223 3.841487 
2.516505 10.662282 2.497518 10.677755 2.497409 4.238395 2.487118 10.095481 2.486031 3.274994 
2.507574 3.198676 2.508322 3.101283 2.505853 3.979467 2.490743 4.899577 2.496353 4.086023 
2.503641 2.587146 2.503679 9.616387 2.539530 3.822609 2.523322 4.385555 2.523061 10.571012 
2.517626 3.608435 2.459203 3.865660 2.488362 10.656548 2.508670 3.309555 2.501067 3.164124 
2.488547 10.531308 2.498689 3.209678 2.516481 9.670635 2.485840 3.368903 2.491727 10.697280 
2.500811 3.350978 2.482971 3.483422 2.530093 10.810253 2.506442 10.440175 2.483062 10.460492 
2.490116 10.594683 2.474383 9.626755 2.500363 10.622479 2.515048 10.756293 2.496490 4.311038 
2.512833 10.413581 2.525755 10.991086 2.519653 10.687646 2.506730 9.841220 2.487048 10.610111 
2.495031 10.856187 2.468036 10.836789 2.508266 3.443239 2.501816 3.587434 2.510750 3.966890 
2.486484 10.550621 2.543576 3.250705 2.498382 10.473437 2.483248 10.832377 2.497965 3.525937 
2.502166 5.120827 2.489892 3.219740 2.519239 3.205215 2.493120 3.591650 2.500425 10.715875 
2.491059 10.884039 2.493413 3.296676 2.496552 3.612472 2.493950 9.836837 2.499855 10.492257 
2.482791 11.307641 2.501671 4.208120 2.479895 3.134997 2.505681 3.360492 2.527567 10.211907 
2.481884 3.641606 2.510010 3.393048 2.483081 3.419106 2.485638 11.253618 2.516484 3.699162 
2.484788 3.449951 2.515212 10.588272 2.491663 3.228772 2.483916 10.727823 2.493407 10.536555 

Avg Classes:
2.501062 6.987991 2.500831 7.004122 2.500320 6.993248 2.501601 6.996249 2.500578 6.990609 
2.499498 7.005723 2.498374 7.006795 2.501292 7.002107 2.499690 7.004367 2.498954 6.983451 
2.499895 6.977804 2.500798 6.985700 2.497879 6.992608 2.496556 7.012830 2.497165 6.990719 
2.505279 7.053359 2.508546 7.025330 2.503622 7.027224 2.496757 7.017660 2.492969 7.021495 
2.515058 7.299356 2.473616 7.259717 2.514286 7.283912 2.472844 7.284170 2.470785 7.327413 
2.523547 7.069138 2.523547 7.098196 2.523547 7.013026 2.523547 6.972445 2.523547 6.891283 
2.484551 7.143258 2.502809 7.093399 2.549157 7.078652 2.497893 7.214185 2.465590 7.115169 
2.417391 6.704348 2.482609 6.821739 2.565217 6.452174 2.560870 6.960870 2.504348 6.700000 
2.416667 8.583333 2.416667 7.583333 2.416667 8.166667 2.416667 7.083333 2.416667 7.333333 
3.333333 7.666667 3.333333 7.666667 3.333333 12.000000 3.333333 8.000000 3.333333 11.666667 

Cluster 0 is class 0
Cluster 1 is class 0
Cluster 2 is class 0
Cluster 3 is class 0
Cluster 4 is class 0
Cluster 5 is class 0
Cluster 6 is class 0
Cluster 7 is class 8
Cluster 8 is class 8
Cluster 9 is class 8
Cluster 10 is class 4
Cluster 11 is class 0
Cluster 12 is class 0
Cluster 13 is class 0
Cluster 14 is class 8
Cluster 15 is class 0
Cluster 16 is class 7
Cluster 17 is class 0
Cluster 18 is class 7
Cluster 19 is class 0
Cluster 20 is class 0
Cluster 21 is class 0
Cluster 22 is class 9
Cluster 23 is class 4
Cluster 24 is class 9
Cluster 25 is class 0
Cluster 26 is class 4
Cluster 27 is class 0
Cluster 28 is class 0
Cluster 29 is class 0
Cluster 30 is class 7
Cluster 31 is class 0

Overall Accuracy is 0.350606

