----------------------------For Number of clusters 48----------------------------
Avg Clusters:
2.501339 11.281760 2.511712 8.697463 2.504928 10.140606 2.497718 4.317930 2.490600 7.840077 
2.502791 8.926094 2.536998 10.247044 2.506391 10.199844 2.509422 4.025926 2.522355 2.794455 
2.497188 3.891214 2.483783 3.838826 2.496097 9.920540 2.501341 3.589817 2.495243 10.046599 
2.500713 3.608420 2.473247 3.759686 2.521336 3.157728 2.489910 5.023125 2.498274 10.160484 
2.498180 4.307045 2.463313 3.344544 2.488009 9.874472 2.491811 3.988757 2.498635 3.181354 
2.513869 3.546265 2.508215 3.747323 2.508814 10.273332 2.488425 11.024579 2.512639 4.241735 
2.506887 9.609923 2.497836 4.152391 2.501017 3.620909 2.485243 3.372991 2.479471 3.427789 
2.488575 4.731485 2.505039 9.367362 2.488726 3.965951 2.476257 10.594534 2.501649 10.873854 
2.480462 10.491836 2.531357 4.109885 2.508403 11.108177 2.492485 10.230633 2.496516 4.210958 
2.489877 10.150774 2.485688 3.701798 2.486008 3.708576 2.504218 10.167471 2.509832 10.419275 
2.526994 7.594406 2.525129 5.444085 2.500269 10.705656 2.514150 10.230951 2.503998 11.170168 
2.521642 10.365442 2.475128 10.581245 2.498487 3.044507 2.486961 4.008058 2.491313 9.536432 
2.493906 3.908642 2.496227 10.259069 2.493761 3.913141 2.536276 3.950461 2.467700 3.430176 
2.505805 9.584273 2.480613 10.385997 2.486566 3.771763 2.493702 10.997468 2.502450 3.733844 
2.490902 2.812832 2.498248 10.813435 2.483743 10.667031 2.510681 3.930905 2.492371 4.995818 
2.464513 3.668205 2.517398 3.992050 2.490922 3.257251 2.508708 10.363964 2.505204 3.840705 
2.474816 10.569944 2.504080 3.089636 2.495646 10.102856 2.499686 3.549113 2.499019 10.294955 
2.508602 2.856866 2.506094 8.046993 2.468342 10.100673 2.476394 10.302240 2.483742 8.592819 
2.504555 3.181182 2.532493 10.459217 2.522389 8.832592 2.488277 3.674943 2.493070 11.173669 
2.465934 10.754362 2.474577 3.470842 2.509257 10.671344 2.512511 3.232460 2.517206 3.359761 
2.515443 3.313418 2.497063 3.165975 2.506430 4.335089 2.517823 11.064709 2.498582 10.590177 
2.486630 10.269333 2.510394 11.103856 2.516522 10.207361 2.509782 10.360716 2.496302 9.958204 
2.498622 4.594197 2.483082 10.860867 2.523731 9.934127 2.496708 10.726824 2.511866 3.278037 
2.510611 10.849750 2.471459 10.593793 2.503234 3.306400 2.499943 10.375567 2.510100 10.556741 
2.490970 3.473056 2.550466 11.689484 2.521119 10.392223 2.498908 10.141130 2.506263 10.710821 
2.491391 3.183885 2.503255 10.795276 2.514383 2.911496 2.545827 3.795696 2.488661 10.180840 
2.489268 3.136460 2.471919 2.607282 2.512172 10.981691 2.500377 9.580128 2.473771 10.572585 
2.503568 10.347244 2.505430 3.398025 2.503258 3.687300 2.504344 3.126021 2.509205 10.836953 
2.500722 10.820999 2.499759 3.387210 2.516841 3.463526 2.522856 10.585218 2.514099 3.442931 
2.466581 11.392725 2.533050 4.160912 2.459010 2.940916 2.485875 5.356259 2.510709 7.234860 
2.476125 10.779084 2.484713 10.944922 2.504512 3.963409 2.487666 3.342230 2.507302 3.327244 
2.547738 6.135562 2.497172 7.915170 2.513972 3.187542 2.432136 7.654940 2.526281 6.271540 
2.506507 11.079862 2.442332 10.556599 2.510547 10.259730 2.512270 10.176481 2.504011 3.169945 
2.510970 3.040379 2.542007 3.488784 2.515211 3.496466 2.471760 3.498433 2.482761 3.876775 
2.502197 11.314703 2.519975 8.973128 2.517728 3.279044 2.503832 7.281292 2.459078 2.971391 
2.535847 7.186169 2.483912 11.371703 2.458987 7.277440 2.545273 6.480377 2.468685 8.692559 
2.488356 7.422673 2.505566 4.103181 2.499487 7.285861 2.512513 10.137996 2.455356 2.633852 
2.491958 5.635008 2.482433 7.338126 2.479738 8.021116 2.497619 2.461317 2.581813 6.572378 
2.502742 10.241873 2.500994 10.465623 2.497019 7.719021 2.526906 2.859948 2.490581 11.729036 
2.503600 2.985179 2.487580 10.627745 2.476779 3.506480 2.481819 10.743670 2.525981 3.326233 
2.515537 11.593916 2.467215 3.039590 2.521287 9.950513 2.482934 10.420712 2.500182 10.378138 
2.556995 6.943150 2.512134 2.489413 2.518225 7.344968 2.497535 8.018660 2.494634 7.518708 
2.523417 2.607239 2.503828 11.621358 2.559212 3.551854 2.548275 9.849558 2.529681 7.995227 
2.519614 7.650121 2.514866 10.340135 2.450404 12.012326 2.515782 3.448322 2.492379 10.540435 
2.532901 11.660218 2.448216 3.267377 2.519231 7.397243 2.531047 6.777340 2.501043 3.803753 
2.542860 3.166169 2.537941 7.038293 2.529861 10.609433 2.467767 7.117864 2.496575 2.656332 
2.500160 11.000961 2.520555 7.274640 2.468446 6.811426 2.489162 11.258302 2.465563 7.128137 
2.502339 6.584825 2.582384 7.126322 2.484235 3.144833 2.496542 2.840012 2.534988 11.031937 

Avg Classes:
2.501062 6.987991 2.500831 7.004122 2.500320 6.993248 2.501601 6.996249 2.500578 6.990609 
2.499498 7.005723 2.498374 7.006795 2.501292 7.002107 2.499690 7.004367 2.498954 6.983451 
2.499895 6.977804 2.500798 6.985700 2.497879 6.992608 2.496556 7.012830 2.497165 6.990719 
2.505279 7.053359 2.508546 7.025330 2.503622 7.027224 2.496757 7.017660 2.492969 7.021495 
2.515058 7.299356 2.473616 7.259717 2.514286 7.283912 2.472844 7.284170 2.470785 7.327413 
2.523547 7.069138 2.523547 7.098196 2.523547 7.013026 2.523547 6.972445 2.523547 6.891283 
2.484551 7.143258 2.502809 7.093399 2.549157 7.078652 2.497893 7.214185 2.465590 7.115169 
2.417391 6.704348 2.482609 6.821739 2.565217 6.452174 2.560870 6.960870 2.504348 6.700000 
2.416667 8.583333 2.416667 7.583333 2.416667 8.166667 2.416667 7.083333 2.416667 7.333333 
3.333333 7.666667 3.333333 7.666667 3.333333 12.000000 3.333333 8.000000 3.333333 11.666667 

Cluster 0 is class 8
Cluster 1 is class 5
Cluster 2 is class 0
Cluster 3 is class 7
Cluster 4 is class 0
Cluster 5 is class 0
Cluster 6 is class 7
Cluster 7 is class 0
Cluster 8 is class 8
Cluster 9 is class 0
Cluster 10 is class 9
Cluster 11 is class 0
Cluster 12 is class 7
Cluster 13 is class 0
Cluster 14 is class 0
Cluster 15 is class 7
Cluster 16 is class 0
Cluster 17 is class 0
Cluster 18 is class 0
Cluster 19 is class 8
Cluster 20 is class 7
Cluster 21 is class 9
Cluster 22 is class 0
Cluster 23 is class 4
Cluster 24 is class 9
Cluster 25 is class 7
Cluster 26 is class 9
Cluster 27 is class 0
Cluster 28 is class 7
Cluster 29 is class 0
Cluster 30 is class 5
Cluster 31 is class 7
Cluster 32 is class 8
Cluster 33 is class 0
Cluster 34 is class 0
Cluster 35 is class 0
Cluster 36 is class 7
Cluster 37 is class 0
Cluster 38 is class 8
Cluster 39 is class 7
Cluster 40 is class 4
Cluster 41 is class 0
Cluster 42 is class 0
Cluster 43 is class 9
Cluster 44 is class 0
Cluster 45 is class 0
Cluster 46 is class 0
Cluster 47 is class 0

Overall Accuracy is 0.262101

