----------------------------For Number of clusters 71----------------------------
Avg Clusters:
2.500679 3.284268 2.509907 10.519330 2.467098 9.445888 2.522277 3.046764 2.511148 3.911358 
2.489863 6.896590 2.480205 9.055660 2.515382 3.544024 2.458973 11.347987 2.513384 4.175222 
2.502090 3.313027 2.491107 4.949229 2.512123 3.007411 2.499278 4.943072 2.526906 10.536368 
2.518354 4.119474 2.486940 2.950348 2.486090 8.387944 2.465804 4.209815 2.502821 3.123609 
2.539710 10.930244 2.483956 3.587004 2.505944 9.625875 2.526473 7.233299 2.474366 8.754303 
2.499681 8.830963 2.496302 3.373239 2.479086 3.821558 2.483198 10.754639 2.510043 10.212842 
2.503349 2.836117 2.477092 3.362686 2.492543 5.029160 2.533804 10.869429 2.492007 10.014200 
2.486311 10.935093 2.492204 10.272846 2.519296 9.218785 2.508328 3.777941 2.502476 2.896992 
2.495952 8.030548 2.505962 10.499940 2.482911 2.842672 2.483948 4.015872 2.492283 10.685623 
2.492916 7.632694 2.526226 7.008624 2.501872 10.670742 2.487088 10.555792 2.492111 4.734091 
2.486238 11.494079 2.488563 4.673498 2.507814 3.026172 2.498783 6.399881 2.520738 10.439247 
2.532196 11.663133 2.476703 10.202528 2.513264 4.140800 2.486566 3.099875 2.507936 8.265219 
2.530539 2.667127 2.516105 5.462563 2.484319 9.702361 2.510427 10.744866 2.483258 2.844627 
2.473379 3.178459 2.514570 4.009038 2.496587 2.709598 2.497858 9.708233 2.520313 3.775267 
2.495915 10.979322 2.484121 3.084652 2.506331 7.355203 2.514500 3.798325 2.486164 3.311906 
2.500574 10.440842 2.491895 3.135992 2.510083 10.277409 2.484365 11.509955 2.517167 10.319783 
2.500612 2.775401 2.487030 10.471641 2.531798 3.563917 2.545147 3.062547 2.496415 8.840047 
2.518568 10.376595 2.512505 3.281293 2.477833 2.885373 2.466401 2.843943 2.481622 6.358469 
2.471196 10.163192 2.533502 7.382700 2.516942 2.955781 2.506137 4.015914 2.477832 2.825474 
2.475773 10.618377 2.485393 4.253944 2.512485 6.579402 2.507675 2.449742 2.515880 11.302610 
2.511027 9.269961 2.465842 11.834627 2.501499 3.154000 2.488281 3.818336 2.483132 3.273957 
2.503775 3.131693 2.561972 10.300985 2.520324 11.304585 2.498475 7.152092 2.497775 9.744313 
2.517833 4.109221 2.447435 6.286760 2.541371 11.793613 2.527521 3.560388 2.480158 3.521349 
2.505761 4.580564 2.501531 3.322814 2.482384 11.389381 2.485279 3.141537 2.485501 8.732621 
2.494263 4.053842 2.518406 8.445739 2.526354 2.925123 2.494562 10.932353 2.489662 10.745668 
2.457948 10.254213 2.514835 3.536989 2.505103 11.571248 2.491653 3.058232 2.508664 10.665796 
2.483685 9.969246 2.513439 11.072134 2.501063 11.099450 2.476060 5.091074 2.510501 7.683210 
2.487237 3.547287 2.515065 7.367624 2.479914 9.848026 2.528177 2.665644 2.493793 11.156089 
2.467359 4.572378 2.519804 3.565088 2.495936 10.773062 2.479809 8.115340 2.499935 11.318346 
2.491820 9.978990 2.513392 11.213793 2.492863 7.993905 2.543545 4.108099 2.492462 11.559423 
2.496592 3.492316 2.492254 11.139299 2.486058 7.950428 2.494547 11.210435 2.502603 6.722642 
2.505787 8.772195 2.543291 2.254446 2.537148 10.827546 2.469641 10.383770 2.497575 3.432072 
2.497587 11.388875 2.502475 4.321866 2.482057 6.363383 2.538300 10.841047 2.476117 3.444066 
2.500180 10.940215 2.457690 11.083782 2.516397 9.831658 2.520467 10.764034 2.514841 3.656852 
2.498886 2.229673 2.494208 2.442415 2.510025 8.199376 2.507129 4.125306 2.490198 10.797059 
2.510654 2.556522 2.495121 10.704414 2.463193 3.702954 2.511118 9.758314 2.514172 2.952805 
2.556645 7.097137 2.505960 7.669043 2.539713 7.327949 2.505848 6.137128 2.441684 11.072407 
2.509468 6.955047 2.529639 11.304545 2.507904 10.108842 2.508151 10.728553 2.495307 11.197349 
2.520321 2.654635 2.491176 7.425668 2.462299 10.757843 2.506506 11.504635 2.500000 10.358467 
2.527747 5.579842 2.479052 11.174283 2.562944 10.347565 2.471053 10.892211 2.496850 2.557444 
2.523442 9.961562 2.472090 11.095911 2.493757 3.044497 2.502632 10.615865 2.491982 10.664524 
2.533081 4.253806 2.470799 11.784897 2.529997 10.526515 2.481146 2.412795 2.465227 10.183365 
2.495578 3.576723 2.518742 3.148463 2.515864 3.013407 2.492068 3.101151 2.491998 5.054191 
2.499679 10.613257 2.487736 3.603479 2.517474 2.141391 2.500721 10.644998 2.529978 3.556829 
2.519177 8.838541 2.495872 2.648553 2.468283 3.409238 2.515205 6.688891 2.509562 2.896854 
2.439552 9.906762 2.489227 3.737836 2.501450 11.833033 2.471833 3.339967 2.529029 3.271331 
2.518389 3.313227 2.502884 11.542025 2.509313 2.670795 2.539945 8.894866 2.544294 8.280987 
2.511677 11.510796 2.496255 9.548163 2.523663 7.318146 2.469551 10.714374 2.493082 10.350225 
2.510604 3.869277 2.490484 2.530397 2.561066 10.820011 2.512887 11.692550 2.500816 9.069712 
2.495053 11.568161 2.503276 10.178337 2.508416 11.776693 2.545548 10.001156 2.486702 9.871772 
2.458799 5.598674 2.540212 2.592245 2.488970 6.142843 2.512316 11.042734 2.464537 3.688891 
2.475528 2.837764 2.508447 11.172547 2.455155 5.778012 2.457764 10.106584 2.522360 11.796398 
2.518033 3.674349 2.482856 7.835436 2.505256 3.380883 2.517791 3.579007 2.469513 2.803332 
2.523327 10.838742 2.511537 9.267622 2.453854 11.752155 2.492774 3.116506 2.505578 11.169118 
2.485801 11.419294 2.523074 7.845688 2.504698 2.769263 2.519106 10.396429 2.488411 6.920129 
2.527173 7.246669 2.555826 2.867308 2.496194 2.595686 2.470818 3.492282 2.446289 11.058363 
2.477309 3.267714 2.510449 11.896130 2.514777 3.111042 2.491159 3.619018 2.457030 3.493013 
2.493874 3.106365 2.471430 6.215223 2.529979 7.506993 2.511547 7.137699 2.511005 6.628429 
2.508345 2.168336 2.484979 10.994278 2.499165 11.241536 2.473534 9.034335 2.498808 3.180854 
2.450631 11.665090 2.507763 5.595221 2.491388 11.491873 2.511645 9.136099 2.496725 2.763464 
2.477685 7.125776 2.479714 10.555370 2.472673 4.660263 2.517780 7.482100 2.521957 2.818258 
2.455312 11.068799 2.529565 11.620801 2.504525 4.553490 2.521755 8.581877 2.477129 5.799678 
2.498343 7.546109 2.480288 7.101474 2.466804 7.301794 2.511713 2.627814 2.525311 6.157468 
2.525822 6.127246 2.491339 11.465760 2.446819 7.590578 2.497005 6.096649 2.549943 6.535211 
2.477652 2.656922 2.454941 2.424619 2.513892 11.411452 2.489249 9.222880 2.538898 5.070186 
2.504783 6.983931 2.576202 10.993751 2.511414 11.378906 2.507716 5.604005 2.550440 2.527994 
2.529614 11.517842 2.482036 10.697977 2.471245 3.288412 2.519804 10.564071 2.494298 2.198161 
2.527511 8.178529 2.421841 6.996130 2.467609 10.887262 2.493354 11.220259 2.527680 11.165741 
2.481715 2.484020 2.519207 10.924401 2.492010 6.357867 2.516595 4.615550 2.433313 11.633835 
2.476066 6.274127 2.468370 2.297830 2.507465 7.116977 2.469755 3.411113 2.549792 10.661382 
2.553537 11.651602 2.596367 7.391227 2.477773 10.472456 2.502141 2.676266 2.488111 6.167331 

Avg Classes:
2.501062 6.987991 2.500831 7.004122 2.500320 6.993248 2.501601 6.996249 2.500578 6.990609 
2.499498 7.005723 2.498374 7.006795 2.501292 7.002107 2.499690 7.004367 2.498954 6.983451 
2.499895 6.977804 2.500798 6.985700 2.497879 6.992608 2.496556 7.012830 2.497165 6.990719 
2.505279 7.053359 2.508546 7.025330 2.503622 7.027224 2.496757 7.017660 2.492969 7.021495 
2.515058 7.299356 2.473616 7.259717 2.514286 7.283912 2.472844 7.284170 2.470785 7.327413 
2.523547 7.069138 2.523547 7.098196 2.523547 7.013026 2.523547 6.972445 2.523547 6.891283 
2.484551 7.143258 2.502809 7.093399 2.549157 7.078652 2.497893 7.214185 2.465590 7.115169 
2.417391 6.704348 2.482609 6.821739 2.565217 6.452174 2.560870 6.960870 2.504348 6.700000 
2.416667 8.583333 2.416667 7.583333 2.416667 8.166667 2.416667 7.083333 2.416667 7.333333 
3.333333 7.666667 3.333333 7.666667 3.333333 12.000000 3.333333 8.000000 3.333333 11.666667 

Cluster 0 is class 0
Cluster 1 is class 0
Cluster 2 is class 7
Cluster 3 is class 7
Cluster 4 is class 4
Cluster 5 is class 0
Cluster 6 is class 0
Cluster 7 is class 8
Cluster 8 is class 0
Cluster 9 is class 0
Cluster 10 is class 0
Cluster 11 is class 0
Cluster 12 is class 0
Cluster 13 is class 0
Cluster 14 is class 0
Cluster 15 is class 9
Cluster 16 is class 0
Cluster 17 is class 0
Cluster 18 is class 7
Cluster 19 is class 0
Cluster 20 is class 0
Cluster 21 is class 9
Cluster 22 is class 0
Cluster 23 is class 0
Cluster 24 is class 0
Cluster 25 is class 8
Cluster 26 is class 8
Cluster 27 is class 0
Cluster 28 is class 9
Cluster 29 is class 8
Cluster 30 is class 0
Cluster 31 is class 6
Cluster 32 is class 0
Cluster 33 is class 8
Cluster 34 is class 0
Cluster 35 is class 7
Cluster 36 is class 4
Cluster 37 is class 9
Cluster 38 is class 9
Cluster 39 is class 4
Cluster 40 is class 4
Cluster 41 is class 0
Cluster 42 is class 0
Cluster 43 is class 0
Cluster 44 is class 7
Cluster 45 is class 8
Cluster 46 is class 0
Cluster 47 is class 8
Cluster 48 is class 0
Cluster 49 is class 9
Cluster 50 is class 7
Cluster 51 is class 0
Cluster 52 is class 7
Cluster 53 is class 9
Cluster 54 is class 4
Cluster 55 is class 7
Cluster 56 is class 0
Cluster 57 is class 2
Cluster 58 is class 0
Cluster 59 is class 4
Cluster 60 is class 0
Cluster 61 is class 0
Cluster 62 is class 0
Cluster 63 is class 0
Cluster 64 is class 0
Cluster 65 is class 0
Cluster 66 is class 8
Cluster 67 is class 9
Cluster 68 is class 0
Cluster 69 is class 2
Cluster 70 is class 8

Overall Accuracy is 0.293665

