----------------------------For Number of clusters 80----------------------------
Avg Clusters:
2.478441 10.337442 2.508979 4.914274 2.496103 10.461838 2.498645 3.270267 2.504998 10.962474 
2.497553 4.097375 2.485022 9.996231 2.497619 2.978144 2.503604 10.305218 2.517094 4.022848 
2.470167 8.956968 2.501089 3.870820 2.525769 10.408740 2.488184 3.873795 2.515084 2.505866 
2.514806 4.590692 2.519812 9.824653 2.489206 9.852241 2.494517 10.549654 2.515838 10.937526 
2.486632 10.748120 2.499393 10.846620 2.486584 10.813819 2.501965 5.060799 2.520792 9.956621 
2.513490 5.234497 2.510427 10.791226 2.485999 10.167419 2.517103 3.285316 2.544437 2.957036 
2.502364 3.995558 2.496128 9.269052 2.503342 3.288777 2.528486 3.576779 2.450689 2.984921 
2.524611 7.447315 2.501953 3.842648 2.467368 3.331007 2.479296 7.253190 2.520079 2.843898 
2.502873 3.108954 2.544603 3.118271 2.520893 4.202957 2.469289 3.327476 2.472413 4.074923 
2.516389 3.557995 2.477635 3.497736 2.508466 10.869658 2.471070 11.095346 2.535721 5.481030 
2.493789 10.865115 2.480115 11.021739 2.502410 3.724576 2.489524 4.941365 2.499815 3.058033 
2.503169 2.230056 2.498983 8.300502 2.506758 10.862158 2.492585 4.386736 2.453415 4.780708 
2.494102 10.552525 2.501260 3.893185 2.500202 8.901704 2.466882 11.387640 2.523994 8.237574 
2.507003 3.190026 2.515473 10.793650 2.524794 3.413362 2.496782 5.953582 2.505394 10.479512 
2.513404 5.617451 2.517940 3.321393 2.500442 10.817769 2.503682 10.622989 2.461792 11.301243 
2.487653 3.202862 2.464892 3.525388 2.523577 2.815915 2.490430 4.893256 2.536980 10.710801 
2.500505 4.673755 2.484016 10.419346 2.525951 10.260702 2.488977 10.951865 2.517178 2.933998 
2.474696 2.623752 2.503306 4.242915 2.543252 11.204858 2.505061 6.427126 2.498313 10.147773 
2.452525 10.748638 2.492746 10.729538 2.524885 9.454239 2.533578 10.724273 2.493541 6.789409 
2.513243 10.576882 2.457324 10.197298 2.484613 4.162395 2.507291 7.079777 2.469065 10.944832 
2.500245 2.913449 2.509636 3.669353 2.516084 6.690448 2.556521 10.942182 2.478029 9.886537 
2.512554 9.745215 2.487575 6.745734 2.490041 2.917797 2.517680 11.375657 2.498151 10.083631 
2.488671 10.052664 2.480557 10.495024 2.500919 2.567973 2.482701 2.631124 2.531154 10.573178 
2.541898 11.285999 2.463567 4.072085 2.543286 11.460531 2.519431 8.665163 2.469119 10.836832 
2.489282 3.084496 2.516664 3.481133 2.501835 8.174644 2.522537 7.338937 2.509176 2.984364 
2.515306 6.183213 2.511432 11.229016 2.511280 3.223927 2.486137 10.993923 2.471705 10.284770 
2.487283 6.090737 2.506273 3.090823 2.491064 5.510225 2.508850 2.305809 2.473535 10.986853 
2.511371 10.273619 2.489669 6.009617 2.458415 8.457960 2.547758 10.574399 2.487524 2.372515 
2.542557 5.697513 2.494929 10.687915 2.469456 10.507123 2.502475 2.786249 2.467101 10.542436 
2.472824 10.992131 2.511304 10.486562 2.515038 10.648483 2.518706 5.855485 2.483028 2.937246 
2.535286 3.745098 2.437781 3.172732 2.454185 10.911116 2.475013 2.518959 2.483177 4.440681 
2.499903 10.839513 2.498162 3.456251 2.494874 3.022825 2.512025 3.105487 2.466245 3.634470 
2.486339 11.064804 2.518895 3.810975 2.497499 3.290926 2.525745 2.945663 2.507504 10.871007 
2.466552 1.978850 2.505407 10.074553 2.488372 4.181548 2.516987 11.257154 2.520720 10.043066 
2.477971 10.977563 2.496193 7.411001 2.512170 2.807656 2.500272 10.742725 2.494697 3.415964 
2.453261 3.669090 2.500747 3.204076 2.486481 2.723913 2.475204 10.807269 2.519497 6.057473 
2.484231 10.690846 2.532428 2.422044 2.517306 11.333899 2.496523 9.584587 2.501294 3.524907 
2.490528 2.557527 2.504667 7.275390 2.512892 8.960817 2.513446 2.498937 2.532391 10.701506 
2.495680 8.002292 2.479369 7.303826 2.481397 6.935285 2.510492 3.162670 2.514019 6.471257 
2.511372 11.219856 2.517690 10.148014 2.487455 10.202256 2.480776 1.942329 2.529693 4.724368 
2.521666 7.525443 2.489351 2.607701 2.461756 10.605393 2.507187 5.916273 2.502885 7.213514 
2.505567 2.859690 2.469642 11.296973 2.516962 6.167189 2.535230 2.804367 2.503045 7.254088 
2.520318 9.839967 2.509532 11.709615 2.504013 4.472826 2.476756 11.069732 2.505268 3.145819 
2.542148 7.165065 2.545189 7.829948 2.498723 11.426834 2.480112 6.741637 2.490086 6.474760 
2.509568 10.838270 2.480313 2.248206 2.523919 3.875713 2.521987 10.793468 2.516559 3.235235 
2.584138 8.124307 2.527327 5.322170 2.483871 2.959215 2.480892 7.035546 2.484590 10.831827 
2.545106 3.854511 2.505310 5.647473 2.486116 2.528855 2.446449 11.032374 2.490083 11.509533 
2.520999 3.474901 2.521745 5.052684 2.502361 11.701914 2.515283 9.268141 2.467570 2.065482 
2.476190 11.698801 2.478752 3.652928 2.498312 6.766562 2.522412 6.365584 2.442543 4.963558 
2.534868 11.083018 2.480133 11.131913 2.523417 6.533150 2.476698 2.583992 2.457346 9.690713 
2.470857 11.562906 2.490248 3.121022 2.516596 11.014486 2.538839 2.678910 2.485571 6.245808 
2.464354 2.255417 2.568654 11.467273 2.506905 10.804199 2.528798 5.410127 2.431683 10.665768 
2.472645 8.766146 2.444030 2.077683 2.487053 3.882217 2.456121 11.015013 2.526952 11.090277 
2.455315 6.293645 2.496485 2.685841 2.475398 8.626883 2.529479 5.791995 2.523598 11.644240 
2.502256 2.957547 2.488105 4.595673 2.491284 4.115463 2.508203 11.086034 2.514356 2.048913 
2.501200 11.296447 2.526044 11.394023 2.478397 2.749160 2.515002 10.176428 2.549808 7.842175 
2.524904 7.516628 2.583755 2.255632 2.496092 4.087510 2.505134 6.439540 2.452261 7.730881 
2.459645 6.704948 2.547896 2.767399 2.555835 7.397327 2.501455 11.422599 2.472744 3.638132 
2.457179 11.312606 2.526145 3.371679 2.487564 2.729084 2.495619 10.599491 2.500424 7.305257 
2.468883 6.998582 2.586419 8.331338 2.525130 6.022058 2.509217 3.155349 2.552072 11.638569 
2.505287 11.128965 2.484460 2.685517 2.478693 6.465396 2.392022 2.707626 2.525473 7.874880 
2.513952 6.852432 2.543289 11.184846 2.518143 2.566670 2.515385 3.980037 2.486379 6.482409 
2.474719 7.369984 2.519930 11.110888 2.465088 7.026886 2.499599 7.388175 2.494650 5.747726 
2.480652 10.938640 2.495578 7.193339 2.552239 6.305003 2.500000 2.714069 2.450249 2.450802 
2.503195 11.054806 2.502627 10.153912 2.544512 6.553599 2.445975 11.471674 2.451512 11.704529 
2.503518 3.106668 2.515805 8.535686 2.466324 7.697308 2.434826 11.004579 2.432592 6.424327 
2.529552 10.663725 2.434734 10.674230 2.551821 11.129972 2.475910 11.244678 2.540336 2.351120 
2.492999 12.000921 2.472734 2.898674 2.515475 2.683493 2.522292 6.896831 2.534083 10.112196 
2.522698 11.352355 2.536929 7.889853 2.508752 2.485698 2.445709 3.411698 2.546037 6.285328 
2.474959 2.463682 2.518961 11.544279 2.450415 6.916971 2.510448 7.750691 2.513986 3.322609 
2.518604 2.916359 2.417282 7.161132 2.507380 6.712331 2.484317 7.142681 2.542743 10.937116 
2.506640 2.276988 2.469927 2.648180 2.471333 7.502421 2.537728 3.699734 2.543665 8.560069 
2.525152 2.598917 2.481841 1.898714 2.494473 3.229416 2.521769 10.100835 2.448004 11.246785 
2.500298 11.591180 2.512664 3.348331 2.478099 6.937723 2.523540 8.640644 2.493445 11.529946 
2.513476 5.158652 2.484839 5.543645 2.460796 2.276876 2.465850 2.600919 2.468913 7.360796 
2.504803 3.995047 2.473882 9.366406 2.485290 2.432153 2.560042 2.195137 2.496848 11.497899 
2.540223 3.114262 2.512933 11.316327 2.547579 11.714404 2.537731 9.759729 2.517561 7.182962 
2.510276 4.033896 2.487730 2.847086 2.506442 11.655982 2.457209 2.224540 2.507822 10.915031 
2.494152 10.785676 2.482814 6.650531 2.479395 11.915422 2.503149 10.681123 2.476876 5.188411 
2.538958 9.898526 2.531324 10.330350 2.492103 11.470124 2.528297 10.863912 2.512898 11.459858 

Avg Classes:
2.501062 6.987991 2.500831 7.004122 2.500320 6.993248 2.501601 6.996249 2.500578 6.990609 
2.499498 7.005723 2.498374 7.006795 2.501292 7.002107 2.499690 7.004367 2.498954 6.983451 
2.499895 6.977804 2.500798 6.985700 2.497879 6.992608 2.496556 7.012830 2.497165 6.990719 
2.505279 7.053359 2.508546 7.025330 2.503622 7.027224 2.496757 7.017660 2.492969 7.021495 
2.515058 7.299356 2.473616 7.259717 2.514286 7.283912 2.472844 7.284170 2.470785 7.327413 
2.523547 7.069138 2.523547 7.098196 2.523547 7.013026 2.523547 6.972445 2.523547 6.891283 
2.484551 7.143258 2.502809 7.093399 2.549157 7.078652 2.497893 7.214185 2.465590 7.115169 
2.417391 6.704348 2.482609 6.821739 2.565217 6.452174 2.560870 6.960870 2.504348 6.700000 
2.416667 8.583333 2.416667 7.583333 2.416667 8.166667 2.416667 7.083333 2.416667 7.333333 
3.333333 7.666667 3.333333 7.666667 3.333333 12.000000 3.333333 8.000000 3.333333 11.666667 

Cluster 0 is class 8
Cluster 1 is class 7
Cluster 2 is class 0
Cluster 3 is class 9
Cluster 4 is class 8
Cluster 5 is class 0
Cluster 6 is class 7
Cluster 7 is class 7
Cluster 8 is class 0
Cluster 9 is class 0
Cluster 10 is class 0
Cluster 11 is class 0
Cluster 12 is class 0
Cluster 13 is class 0
Cluster 14 is class 9
Cluster 15 is class 0
Cluster 16 is class 0
Cluster 17 is class 9
Cluster 18 is class 8
Cluster 19 is class 0
Cluster 20 is class 0
Cluster 21 is class 0
Cluster 22 is class 0
Cluster 23 is class 9
Cluster 24 is class 0
Cluster 25 is class 0
Cluster 26 is class 0
Cluster 27 is class 0
Cluster 28 is class 9
Cluster 29 is class 8
Cluster 30 is class 0
Cluster 31 is class 0
Cluster 32 is class 0
Cluster 33 is class 0
Cluster 34 is class 0
Cluster 35 is class 0
Cluster 36 is class 8
Cluster 37 is class 0
Cluster 38 is class 5
Cluster 39 is class 8
Cluster 40 is class 0
Cluster 41 is class 0
Cluster 42 is class 0
Cluster 43 is class 8
Cluster 44 is class 0
Cluster 45 is class 0
Cluster 46 is class 0
Cluster 47 is class 0
Cluster 48 is class 8
Cluster 49 is class 8
Cluster 50 is class 8
Cluster 51 is class 9
Cluster 52 is class 0
Cluster 53 is class 0
Cluster 54 is class 7
Cluster 55 is class 4
Cluster 56 is class 0
Cluster 57 is class 1
Cluster 58 is class 0
Cluster 59 is class 0
Cluster 60 is class 0
Cluster 61 is class 0
Cluster 62 is class 0
Cluster 63 is class 0
Cluster 64 is class 4
Cluster 65 is class 0
Cluster 66 is class 4
Cluster 67 is class 0
Cluster 68 is class 0
Cluster 69 is class 0
Cluster 70 is class 0
Cluster 71 is class 0
Cluster 72 is class 0
Cluster 73 is class 8
Cluster 74 is class 0
Cluster 75 is class 0
Cluster 76 is class 0
Cluster 77 is class 9
Cluster 78 is class 8
Cluster 79 is class 9

Overall Accuracy is 0.328791

