----------------------------For Number of clusters 91----------------------------
Avg Clusters:
2.487315 7.633728 2.475056 10.344526 2.495256 2.901663 2.493604 3.250187 2.474683 7.040721 
2.519668 3.264498 2.493115 4.073886 2.494299 3.570209 2.508119 11.406347 2.512364 10.344208 
2.483937 4.048808 2.510915 3.586463 2.496425 10.424261 2.499619 2.923117 2.486988 10.781554 
2.480769 10.396552 2.482280 3.120763 2.524609 9.569408 2.488543 4.402999 2.514957 3.103411 
2.486974 10.086910 2.492068 10.982968 2.464849 3.772431 2.520719 10.213827 2.511965 7.231867 
2.510125 10.745433 2.533953 7.641646 2.494332 10.902983 2.509410 3.434074 2.507209 4.195686 
2.510594 3.663724 2.481558 4.445605 2.513488 3.233078 2.510840 2.735531 2.512998 10.501422 
2.479320 10.596071 2.540483 6.238492 2.519193 3.071197 2.501885 4.361614 2.467162 2.789912 
2.516722 10.409174 2.467089 2.663048 2.463889 4.002510 2.464579 2.767585 2.493819 5.570057 
2.494219 3.428618 2.515946 3.299981 2.468668 3.904933 2.496410 10.025084 2.505735 3.100988 
2.510641 10.462182 2.532276 7.897483 2.475918 11.346696 2.485527 4.350704 2.507281 11.020810 
2.511043 2.996613 2.500835 6.909269 2.480179 10.791204 2.461050 10.866956 2.506416 8.124839 
2.465508 2.917963 2.523757 10.939250 2.520647 4.226045 2.564196 3.239524 2.491674 11.011406 
2.498424 10.756305 2.486178 10.230419 2.530129 8.443380 2.516792 10.146702 2.467265 11.362330 
2.527764 4.184018 2.503054 3.050585 2.520677 10.949695 2.467621 10.263462 2.481468 3.155485 
2.496401 10.734956 2.481635 11.503302 2.496550 3.602285 2.473622 3.595385 2.515248 2.992432 
2.476162 10.886449 2.501658 10.540933 2.502026 2.885344 2.487215 3.382507 2.527080 11.134920 
2.471298 11.081213 2.485714 2.667580 2.524527 10.823614 2.514416 3.593281 2.469798 9.467841 
2.500212 4.323460 2.491593 2.440728 2.532929 10.708042 2.525766 10.584583 2.476419 10.466889 
2.485441 3.350417 2.512915 10.588118 2.473641 11.084126 2.504344 7.180404 2.510274 3.249677 
2.502761 3.104960 2.487760 10.754410 2.476423 3.227510 2.494894 10.235964 2.529978 3.830735 
2.499866 10.381333 2.525653 3.583874 2.492521 7.847746 2.525385 10.952501 2.490484 3.410658 
2.493487 10.427943 2.482338 3.241052 2.492196 2.919258 2.460744 10.672339 2.517956 7.098228 
2.481596 10.115266 2.482915 10.512538 2.493987 11.016938 2.517085 11.212348 2.521337 6.842059 
2.480651 5.968050 2.468941 10.584723 2.465995 6.762078 2.531059 5.714618 2.572392 2.871888 
2.500742 3.067354 2.467840 9.753034 2.474312 10.764563 2.523665 2.268946 2.491842 3.728425 
2.496493 9.696662 2.483143 2.979637 2.534347 6.274525 2.477060 3.056612 2.525137 11.358090 
2.545008 2.916486 2.498333 11.329638 2.495583 9.383731 2.558593 7.350975 2.447408 7.986914 
2.470720 10.835486 2.537438 3.660484 2.473050 2.127124 2.528018 3.550549 2.521414 10.521317 
2.470713 2.735498 2.510445 8.853493 2.525618 10.840438 2.481722 3.345448 2.487156 10.533310 
2.525236 3.483037 2.506381 3.167896 2.448022 6.861669 2.479638 3.076829 2.476688 3.372988 
2.508340 3.186151 2.491813 7.121041 2.492884 2.747743 2.499464 3.619204 2.459832 3.234889 
2.486279 8.301675 2.469975 10.295617 2.506326 3.293300 2.462135 10.735299 2.505791 2.541073 
2.538779 11.216356 2.497504 10.503168 2.473891 7.110290 2.467556 3.131215 2.447015 6.923786 
2.491995 6.557802 2.519970 3.492669 2.458544 10.690681 2.518116 4.191102 2.489130 6.529154 
2.473723 3.725015 2.509766 10.813209 2.512786 6.601248 2.480569 11.331297 2.501712 10.618766 
2.500000 10.606044 2.506681 6.291718 2.500466 3.163145 2.492464 10.784105 2.519577 11.388673 
2.527267 10.967342 2.448995 9.606470 2.508805 10.825149 2.506322 10.021255 2.508727 2.325266 
2.555388 5.709806 2.505172 11.811315 2.464547 10.239547 2.530927 3.053772 2.461853 11.003556 
2.539564 2.759253 2.466515 3.335396 2.495604 6.850537 2.544340 5.765223 2.526864 7.873874 
2.485234 4.396635 2.534226 2.336538 2.520948 2.241300 2.516484 4.341690 2.502175 4.841117 
2.531633 4.242979 2.446868 4.035593 2.525460 11.562082 2.519700 3.739224 2.516305 2.217467 
2.449008 4.174372 2.543650 3.191236 2.489847 7.067913 2.499713 11.263508 2.524378 6.507973 
2.516170 11.108705 2.456262 3.823408 2.519376 11.342641 2.486608 10.239350 2.484043 9.713278 
2.550857 6.018529 2.517938 10.173664 2.519909 2.403804 2.497635 10.769959 2.463335 10.907944 
2.508423 2.104979 2.515212 10.500000 2.527785 2.486548 2.526025 9.407216 2.536334 10.531808 
2.489610 8.120680 2.483054 2.496277 2.486276 4.914546 2.523503 10.606512 2.516168 11.572953 
2.507336 2.721558 2.543567 10.772686 2.519300 6.182731 2.492889 2.698758 2.496727 5.823138 
2.531681 7.655898 2.470269 5.552848 2.458153 4.438658 2.505501 5.754352 2.473054 7.168082 
2.453227 5.493467 2.474654 7.202900 2.546512 2.915992 2.470473 10.823622 2.436634 6.369480 
2.505025 7.790230 2.513421 3.628037 2.461264 10.891108 2.519781 7.037400 2.581860 11.571810 
2.546938 11.217967 2.454354 11.573275 2.539182 2.852642 2.496688 9.895137 2.486670 11.423655 
2.464433 2.726898 2.571467 6.799096 2.610823 7.923281 2.479723 7.282675 2.518681 3.168063 
2.468234 10.362071 2.527135 11.513716 2.499466 11.123976 2.532953 6.515141 2.540910 6.976962 
2.477469 7.665642 2.534004 6.207688 2.550680 11.170432 2.511177 9.349261 2.503962 4.844707 
2.482838 11.651457 2.540588 5.961591 2.530101 6.680469 2.471125 6.715473 2.503269 8.568919 
2.486482 10.749150 2.439212 11.606804 2.515667 11.433483 2.460877 2.115488 2.518353 8.056938 
2.519177 2.983063 2.485022 10.902156 2.506999 2.548992 2.520157 5.964446 2.492581 6.997900 
2.565330 6.352188 2.521116 10.505870 2.532398 11.086294 2.450831 3.158103 2.540021 6.344717 
2.532203 6.795872 2.468628 11.138418 2.573835 7.888507 2.502787 11.436129 2.504566 3.376468 
2.483173 11.275124 2.518593 2.919746 2.479289 11.902918 2.500824 10.077312 2.485055 3.795011 
2.501250 3.032008 2.471118 6.910478 2.479995 5.638160 2.434984 7.379220 2.543886 11.474869 
2.516700 11.208678 2.542678 2.807451 2.527976 7.903797 2.487439 11.475735 2.536255 10.108907 
2.491263 9.358126 2.516820 2.459480 2.492246 3.417104 2.520861 7.935780 2.483836 2.382809 
2.500975 6.836305 2.527724 7.489412 2.460574 7.120925 2.511981 3.005991 2.545556 11.134439 
2.534470 11.777984 2.451446 8.173647 2.448295 6.759266 2.563010 2.848406 2.440882 11.535953 
2.427101 2.442729 2.453021 4.922622 2.507528 2.370116 2.509434 7.739280 2.486564 7.431675 
2.526704 11.773177 2.509825 5.279177 2.500593 3.120401 2.539760 11.058948 2.511671 2.709745 
2.569842 6.639129 2.526760 3.199423 2.555408 6.705308 2.397957 7.441928 2.438374 10.635354 
2.451191 5.652966 2.549587 10.540090 2.527012 11.988635 2.445275 11.200529 2.517982 2.755566 
2.498792 11.738695 2.469279 2.295478 2.502761 4.197273 2.499137 7.546600 2.476873 11.022782 
2.545418 6.949401 2.482169 6.807832 2.453371 10.803391 2.531422 11.300902 2.528193 11.465079 
2.441400 5.369759 2.502806 2.250743 2.504127 2.200561 2.479861 7.214757 2.438759 10.699901 
2.504989 4.052718 2.495309 11.648399 2.550856 2.780194 2.500074 3.150558 2.473716 2.448846 
2.561514 6.713366 2.446377 11.446860 2.471014 3.867150 2.467150 6.455233 2.528502 11.355395 
2.523584 6.312633 2.533302 10.356483 2.471913 7.452003 2.473572 6.641147 2.467883 8.950225 
2.470150 2.702272 2.556939 10.694826 2.531390 11.434330 2.499165 8.863654 2.489793 11.661446 
2.521581 2.229779 2.496554 2.531556 2.498368 7.614255 2.519224 6.889917 2.500544 11.822452 
2.467030 11.109578 2.503931 7.740093 2.480347 6.919942 2.453233 11.405262 2.442804 6.011231 
2.519027 7.573241 2.496980 8.038810 2.526880 7.148747 2.515403 2.167170 2.449713 2.788735 
2.518729 3.063110 2.460720 7.431570 2.501676 7.740854 2.561143 11.813147 2.468153 2.646261 
2.460571 7.328004 2.516077 5.248249 2.526136 3.165439 2.529729 11.500090 2.507994 2.458236 
2.543593 7.898013 2.522709 6.883820 2.485807 2.302311 2.489254 5.936131 2.500608 11.429035 
2.532239 2.178195 2.490370 11.728521 2.449171 9.070340 2.488360 11.543460 2.520348 4.130129 
2.450818 9.927170 2.517107 11.678868 2.528428 10.853082 2.550818 3.595849 2.488050 2.176101 
2.541708 11.548862 2.502647 10.902704 2.476463 6.638432 2.502075 7.571613 2.503649 2.671055 
2.508530 7.108565 2.559710 11.409099 2.484577 11.647251 2.469068 9.854386 2.533862 11.158194 
2.505206 12.088510 2.485996 10.846679 2.530700 2.799461 2.513465 10.849731 2.498743 3.006463 
2.508880 9.855518 2.503891 12.034324 2.543604 7.764718 2.496308 3.283975 2.513869 11.534225 
2.549209 11.732536 2.564261 8.016789 2.540332 2.225589 2.541490 5.718255 2.484948 7.365110 
2.465342 2.070602 2.488066 3.478062 2.531656 11.649564 2.467772 4.608689 2.510076 6.475632 

Avg Classes:
2.501062 6.987991 2.500831 7.004122 2.500320 6.993248 2.501601 6.996249 2.500578 6.990609 
2.499498 7.005723 2.498374 7.006795 2.501292 7.002107 2.499690 7.004367 2.498954 6.983451 
2.499895 6.977804 2.500798 6.985700 2.497879 6.992608 2.496556 7.012830 2.497165 6.990719 
2.505279 7.053359 2.508546 7.025330 2.503622 7.027224 2.496757 7.017660 2.492969 7.021495 
2.515058 7.299356 2.473616 7.259717 2.514286 7.283912 2.472844 7.284170 2.470785 7.327413 
2.523547 7.069138 2.523547 7.098196 2.523547 7.013026 2.523547 6.972445 2.523547 6.891283 
2.484551 7.143258 2.502809 7.093399 2.549157 7.078652 2.497893 7.214185 2.465590 7.115169 
2.417391 6.704348 2.482609 6.821739 2.565217 6.452174 2.560870 6.960870 2.504348 6.700000 
2.416667 8.583333 2.416667 7.583333 2.416667 8.166667 2.416667 7.083333 2.416667 7.333333 
3.333333 7.666667 3.333333 7.666667 3.333333 12.000000 3.333333 8.000000 3.333333 11.666667 

Cluster 0 is class 0
Cluster 1 is class 7
Cluster 2 is class 0
Cluster 3 is class 0
Cluster 4 is class 0
Cluster 5 is class 8
Cluster 6 is class 0
Cluster 7 is class 7
Cluster 8 is class 0
Cluster 9 is class 0
Cluster 10 is class 8
Cluster 11 is class 0
Cluster 12 is class 0
Cluster 13 is class 4
Cluster 14 is class 0
Cluster 15 is class 0
Cluster 16 is class 0
Cluster 17 is class 8
Cluster 18 is class 9
Cluster 19 is class 0
Cluster 20 is class 0
Cluster 21 is class 0
Cluster 22 is class 0
Cluster 23 is class 4
Cluster 24 is class 0
Cluster 25 is class 0
Cluster 26 is class 0
Cluster 27 is class 0
Cluster 28 is class 0
Cluster 29 is class 0
Cluster 30 is class 0
Cluster 31 is class 0
Cluster 32 is class 0
Cluster 33 is class 8
Cluster 34 is class 0
Cluster 35 is class 0
Cluster 36 is class 0
Cluster 37 is class 8
Cluster 38 is class 4
Cluster 39 is class 0
Cluster 40 is class 0
Cluster 41 is class 0
Cluster 42 is class 0
Cluster 43 is class 8
Cluster 44 is class 0
Cluster 45 is class 0
Cluster 46 is class 0
Cluster 47 is class 0
Cluster 48 is class 7
Cluster 49 is class 0
Cluster 50 is class 9
Cluster 51 is class 4
Cluster 52 is class 0
Cluster 53 is class 8
Cluster 54 is class 8
Cluster 55 is class 8
Cluster 56 is class 8
Cluster 57 is class 7
Cluster 58 is class 0
Cluster 59 is class 4
Cluster 60 is class 0
Cluster 61 is class 0
Cluster 62 is class 4
Cluster 63 is class 0
Cluster 64 is class 0
Cluster 65 is class 8
Cluster 66 is class 0
Cluster 67 is class 0
Cluster 68 is class 0
Cluster 69 is class 0
Cluster 70 is class 0
Cluster 71 is class 9
Cluster 72 is class 0
Cluster 73 is class 7
Cluster 74 is class 0
Cluster 75 is class 0
Cluster 76 is class 9
Cluster 77 is class 0
Cluster 78 is class 4
Cluster 79 is class 0
Cluster 80 is class 0
Cluster 81 is class 0
Cluster 82 is class 0
Cluster 83 is class 0
Cluster 84 is class 0
Cluster 85 is class 8
Cluster 86 is class 9
Cluster 87 is class 0
Cluster 88 is class 4
Cluster 89 is class 0
Cluster 90 is class 0

Overall Accuracy is 0.361207

