----------------------------For Number of clusters 21----------------------------
Avg Clusters:
2.497492 10.013584 2.502603 9.946948 2.506252 9.908259 2.513359 4.429571 2.513031 3.856477 
2.503633 10.558000 2.501912 4.383643 2.495118 3.937804 2.500373 5.237604 2.498439 3.855012 
2.496022 3.601956 2.517063 10.281203 2.497150 4.575028 2.493380 10.418962 2.510065 8.234856 
2.491484 9.787996 2.508785 4.134382 2.513676 10.238485 2.488350 10.263509 2.495900 4.166672 
2.503263 9.109378 2.504614 9.696267 2.501421 10.409182 2.509648 9.732878 2.498825 10.333713 
2.492875 8.829350 2.503428 4.027120 2.512009 4.146192 2.494082 3.845361 2.500881 10.763062 
2.511234 3.580056 2.512038 9.634543 2.506591 10.208384 2.496116 9.566822 2.503815 3.593359 
2.487724 4.601580 2.496952 10.324972 2.491730 4.211249 2.528568 3.923400 2.480945 3.569527 
2.492110 3.763403 2.495792 3.929230 2.487558 9.840794 2.504353 4.266051 2.505496 10.014564 
2.495004 10.289518 2.487667 10.838620 2.497551 4.485186 2.492283 3.665201 2.491085 9.610471 
2.509932 10.091363 2.479556 9.859619 2.498198 3.981723 2.495130 10.616419 2.494208 3.602047 
2.501444 4.158320 2.483960 3.578365 2.497996 3.843180 2.493676 10.040968 2.492265 10.256778 
2.501574 3.885463 2.494924 3.728795 2.515152 10.722121 2.493427 10.904015 2.504289 8.860134 
2.487660 3.985060 2.501035 3.794176 2.483142 4.306238 2.516984 10.169813 2.497880 3.116388 
2.519956 3.933511 2.515677 10.777262 2.482014 10.412605 2.497702 3.781631 2.494895 9.571865 
2.506094 4.903957 2.483199 3.976020 2.509103 10.380150 2.486480 3.627202 2.498446 3.104307 
2.499768 3.186126 2.496182 9.334446 2.520480 3.367214 2.518841 3.881171 2.502427 10.662803 
2.494573 10.909007 2.499826 4.191794 2.502788 10.791575 2.503485 4.015360 2.490042 9.648302 
2.514019 10.991583 2.496578 3.563004 2.487802 4.696021 2.506320 10.643476 2.510818 9.710702 
2.503592 3.489626 2.523129 3.368814 2.514693 3.379269 2.471583 3.334585 2.486639 5.030839 
2.519860 10.084623 2.469159 10.361146 2.507205 3.266686 2.484386 10.307466 2.508144 10.743438 

Avg Classes:
2.501062 6.987991 2.500831 7.004122 2.500320 6.993248 2.501601 6.996249 2.500578 6.990609 
2.499498 7.005723 2.498374 7.006795 2.501292 7.002107 2.499690 7.004367 2.498954 6.983451 
2.499895 6.977804 2.500798 6.985700 2.497879 6.992608 2.496556 7.012830 2.497165 6.990719 
2.505279 7.053359 2.508546 7.025330 2.503622 7.027224 2.496757 7.017660 2.492969 7.021495 
2.515058 7.299356 2.473616 7.259717 2.514286 7.283912 2.472844 7.284170 2.470785 7.327413 
2.523547 7.069138 2.523547 7.098196 2.523547 7.013026 2.523547 6.972445 2.523547 6.891283 
2.484551 7.143258 2.502809 7.093399 2.549157 7.078652 2.497893 7.214185 2.465590 7.115169 
2.417391 6.704348 2.482609 6.821739 2.565217 6.452174 2.560870 6.960870 2.504348 6.700000 
2.416667 8.583333 2.416667 7.583333 2.416667 8.166667 2.416667 7.083333 2.416667 7.333333 
3.333333 7.666667 3.333333 7.666667 3.333333 12.000000 3.333333 8.000000 3.333333 11.666667 

Cluster 0 is class 8
Cluster 1 is class 0
Cluster 2 is class 0
Cluster 3 is class 0
Cluster 4 is class 9
Cluster 5 is class 0
Cluster 6 is class 0
Cluster 7 is class 0
Cluster 8 is class 0
Cluster 9 is class 4
Cluster 10 is class 0
Cluster 11 is class 7
Cluster 12 is class 0
Cluster 13 is class 7
Cluster 14 is class 0
Cluster 15 is class 0
Cluster 16 is class 0
Cluster 17 is class 8
Cluster 18 is class 0
Cluster 19 is class 7
Cluster 20 is class 0

Overall Accuracy is 0.352619

