----------------------------For Number of clusters 27----------------------------
Avg Clusters:
2.501146 3.942966 2.525415 10.076862 2.502221 4.100991 2.488456 9.452201 2.504248 10.146586 
2.495345 9.706076 2.505625 3.991876 2.495830 4.035988 2.506895 9.922825 2.498872 3.835437 
2.475573 10.000587 2.511504 4.177773 2.512436 11.029693 2.484262 9.343373 2.488333 4.682290 
2.489342 4.243587 2.503281 10.012919 2.499703 4.375130 2.527265 3.574344 2.486062 4.266422 
2.502921 4.114052 2.509465 4.233477 2.490847 10.140016 2.498232 10.037119 2.496962 10.134097 
2.512420 3.834182 2.501061 3.071668 2.496347 4.033913 2.481241 5.081707 2.494910 4.344198 
2.501950 10.820749 2.461505 9.224674 2.494938 3.738782 2.506019 9.694651 2.501520 10.205600 
2.488499 4.607638 2.483668 3.225368 2.499933 3.182050 2.487694 10.258166 2.508360 9.922623 
2.508638 4.496084 2.468942 5.231023 2.481309 10.822046 2.503939 3.373255 2.494752 3.853489 
2.495547 10.080501 2.499902 3.995667 2.496091 9.921241 2.501513 3.813326 2.500729 10.129907 
2.492639 10.391135 2.518197 10.313485 2.509655 9.864510 2.505180 4.028034 2.515221 3.855377 
2.496973 3.503117 2.527182 10.954837 2.500330 10.478243 2.492837 6.398645 2.506054 3.881473 
2.495140 10.811074 2.496472 9.171130 2.508685 3.039842 2.493610 3.931678 2.478563 4.089631 
2.506973 10.285003 2.505774 3.870311 2.499700 3.224004 2.490159 3.935768 2.509554 9.867313 
2.509387 3.769083 2.519440 10.258907 2.488937 9.794634 2.506751 3.826295 2.488296 10.691051 
2.517593 3.286263 2.514714 4.147406 2.509538 9.349570 2.495871 10.687013 2.507474 3.249913 
2.499760 10.692631 2.492867 3.058724 2.505290 7.587975 2.504958 3.291370 2.490250 3.176503 
2.497887 9.616507 2.486589 10.800971 2.496299 4.420865 2.498097 10.708215 2.500584 3.676057 
2.501647 8.596890 2.491660 10.978720 2.513214 3.601112 2.486786 3.279929 2.492003 10.644426 
2.506577 9.527605 2.508014 10.280269 2.511545 10.544165 2.509077 10.244524 2.503046 10.272707 
2.509441 10.874474 2.499440 3.060504 2.507742 7.563690 2.505502 10.727325 2.506545 10.667825 
2.501905 10.812692 2.512357 10.473242 2.462418 10.173511 2.509709 3.520440 2.497770 10.447273 
2.514237 3.295736 2.472318 5.157565 2.514787 3.947283 2.534525 3.267779 2.521871 10.801307 
2.505053 3.071849 2.482349 9.419464 2.498823 3.645982 2.497093 10.726587 2.505434 3.477296 
2.524504 9.043045 2.445588 10.493758 2.525715 10.831501 2.504519 10.924951 2.511274 3.153964 
2.488221 3.502178 2.508523 3.086410 2.516178 10.424988 2.487332 3.601785 2.483061 10.225944 
2.502986 2.908336 2.497500 10.737729 2.505171 10.536049 2.511337 11.190950 2.507453 7.429043 

Avg Classes:
2.501062 6.987991 2.500831 7.004122 2.500320 6.993248 2.501601 6.996249 2.500578 6.990609 
2.499498 7.005723 2.498374 7.006795 2.501292 7.002107 2.499690 7.004367 2.498954 6.983451 
2.499895 6.977804 2.500798 6.985700 2.497879 6.992608 2.496556 7.012830 2.497165 6.990719 
2.505279 7.053359 2.508546 7.025330 2.503622 7.027224 2.496757 7.017660 2.492969 7.021495 
2.515058 7.299356 2.473616 7.259717 2.514286 7.283912 2.472844 7.284170 2.470785 7.327413 
2.523547 7.069138 2.523547 7.098196 2.523547 7.013026 2.523547 6.972445 2.523547 6.891283 
2.484551 7.143258 2.502809 7.093399 2.549157 7.078652 2.497893 7.214185 2.465590 7.115169 
2.417391 6.704348 2.482609 6.821739 2.565217 6.452174 2.560870 6.960870 2.504348 6.700000 
2.416667 8.583333 2.416667 7.583333 2.416667 8.166667 2.416667 7.083333 2.416667 7.333333 
3.333333 7.666667 3.333333 7.666667 3.333333 12.000000 3.333333 8.000000 3.333333 11.666667 

Cluster 0 is class 0
Cluster 1 is class 0
Cluster 2 is class 8
Cluster 3 is class 0
Cluster 4 is class 0
Cluster 5 is class 0
Cluster 6 is class 0
Cluster 7 is class 0
Cluster 8 is class 0
Cluster 9 is class 0
Cluster 10 is class 8
Cluster 11 is class 5
Cluster 12 is class 0
Cluster 13 is class 0
Cluster 14 is class 9
Cluster 15 is class 0
Cluster 16 is class 0
Cluster 17 is class 0
Cluster 18 is class 0
Cluster 19 is class 9
Cluster 20 is class 0
Cluster 21 is class 8
Cluster 22 is class 0
Cluster 23 is class 0
Cluster 24 is class 8
Cluster 25 is class 0
Cluster 26 is class 0

Overall Accuracy is 0.383557

