----------------------------For Number of clusters 87----------------------------
Avg Clusters:
2.518918 4.415675 2.542633 10.798332 2.482961 10.778329 2.510821 4.484166 2.470622 11.157131 
2.482055 3.166577 2.495757 4.346483 2.523368 3.516703 2.512729 10.315354 2.515130 6.676781 
2.508261 10.732492 2.530886 3.725451 2.477094 3.456393 2.529994 7.309285 2.513378 3.476483 
2.510110 2.515729 2.529447 3.434852 2.508016 5.271941 2.450774 3.767341 2.478155 3.662002 
2.513418 2.959897 2.505498 9.599828 2.474627 11.250000 2.470188 10.724828 2.509685 3.980075 
2.524376 3.158558 2.507977 3.018622 2.505014 10.001828 2.511435 10.562756 2.472956 3.655322 
2.500926 3.751253 2.485400 9.404554 2.499728 11.040423 2.521464 3.091741 2.502070 2.814230 
2.492508 3.597532 2.521948 10.512913 2.510577 3.511591 2.503658 10.925562 2.492816 10.485765 
2.517326 5.540957 2.479209 2.930754 2.501250 10.965633 2.504204 3.386446 2.519768 3.130993 
2.513049 11.426488 2.465800 4.101770 2.492188 9.627036 2.503574 10.442030 2.511719 9.682680 
2.490596 11.359204 2.476193 3.461375 2.498420 10.161494 2.511217 5.027512 2.498368 2.971504 
2.503702 10.492177 2.501030 3.661433 2.481154 7.720394 2.501754 11.285897 2.481098 3.302210 
2.479666 9.538175 2.491499 10.875437 2.489496 3.928169 2.494573 11.336004 2.501700 4.219360 
2.526181 9.503397 2.523829 10.234323 2.509824 10.201244 2.507368 10.407191 2.505173 11.393395 
2.469271 10.320715 2.539024 5.698967 2.508634 11.825805 2.501320 9.864942 2.468064 3.379006 
2.456782 8.467380 2.497229 7.986874 2.533398 10.305299 2.529703 11.200389 2.535634 6.833350 
2.504137 11.046801 2.494095 10.085644 2.479315 7.729742 2.508621 3.250489 2.473757 11.141350 
2.483451 9.978733 2.524576 6.543654 2.505968 2.927756 2.498514 4.089184 2.529685 10.849309 
2.507395 10.970157 2.503697 10.451935 2.510828 7.318038 2.487125 6.736828 2.498547 2.977024 
2.487123 10.667532 2.550311 10.512467 2.505841 11.237926 2.519639 3.291277 2.515131 3.221805 
2.512494 3.209057 2.468370 3.952578 2.510404 3.748769 2.531026 3.179749 2.521273 10.682164 
2.532298 3.598431 2.493310 3.441556 2.494309 3.057598 2.466549 10.380498 2.512842 11.640726 
2.512961 10.362199 2.507335 6.763139 2.498220 11.543085 2.500000 4.014172 2.517092 10.428571 
2.557189 8.679483 2.510258 2.586430 2.514943 3.846123 2.475202 2.667771 2.480775 8.327544 
2.510772 2.907719 2.492809 10.350807 2.488348 3.117171 2.481597 10.528559 2.521221 3.328970 
2.482050 3.516339 2.497155 4.588289 2.523186 11.227582 2.494537 10.419969 2.492775 10.760284 
2.519829 10.896385 2.465277 10.516734 2.507272 3.279306 2.509199 10.265872 2.509433 10.861398 
2.479429 11.216056 2.560093 5.663991 2.507140 3.749054 2.511308 10.498881 2.468622 8.286993 
2.494585 2.832419 2.524262 10.883896 2.500422 10.376231 2.492827 10.513080 2.512377 10.466034 
2.502087 2.926170 2.474896 10.365579 2.476214 3.469622 2.522852 3.470776 2.482037 7.235168 
2.473904 2.678577 2.557503 10.783113 2.482021 7.344864 2.517827 5.478076 2.476028 3.899408 
2.495445 4.411974 2.481041 9.986811 2.535965 2.845380 2.542039 2.797310 2.466030 2.499436 
2.531367 8.124397 2.496157 2.727435 2.488919 10.521448 2.494727 6.396693 2.521626 7.453262 
2.503675 4.767852 2.545530 3.092559 2.460171 3.458371 2.503225 10.820582 2.511851 2.485074 
2.510247 10.938921 2.495861 4.259905 2.524070 3.652415 2.489191 2.342843 2.462188 3.051917 
2.498117 3.124425 2.506417 3.102873 2.480053 10.454736 2.459130 3.612638 2.465755 11.010462 
2.481578 3.339230 2.500209 10.300816 2.502931 6.673226 2.502303 10.367385 2.498221 6.780929 
2.458976 7.569243 2.509859 2.930530 2.485154 10.180984 2.548504 2.343495 2.514506 10.800884 
2.498561 3.066804 2.469065 5.114183 2.469579 9.271942 2.538027 2.621377 2.457348 6.764029 
2.475375 3.687639 2.505635 11.276422 2.498447 4.846393 2.526311 2.898926 2.487177 11.573343 
2.497456 10.440740 2.482303 6.564455 2.511094 2.704513 2.497565 11.158350 2.530036 2.600173 
2.499199 10.779869 2.463725 10.791160 2.502723 3.025705 2.478139 3.238709 2.507367 3.176970 
2.452942 11.652131 2.483510 3.496877 2.475074 7.173661 2.483510 3.117563 2.481757 7.520543 
2.519281 6.277029 2.537379 7.553702 2.463922 10.460256 2.511001 6.017861 2.523421 6.599953 
2.517930 5.606972 2.431109 7.323304 2.591429 7.606306 2.534140 10.499167 2.514378 2.361275 
2.512872 6.901549 2.523331 10.960780 2.475664 2.661706 2.470636 7.132241 2.493162 8.069187 
2.507996 6.796462 2.494669 11.901987 2.534650 10.684395 2.450812 6.573298 2.514296 6.701963 
2.456685 7.901477 2.552203 7.223335 2.517526 2.967076 2.480471 3.883575 2.504507 5.439910 
2.429382 11.623203 2.473266 2.306053 2.471122 2.824086 2.519924 5.262043 2.490794 10.502018 
2.491567 11.094557 2.482494 2.983389 2.534373 7.714797 2.475978 4.650907 2.512395 11.979555 
2.513069 8.044753 2.564580 11.500574 2.528752 4.253474 2.505036 2.482596 2.464746 8.306133 
2.450963 11.720269 2.514048 2.420216 2.503623 11.899629 2.459268 3.397597 2.437180 9.450786 
2.506539 2.982019 2.493564 7.353085 2.516040 6.470065 2.458827 6.907131 2.525746 11.021659 
2.509951 10.409770 2.467003 2.683078 2.466717 3.562042 2.473003 10.540234 2.546900 11.551757 
2.459711 2.658962 2.452608 2.486699 2.510718 10.732825 2.466555 6.759427 2.558368 7.466038 
2.502248 6.555300 2.517334 2.801379 2.521930 7.089619 2.544810 11.289639 2.458088 10.082126 
2.507786 7.502375 2.495645 6.754421 2.495513 2.700317 2.441673 11.230932 2.477171 10.144629 
2.467136 7.202195 2.518769 2.452771 2.562542 11.488955 2.434476 11.292994 2.539097 4.684239 
2.499933 2.604320 2.534281 7.557091 2.537368 11.085871 2.540990 2.668456 2.525829 10.330337 
2.524092 6.265084 2.469267 11.094249 2.454854 3.109651 2.523103 6.974283 2.499505 2.550374 
2.530958 4.842875 2.484754 11.971531 2.503423 7.900747 2.476509 10.918326 2.520691 2.408992 
2.461667 3.194820 2.432934 6.035691 2.488339 2.663961 2.529957 6.928489 2.471975 3.091097 
2.468169 9.964507 2.513380 5.670423 2.500986 11.337324 2.526338 2.074225 2.486620 4.997042 
2.513536 6.933415 2.484824 2.889527 2.485781 6.795324 2.451463 6.247471 2.478944 2.879136 
2.512543 11.644735 2.511191 10.822743 2.493616 2.309148 2.521406 7.862551 2.450503 4.571879 
2.514135 7.455837 2.505200 7.688589 2.521752 7.115863 2.489527 2.547385 2.478102 3.032664 
2.551693 6.469258 2.415667 11.271444 2.418552 6.337027 2.502201 8.146652 2.483984 11.485957 
2.484835 5.628791 2.522711 2.900740 2.458424 2.397910 2.490059 3.018575 2.534465 4.120302 
2.577539 11.814322 2.475489 8.936238 2.479494 7.388337 2.449215 2.879045 2.525793 5.527555 
2.522158 3.326642 2.449557 11.554353 2.498566 10.654588 2.463504 2.499479 2.490746 6.992961 
2.509417 3.374828 2.481243 9.251263 2.560557 1.888685 2.533762 5.653499 2.561323 11.469913 
2.495007 10.632452 2.470485 11.417034 2.499706 2.545521 2.499706 3.495448 2.489721 11.639794 
2.511652 6.547992 2.555234 3.001712 2.497959 2.770244 2.465306 6.872284 2.436471 10.087426 
2.470023 11.592195 2.500566 11.080741 2.516261 7.239678 2.484304 7.370334 2.471578 8.715498 
2.455942 7.065161 2.470011 11.985746 2.517031 7.538689 2.522769 2.939467 2.530174 2.893558 
2.546045 2.132062 2.502966 3.636864 2.485311 7.397881 2.563418 11.164266 2.429379 10.212288 
2.524770 6.136589 2.458068 2.943560 2.521585 7.848726 2.514685 6.653574 2.539455 11.163836 
2.460340 2.192511 2.538374 6.342290 2.506646 10.889238 2.479348 7.166357 2.498785 3.681435 
2.495953 7.664774 2.517535 11.062189 2.511714 11.743859 2.511856 8.764589 2.499645 2.390885 
2.437257 11.669489 2.484314 11.482926 2.504720 11.006385 2.526097 10.156302 2.488062 6.665741 
2.498599 10.458695 2.492593 11.519018 2.496196 11.521687 2.507941 2.811958 2.535433 8.633258 
2.531447 11.941929 2.484696 10.620335 2.508805 2.864990 2.543816 3.228092 2.530189 7.525996 
2.472507 10.258832 2.409117 2.136325 2.536610 2.761823 2.477066 11.411681 2.532194 5.772080 
2.496443 6.884316 2.493225 7.395664 2.507453 7.224424 2.487636 2.772019 2.556064 11.086213 
2.549176 8.541961 2.538869 3.580978 2.494552 11.839075 2.473351 9.342020 2.478062 11.748528 
2.498307 6.843983 2.482502 11.624972 2.538948 9.164371 2.532400 11.913524 2.466697 7.175886 
2.534836 11.305328 2.427018 10.433008 2.527900 10.156211 2.490227 11.598991 2.540826 2.254887 

Avg Classes:
2.501062 6.987991 2.500831 7.004122 2.500320 6.993248 2.501601 6.996249 2.500578 6.990609 
2.499498 7.005723 2.498374 7.006795 2.501292 7.002107 2.499690 7.004367 2.498954 6.983451 
2.499895 6.977804 2.500798 6.985700 2.497879 6.992608 2.496556 7.012830 2.497165 6.990719 
2.505279 7.053359 2.508546 7.025330 2.503622 7.027224 2.496757 7.017660 2.492969 7.021495 
2.515058 7.299356 2.473616 7.259717 2.514286 7.283912 2.472844 7.284170 2.470785 7.327413 
2.523547 7.069138 2.523547 7.098196 2.523547 7.013026 2.523547 6.972445 2.523547 6.891283 
2.484551 7.143258 2.502809 7.093399 2.549157 7.078652 2.497893 7.214185 2.465590 7.115169 
2.417391 6.704348 2.482609 6.821739 2.565217 6.452174 2.560870 6.960870 2.504348 6.700000 
2.416667 8.583333 2.416667 7.583333 2.416667 8.166667 2.416667 7.083333 2.416667 7.333333 
3.333333 7.666667 3.333333 7.666667 3.333333 12.000000 3.333333 8.000000 3.333333 11.666667 

Cluster 0 is class 9
Cluster 1 is class 0
Cluster 2 is class 7
Cluster 3 is class 0
Cluster 4 is class 2
Cluster 5 is class 0
Cluster 6 is class 0
Cluster 7 is class 0
Cluster 8 is class 0
Cluster 9 is class 4
Cluster 10 is class 0
Cluster 11 is class 0
Cluster 12 is class 0
Cluster 13 is class 9
Cluster 14 is class 8
Cluster 15 is class 8
Cluster 16 is class 8
Cluster 17 is class 3
Cluster 18 is class 8
Cluster 19 is class 8
Cluster 20 is class 0
Cluster 21 is class 0
Cluster 22 is class 8
Cluster 23 is class 0
Cluster 24 is class 7
Cluster 25 is class 9
Cluster 26 is class 4
Cluster 27 is class 0
Cluster 28 is class 9
Cluster 29 is class 7
Cluster 30 is class 0
Cluster 31 is class 7
Cluster 32 is class 0
Cluster 33 is class 7
Cluster 34 is class 0
Cluster 35 is class 0
Cluster 36 is class 0
Cluster 37 is class 0
Cluster 38 is class 0
Cluster 39 is class 0
Cluster 40 is class 7
Cluster 41 is class 0
Cluster 42 is class 8
Cluster 43 is class 0
Cluster 44 is class 2
Cluster 45 is class 0
Cluster 46 is class 4
Cluster 47 is class 7
Cluster 48 is class 0
Cluster 49 is class 0
Cluster 50 is class 0
Cluster 51 is class 8
Cluster 52 is class 0
Cluster 53 is class 0
Cluster 54 is class 0
Cluster 55 is class 0
Cluster 56 is class 0
Cluster 57 is class 4
Cluster 58 is class 9
Cluster 59 is class 7
Cluster 60 is class 0
Cluster 61 is class 7
Cluster 62 is class 8
Cluster 63 is class 0
Cluster 64 is class 5
Cluster 65 is class 5
Cluster 66 is class 4
Cluster 67 is class 0
Cluster 68 is class 8
Cluster 69 is class 0
Cluster 70 is class 7
Cluster 71 is class 0
Cluster 72 is class 0
Cluster 73 is class 8
Cluster 74 is class 0
Cluster 75 is class 0
Cluster 76 is class 0
Cluster 77 is class 0
Cluster 78 is class 0
Cluster 79 is class 8
Cluster 80 is class 8
Cluster 81 is class 8
Cluster 82 is class 0
Cluster 83 is class 0
Cluster 84 is class 9
Cluster 85 is class 4
Cluster 86 is class 4

Overall Accuracy is 0.270014

