----------------------------For Number of clusters 10----------------------------
Avg Clusters:
2.496493 3.839762 2.510696 8.612210 2.494924 10.246170 2.511944 3.952377 2.500916 7.188476 
2.493415 10.083441 2.493085 3.972025 2.501995 8.130572 2.496569 4.461403 2.498503 9.632245 
2.498374 5.321687 2.493146 10.292815 2.501361 4.972061 2.504629 10.219704 2.497065 4.277207 
2.498904 10.725406 2.498037 9.316368 2.505861 7.925440 2.505013 4.819228 2.495015 3.462296 
2.501781 5.619826 2.514350 3.764698 2.508495 10.412190 2.485087 10.122456 2.502057 4.573920 
2.496850 10.623663 2.496118 4.476929 2.487262 3.624651 2.510321 10.046978 2.509356 5.944189 
2.511369 6.849061 2.499913 10.282104 2.505860 3.393514 2.497724 4.982058 2.491869 10.383331 
2.503123 8.329183 2.499403 9.519586 2.509000 10.047956 2.498642 10.452082 2.503427 10.251168 
2.506700 4.567021 2.499699 4.138566 2.503568 4.152140 2.494973 3.890965 2.490904 4.081886 
2.504909 3.679076 2.491342 4.058838 2.490030 4.754594 2.492203 9.575895 2.507797 10.544416 

Avg Classes:
2.501062 6.987991 2.500831 7.004122 2.500320 6.993248 2.501601 6.996249 2.500578 6.990609 
2.499498 7.005723 2.498374 7.006795 2.501292 7.002107 2.499690 7.004367 2.498954 6.983451 
2.499895 6.977804 2.500798 6.985700 2.497879 6.992608 2.496556 7.012830 2.497165 6.990719 
2.505279 7.053359 2.508546 7.025330 2.503622 7.027224 2.496757 7.017660 2.492969 7.021495 
2.515058 7.299356 2.473616 7.259717 2.514286 7.283912 2.472844 7.284170 2.470785 7.327413 
2.523547 7.069138 2.523547 7.098196 2.523547 7.013026 2.523547 6.972445 2.523547 6.891283 
2.484551 7.143258 2.502809 7.093399 2.549157 7.078652 2.497893 7.214185 2.465590 7.115169 
2.417391 6.704348 2.482609 6.821739 2.565217 6.452174 2.560870 6.960870 2.504348 6.700000 
2.416667 8.583333 2.416667 7.583333 2.416667 8.166667 2.416667 7.083333 2.416667 7.333333 
3.333333 7.666667 3.333333 7.666667 3.333333 12.000000 3.333333 8.000000 3.333333 11.666667 

Cluster 0 is class 0
Cluster 1 is class 0
Cluster 2 is class 0
Cluster 3 is class 5
Cluster 4 is class 0
Cluster 5 is class 0
Cluster 6 is class 0
Cluster 7 is class 9
Cluster 8 is class 7
Cluster 9 is class 0

Overall Accuracy is 0.399657

