----------------------------For Number of clusters 65----------------------------
Avg Clusters:
2.500611 4.093204 2.544015 10.108127 2.496006 9.758819 2.489554 10.281459 2.515022 10.513686 
2.475249 3.840549 2.496220 7.507123 2.526860 6.152646 2.491047 6.370752 2.523359 4.024473 
2.501721 6.483582 2.495650 9.988894 2.515307 11.103765 2.497760 9.978862 2.514752 3.194536 
2.479885 9.856048 2.516577 3.625691 2.494486 7.207338 2.499948 11.192600 2.481637 4.581338 
2.487094 3.557840 2.487505 3.534326 2.486766 8.635685 2.492019 2.864254 2.504165 10.341335 
2.509924 3.835838 2.510933 6.996860 2.518446 11.795246 2.527697 3.892016 2.478471 9.935075 
2.467098 10.112092 2.512934 6.744956 2.499979 3.549734 2.511366 2.869920 2.470729 4.604150 
2.521870 4.348328 2.486449 11.426844 2.515695 10.184177 2.466038 3.223456 2.504846 7.857890 
2.514951 10.240666 2.476871 11.008890 2.496072 4.340133 2.490286 3.597705 2.487894 10.109908 
2.530492 11.209986 2.474715 4.848395 2.513695 10.594544 2.510128 8.911805 2.492974 9.968402 
2.501864 10.675822 2.514062 10.231070 2.515851 10.245415 2.497301 3.918642 2.511527 3.660314 
2.474649 10.299759 2.544888 4.232977 2.509114 11.714121 2.484391 10.055049 2.502409 3.268647 
2.507732 7.686901 2.518234 3.404732 2.501789 9.597750 2.502770 11.538200 2.529083 11.033295 
2.519409 5.017517 2.464296 7.011639 2.516091 10.703079 2.527440 2.750335 2.487691 3.260141 
2.471448 2.950025 2.529776 11.474401 2.475049 9.786131 2.542450 3.945705 2.508893 2.714337 
2.491345 10.762841 2.518608 10.288100 2.476440 10.681619 2.494363 3.993161 2.510353 10.598132 
2.504075 3.334637 2.517722 3.217736 2.494947 7.111546 2.505705 10.752597 2.465279 3.886312 
2.480365 3.989668 2.527658 8.853627 2.497585 2.976353 2.514175 11.338443 2.484481 9.015624 
2.509832 4.130878 2.480614 3.108478 2.504035 3.689222 2.484603 10.976950 2.500093 10.512661 
2.482891 8.376569 2.485298 11.436465 2.493552 3.586347 2.517682 3.404998 2.499971 3.562733 
2.493481 11.241499 2.472721 10.635936 2.514905 9.291916 2.511633 10.716930 2.502633 4.766835 
2.488081 3.012078 2.449367 4.226877 2.511093 11.087979 2.507406 11.267052 2.511919 7.847562 
2.499732 3.809322 2.490810 8.386183 2.530740 3.009946 2.519867 3.026425 2.524548 10.504510 
2.504472 10.965728 2.524338 9.154673 2.482864 3.028210 2.524578 8.435268 2.475902 7.098313 
2.468522 7.287787 2.455310 9.315115 2.520976 3.254136 2.449890 11.060471 2.511095 2.863475 
2.510144 10.391978 2.461732 10.263755 2.538736 4.486757 2.467345 10.682687 2.506753 11.569374 
2.491310 10.521619 2.505935 3.434241 2.521354 2.528137 2.519659 10.004133 2.526017 3.434877 
2.482516 3.110476 2.487740 4.014001 2.488437 2.295277 2.493313 10.237949 2.529535 3.542421 
2.485483 10.840231 2.491099 3.706071 2.487280 3.242377 2.490594 10.885719 2.514461 10.326276 
2.527083 10.362305 2.505888 2.630998 2.518619 4.816897 2.493156 6.083898 2.510009 11.320577 
2.490921 3.115085 2.508686 3.097398 2.507586 10.154390 2.491471 8.539502 2.488562 11.660011 
2.462000 6.712000 2.532400 11.699900 2.437800 6.526600 2.483900 8.009200 2.526900 4.634000 
2.522281 11.734081 2.497455 10.727641 2.462761 3.674873 2.520100 10.668121 2.497663 2.720681 
2.498915 10.825434 2.534129 4.302581 2.513085 10.876025 2.510070 2.808611 2.452545 7.016522 
2.517888 10.625460 2.466148 4.397135 2.497667 7.460991 2.514449 6.534261 2.508146 2.604585 
2.525036 2.220029 2.478093 10.713690 2.503531 10.736399 2.490210 9.507463 2.476007 5.760953 
2.452330 9.857395 2.484871 3.135169 2.508945 10.135684 2.514614 3.014430 2.533166 11.604064 
2.513452 2.898339 2.503381 11.515878 2.481476 3.137239 2.553514 4.818068 2.513452 7.387386 
2.515508 6.314494 2.503454 2.732324 2.452521 3.405777 2.483316 4.494047 2.500147 3.056446 
2.518283 2.921967 2.453135 7.922512 2.464477 4.841666 2.462662 7.864441 2.532257 11.341258 
2.504891 11.024453 2.509398 2.999425 2.446778 2.722382 2.483890 5.063387 2.492328 7.184311 
2.517623 2.656338 2.505391 10.535472 2.519797 6.807828 2.506297 11.599529 2.516626 3.270363 
2.458089 9.494384 2.480469 2.654987 2.509053 10.974267 2.476530 3.515339 2.520956 2.579128 
2.521400 10.185569 2.503863 10.868897 2.499768 10.898177 2.549676 10.605532 2.478909 10.582741 
2.542755 3.358093 2.538014 4.239894 2.512727 11.569622 2.468308 9.786059 2.496673 2.399434 
2.525457 6.843139 2.518489 3.152269 2.524270 3.328292 2.478264 2.533296 2.460211 10.308655 
2.590677 6.527629 2.530915 3.820351 2.487585 7.216407 2.507181 7.264727 2.458861 9.667965 
2.472286 10.850087 2.446115 2.264394 2.481143 7.496041 2.487988 4.116629 2.491478 6.785666 
2.457754 11.656656 2.499328 5.200807 2.488570 3.435455 2.501681 2.431757 2.556477 11.000000 
2.516151 3.188647 2.477647 9.862520 2.501077 3.150314 2.491687 3.000086 2.433543 2.683005 
2.550357 2.760831 2.498437 11.206677 2.446293 2.396606 2.536735 9.719964 2.529812 3.380304 
2.470595 3.797536 2.483021 3.065774 2.486663 2.828923 2.539582 6.582003 2.417890 7.528977 
2.530374 11.653686 2.495457 10.252077 2.552570 3.148494 2.454829 5.587098 2.500000 2.461059 
2.495713 3.202100 2.557364 11.270783 2.487911 7.139967 2.529525 3.451691 2.424429 11.713708 
2.480667 6.394681 2.475326 2.592502 2.470946 11.144093 2.499145 6.723029 2.513993 6.544008 
2.512308 2.826548 2.496686 2.820394 2.457773 7.352490 2.472070 3.158682 2.480970 3.428328 
2.470432 1.967068 2.494254 3.192545 2.530409 11.066844 2.489490 5.638453 2.548066 6.660314 
2.541113 11.239480 2.490587 3.017580 2.531008 5.340670 2.491417 2.487680 2.486157 2.454596 
2.551537 3.257259 2.475463 3.002717 2.499575 11.781117 2.528103 3.479708 2.497708 2.710307 
2.503803 8.969331 2.524997 7.538711 2.473258 2.657399 2.514150 6.607780 2.502930 11.467149 
2.510027 2.581044 2.468956 2.738187 2.497390 3.018819 2.521016 5.311676 2.542720 11.577885 
2.521819 6.785986 2.512354 8.673632 2.430363 9.611801 2.541979 3.421758 2.477197 11.658513 
2.516749 2.610303 2.547711 4.380889 2.530762 2.601895 2.469238 2.536100 2.513679 5.018284 
2.524148 4.699082 2.500437 11.988418 2.549716 3.030267 2.456840 8.726399 2.489401 11.220717 
2.494078 9.759788 2.485022 11.343180 2.501184 3.542706 2.530444 11.815800 2.500209 7.610004 

Avg Classes:
2.501062 6.987991 2.500831 7.004122 2.500320 6.993248 2.501601 6.996249 2.500578 6.990609 
2.499498 7.005723 2.498374 7.006795 2.501292 7.002107 2.499690 7.004367 2.498954 6.983451 
2.499895 6.977804 2.500798 6.985700 2.497879 6.992608 2.496556 7.012830 2.497165 6.990719 
2.505279 7.053359 2.508546 7.025330 2.503622 7.027224 2.496757 7.017660 2.492969 7.021495 
2.515058 7.299356 2.473616 7.259717 2.514286 7.283912 2.472844 7.284170 2.470785 7.327413 
2.523547 7.069138 2.523547 7.098196 2.523547 7.013026 2.523547 6.972445 2.523547 6.891283 
2.484551 7.143258 2.502809 7.093399 2.549157 7.078652 2.497893 7.214185 2.465590 7.115169 
2.417391 6.704348 2.482609 6.821739 2.565217 6.452174 2.560870 6.960870 2.504348 6.700000 
2.416667 8.583333 2.416667 7.583333 2.416667 8.166667 2.416667 7.083333 2.416667 7.333333 
3.333333 7.666667 3.333333 7.666667 3.333333 12.000000 3.333333 8.000000 3.333333 11.666667 

Cluster 0 is class 9
Cluster 1 is class 0
Cluster 2 is class 4
Cluster 3 is class 0
Cluster 4 is class 0
Cluster 5 is class 9
Cluster 6 is class 0
Cluster 7 is class 0
Cluster 8 is class 0
Cluster 9 is class 8
Cluster 10 is class 8
Cluster 11 is class 1
Cluster 12 is class 9
Cluster 13 is class 5
Cluster 14 is class 0
Cluster 15 is class 8
Cluster 16 is class 7
Cluster 17 is class 7
Cluster 18 is class 0
Cluster 19 is class 0
Cluster 20 is class 8
Cluster 21 is class 0
Cluster 22 is class 0
Cluster 23 is class 0
Cluster 24 is class 7
Cluster 25 is class 0
Cluster 26 is class 7
Cluster 27 is class 7
Cluster 28 is class 4
Cluster 29 is class 0
Cluster 30 is class 9
Cluster 31 is class 0
Cluster 32 is class 0
Cluster 33 is class 8
Cluster 34 is class 0
Cluster 35 is class 0
Cluster 36 is class 8
Cluster 37 is class 0
Cluster 38 is class 7
Cluster 39 is class 0
Cluster 40 is class 0
Cluster 41 is class 7
Cluster 42 is class 0
Cluster 43 is class 9
Cluster 44 is class 0
Cluster 45 is class 0
Cluster 46 is class 0
Cluster 47 is class 0
Cluster 48 is class 0
Cluster 49 is class 0
Cluster 50 is class 0
Cluster 51 is class 0
Cluster 52 is class 0
Cluster 53 is class 0
Cluster 54 is class 0
Cluster 55 is class 0
Cluster 56 is class 0
Cluster 57 is class 0
Cluster 58 is class 0
Cluster 59 is class 0
Cluster 60 is class 0
Cluster 61 is class 9
Cluster 62 is class 7
Cluster 63 is class 0
Cluster 64 is class 0

Overall Accuracy is 0.292390

