----------------------------For Number of clusters 59----------------------------
Avg Clusters:
2.509065 9.554924 2.488002 10.263805 2.510902 3.513242 2.488269 3.719546 2.513627 10.486432 
2.466969 5.130296 2.533641 10.916984 2.476570 10.842274 2.484380 5.817624 2.563510 3.414393 
2.495213 3.963590 2.521123 4.658469 2.491867 4.497598 2.478663 11.306011 2.487739 6.547069 
2.510371 3.789453 2.522798 10.678414 2.517636 3.327645 2.465455 9.545241 2.521964 10.089060 
2.502739 10.286956 2.488639 10.002333 2.518529 9.696004 2.494827 10.786279 2.501522 9.813092 
2.515700 11.344373 2.464363 9.175339 2.501290 7.111966 2.499734 9.011258 2.474598 2.973022 
2.516074 4.527912 2.527761 10.442436 2.487027 9.907753 2.496634 3.119667 2.484493 10.954198 
2.500971 4.411788 2.497455 3.478332 2.518654 10.887575 2.506497 10.716879 2.505559 9.581145 
2.514990 10.492543 2.514380 3.441490 2.499588 3.851749 2.490042 4.361737 2.491781 3.742231 
2.498749 4.946591 2.503232 2.683369 2.483599 10.297067 2.488985 4.054729 2.466606 5.116408 
2.504448 4.268788 2.485893 3.234898 2.491697 9.495425 2.497628 2.994239 2.502288 10.977421 
2.507655 11.068281 2.499485 3.277606 2.495998 4.800173 2.503670 9.481087 2.505330 10.165089 
2.525596 8.942310 2.478794 9.244100 2.507354 11.476514 2.508608 11.177403 2.522175 3.304868 
2.492133 10.927948 2.523119 10.507385 2.501950 9.910286 2.500241 2.957663 2.504142 3.829162 
2.492544 10.458810 2.486959 7.678246 2.502150 2.846132 2.491483 11.162860 2.534990 9.222564 
2.486055 9.618152 2.503913 3.115320 2.506464 3.364682 2.487569 3.182687 2.499416 10.410083 
2.514434 3.458491 2.490703 9.577304 2.489389 3.071272 2.535775 4.284213 2.480111 3.654469 
2.494583 3.268052 2.493287 4.560987 2.503603 3.026748 2.499819 4.057436 2.526619 11.078845 
2.489863 10.843974 2.486067 2.957726 2.507635 9.770468 2.481624 10.681261 2.498749 4.973859 
2.467388 11.085801 2.468608 3.132945 2.500943 10.428231 2.511259 3.264171 2.518136 3.915973 
2.482927 11.009756 2.509472 10.825468 2.464889 10.144470 2.500851 4.033749 2.504935 10.812819 
2.524692 2.988190 2.503962 10.778990 2.515573 7.149150 2.493297 10.683311 2.484726 4.404595 
2.477598 9.844640 2.510112 3.766688 2.490885 3.127789 2.512697 10.863595 2.502313 3.115681 
2.511263 2.788491 2.499036 8.607017 2.497774 11.312247 2.497375 10.663300 2.501761 3.450794 
2.472830 3.205476 2.501357 10.893794 2.506725 3.523008 2.562511 3.070985 2.476570 10.382124 
2.485733 3.318177 2.479362 3.567796 2.471684 4.115879 2.527663 8.954966 2.511054 2.449684 
2.502763 3.628953 2.545545 10.903436 2.508604 10.980424 2.482450 10.246066 2.508709 10.211756 
2.528352 3.530034 2.492465 3.422373 2.494288 7.477185 2.503329 7.811733 2.483213 10.971613 
2.525378 10.189159 2.454012 11.746589 2.490612 3.808787 2.533666 10.075913 2.444990 10.695100 
2.481992 8.441219 2.507528 10.436702 2.514996 4.439111 2.520477 2.721332 2.490846 3.733137 
2.494403 10.886654 2.489785 6.431233 2.482661 6.917104 2.468258 3.728454 2.502309 7.582074 
2.503315 6.134929 2.569354 3.492640 2.571476 9.752287 2.492839 10.528909 2.472020 2.577377 
2.492222 9.864338 2.504926 10.796150 2.516399 2.700285 2.497148 11.061836 2.494426 3.471416 
2.485348 6.649344 2.506868 3.104396 2.485348 3.066010 2.440705 10.447421 2.500992 11.134234 
2.512502 2.075604 2.475418 3.178746 2.509208 10.741848 2.472462 9.884862 2.514529 3.923298 
2.501262 11.044881 2.539691 10.626648 2.485554 2.989247 2.523703 6.589247 2.484993 6.594857 
2.499695 3.425237 2.484978 5.991553 2.525298 4.167030 2.497692 2.885918 2.512932 6.840808 
2.481245 10.370381 2.540521 10.106511 2.539316 11.406687 2.489117 7.176808 2.508752 6.417060 
2.536520 10.619570 2.514317 3.714511 2.495329 10.999090 2.507098 9.920286 2.500182 11.092635 
2.487491 4.244044 2.460773 8.370065 2.469537 7.374319 2.591048 10.806416 2.481705 11.440010 
2.505654 11.902357 2.458734 9.638909 2.479446 2.704111 2.481982 3.361936 2.506922 3.102716 
2.499068 3.270119 2.469811 10.025124 2.488694 2.407083 2.492422 10.932896 2.524597 3.291596 
2.509432 4.257546 2.535105 2.912730 2.498524 3.733432 2.478839 2.808235 2.499426 3.109908 
2.531328 2.914302 2.463694 8.180570 2.452813 10.784084 2.498827 2.686509 2.502951 5.647749 
2.457920 10.709407 2.495442 2.828709 2.533228 10.749108 2.502114 3.613952 2.500396 10.650680 
2.498215 7.053770 2.504814 5.167478 2.452559 3.020772 2.492805 7.114681 2.475387 6.549389 
2.434145 7.531571 2.444419 11.040402 2.479049 7.209512 2.526492 11.178576 2.543922 3.725038 
2.510263 2.568966 2.485222 2.242337 2.542967 3.993432 2.492748 6.259168 2.478654 7.168993 
2.466818 7.212839 2.499070 6.751395 2.463717 10.942113 2.512301 6.444077 2.518503 10.758425 
2.477044 6.972148 2.482259 11.209716 2.505405 3.158337 2.481877 7.261732 2.487982 2.919496 
2.527945 10.319666 2.504309 6.308958 2.484591 6.913424 2.528598 3.036694 2.477932 11.941238 
2.492157 2.091830 2.490632 7.465468 2.555556 11.390305 2.534423 5.868736 2.476471 10.329085 
2.501715 2.779591 2.462226 5.489245 2.482698 9.300010 2.506495 3.794243 2.507014 2.002390 
2.515035 2.182002 2.459624 4.035815 2.498592 3.105530 2.526861 10.971506 2.501520 11.276495 
2.510503 7.664960 2.503083 6.653987 2.574773 11.003344 2.495768 3.434842 2.495977 2.678963 
2.538757 3.109998 2.509209 11.689739 2.516090 7.995244 2.515887 4.735985 2.466404 7.354685 
2.491064 10.915652 2.538304 4.105065 2.483665 11.184064 2.562664 7.762436 2.515310 2.594878 
2.502444 2.946488 2.500000 11.438513 2.535889 7.637767 2.528685 2.694752 2.447903 2.655390 
2.570793 10.322335 2.496199 7.068570 2.489169 11.869029 2.507244 2.495051 2.437670 8.395783 

Avg Classes:
2.501062 6.987991 2.500831 7.004122 2.500320 6.993248 2.501601 6.996249 2.500578 6.990609 
2.499498 7.005723 2.498374 7.006795 2.501292 7.002107 2.499690 7.004367 2.498954 6.983451 
2.499895 6.977804 2.500798 6.985700 2.497879 6.992608 2.496556 7.012830 2.497165 6.990719 
2.505279 7.053359 2.508546 7.025330 2.503622 7.027224 2.496757 7.017660 2.492969 7.021495 
2.515058 7.299356 2.473616 7.259717 2.514286 7.283912 2.472844 7.284170 2.470785 7.327413 
2.523547 7.069138 2.523547 7.098196 2.523547 7.013026 2.523547 6.972445 2.523547 6.891283 
2.484551 7.143258 2.502809 7.093399 2.549157 7.078652 2.497893 7.214185 2.465590 7.115169 
2.417391 6.704348 2.482609 6.821739 2.565217 6.452174 2.560870 6.960870 2.504348 6.700000 
2.416667 8.583333 2.416667 7.583333 2.416667 8.166667 2.416667 7.083333 2.416667 7.333333 
3.333333 7.666667 3.333333 7.666667 3.333333 12.000000 3.333333 8.000000 3.333333 11.666667 

Cluster 0 is class 0
Cluster 1 is class 0
Cluster 2 is class 7
Cluster 3 is class 0
Cluster 4 is class 8
Cluster 5 is class 8
Cluster 6 is class 0
Cluster 7 is class 9
Cluster 8 is class 7
Cluster 9 is class 0
Cluster 10 is class 0
Cluster 11 is class 0
Cluster 12 is class 8
Cluster 13 is class 8
Cluster 14 is class 4
Cluster 15 is class 0
Cluster 16 is class 7
Cluster 17 is class 0
Cluster 18 is class 8
Cluster 19 is class 8
Cluster 20 is class 8
Cluster 21 is class 0
Cluster 22 is class 0
Cluster 23 is class 0
Cluster 24 is class 0
Cluster 25 is class 0
Cluster 26 is class 9
Cluster 27 is class 0
Cluster 28 is class 4
Cluster 29 is class 5
Cluster 30 is class 8
Cluster 31 is class 0
Cluster 32 is class 0
Cluster 33 is class 0
Cluster 34 is class 0
Cluster 35 is class 0
Cluster 36 is class 7
Cluster 37 is class 8
Cluster 38 is class 9
Cluster 39 is class 0
Cluster 40 is class 0
Cluster 41 is class 0
Cluster 42 is class 7
Cluster 43 is class 0
Cluster 44 is class 8
Cluster 45 is class 7
Cluster 46 is class 0
Cluster 47 is class 7
Cluster 48 is class 9
Cluster 49 is class 5
Cluster 50 is class 8
Cluster 51 is class 9
Cluster 52 is class 0
Cluster 53 is class 2
Cluster 54 is class 0
Cluster 55 is class 0
Cluster 56 is class 0
Cluster 57 is class 0
Cluster 58 is class 8

Overall Accuracy is 0.283904

