----------------------------For Number of clusters 47----------------------------
Avg Clusters:
2.501851 10.671212 2.506459 10.223693 2.481450 3.515194 2.497989 10.169121 2.491384 4.639891 
2.524480 3.225311 2.515453 4.713423 2.500302 9.812495 2.490326 10.824224 2.490786 3.943622 
2.511167 4.070649 2.503400 10.627074 2.508422 9.512352 2.480318 9.967810 2.485870 7.047473 
2.511490 10.524926 2.482238 4.705937 2.502126 9.109070 2.505187 10.513095 2.502036 10.500847 
2.489469 10.323413 2.518149 10.107665 2.487184 9.816716 2.508737 3.863975 2.497186 9.793247 
2.501763 4.046535 2.488660 4.277938 2.488885 3.473732 2.483784 10.163362 2.496787 9.999775 
2.506326 10.168476 2.507998 3.845025 2.496519 3.952085 2.485189 3.877892 2.493274 9.984827 
2.500618 3.627995 2.516154 10.721479 2.478281 10.137579 2.491884 6.803331 2.539496 2.913820 
2.510801 4.723298 2.505232 9.947231 2.499813 9.829584 2.513118 2.320502 2.490283 4.198371 
2.531476 9.705437 2.476123 10.334988 2.518507 3.631104 2.491185 9.873658 2.493853 10.877440 
2.503494 10.416523 2.499138 3.261094 2.496567 3.907342 2.523822 9.797925 2.506701 3.625314 
2.490108 4.981926 2.460215 5.720489 2.492836 10.532439 2.508364 3.032984 2.490290 10.218525 
2.523541 2.692881 2.511628 2.765354 2.504936 8.587138 2.479165 3.849834 2.510157 9.638823 
2.486874 10.989900 2.479946 10.080653 2.506308 10.542259 2.504776 9.567308 2.524138 3.804601 
2.514076 10.389243 2.513150 7.453623 2.531412 4.809601 2.493036 3.232849 2.483738 3.441621 
2.486690 10.874415 2.536243 9.705282 2.508109 10.730862 2.511230 3.298879 2.503617 3.275758 
2.497284 9.529782 2.463007 11.739099 2.490890 3.391568 2.498774 3.716167 2.484496 4.421086 
2.517312 3.156193 2.502875 10.341014 2.526120 3.583010 2.474573 6.709637 2.528160 10.289140 
2.504417 3.732654 2.523479 3.668162 2.501393 3.877778 2.476147 3.994767 2.484981 3.779613 
2.502260 3.180585 2.487985 10.141685 2.490483 3.232493 2.494012 10.634864 2.520263 3.869974 
2.491513 10.640219 2.499519 3.378629 2.487815 3.173735 2.490196 10.527486 2.515225 10.411157 
2.463577 9.934234 2.485803 2.883467 2.496715 10.277920 2.508686 3.787445 2.503431 3.532847 
2.482477 3.600978 2.517107 3.265703 2.492252 3.480137 2.520175 10.636647 2.507072 3.491733 
2.504332 10.931929 2.510343 3.293458 2.511372 10.637767 2.497401 3.339272 2.509802 10.412380 
2.487085 3.312915 2.467726 10.217798 2.487200 3.213175 2.521410 3.700607 2.455244 3.177983 
2.513315 3.098159 2.518705 10.847211 2.496780 10.177271 2.500571 3.873339 2.496506 10.679213 
2.492633 10.989176 2.467188 10.063640 2.513147 3.153576 2.479485 3.354981 2.537232 10.568684 
2.510414 10.011284 2.503003 10.829338 2.502835 10.611127 2.529052 10.490035 2.494077 10.554539 
2.486316 3.698655 2.478611 3.343089 2.519894 2.986316 2.511672 3.785131 2.516099 10.752127 
2.500761 10.599797 2.485464 2.834409 2.460378 3.074821 2.495469 3.406366 2.499021 3.611687 
2.462390 3.405348 2.522066 10.328349 2.497958 4.430642 2.513239 11.623304 2.493874 10.836978 
2.527988 3.236353 2.444150 4.407443 2.478266 10.530073 2.521986 3.177470 2.499431 3.045805 
2.480897 4.276399 2.529656 8.405793 2.472819 3.244815 2.551925 2.402372 2.512918 10.315989 
2.481131 3.051610 2.480452 4.792006 2.529928 11.069509 2.481228 10.159730 2.500437 10.632470 
2.480741 10.193015 2.542748 3.266506 2.496479 10.634860 2.490760 10.981048 2.499929 3.641760 
2.553017 5.330321 2.519960 2.153653 2.499874 8.939074 2.549502 11.277680 2.462214 9.816303 
2.494542 8.360202 2.419144 7.226868 2.503778 6.344752 2.517716 11.282200 2.489840 3.362301 
2.486209 3.645871 2.556948 10.662577 2.483077 10.784478 2.511616 10.259810 2.517271 11.578874 
2.507190 7.138555 2.521299 3.251877 2.521299 7.506919 2.520304 6.826354 2.449670 6.625577 
2.516765 6.923140 2.534819 11.794800 2.469101 4.561539 2.521407 3.349531 2.424740 10.907459 
2.456552 3.458750 2.475130 2.173891 2.526169 11.193967 2.445465 6.696065 2.515881 4.407111 
2.425690 6.704707 2.544586 8.360491 2.519443 2.987818 2.481435 7.337686 2.519150 3.394016 
2.528296 11.106607 2.470349 3.929283 2.549482 11.380865 2.478766 7.653188 2.473542 7.461062 
2.528589 6.402436 2.466559 11.498430 2.551232 8.499096 2.485206 11.482257 2.507373 2.728570 
2.466943 7.028802 2.512110 6.646956 2.560113 11.362535 2.514728 7.991599 2.521602 3.030875 
2.463683 6.655450 2.556790 2.962866 2.442230 10.607318 2.537079 6.734074 2.515082 11.592617 
2.540352 2.667552 2.482564 11.327687 2.552087 4.794088 2.559283 2.933355 2.489981 7.316395 

Avg Classes:
2.501062 6.987991 2.500831 7.004122 2.500320 6.993248 2.501601 6.996249 2.500578 6.990609 
2.499498 7.005723 2.498374 7.006795 2.501292 7.002107 2.499690 7.004367 2.498954 6.983451 
2.499895 6.977804 2.500798 6.985700 2.497879 6.992608 2.496556 7.012830 2.497165 6.990719 
2.505279 7.053359 2.508546 7.025330 2.503622 7.027224 2.496757 7.017660 2.492969 7.021495 
2.515058 7.299356 2.473616 7.259717 2.514286 7.283912 2.472844 7.284170 2.470785 7.327413 
2.523547 7.069138 2.523547 7.098196 2.523547 7.013026 2.523547 6.972445 2.523547 6.891283 
2.484551 7.143258 2.502809 7.093399 2.549157 7.078652 2.497893 7.214185 2.465590 7.115169 
2.417391 6.704348 2.482609 6.821739 2.565217 6.452174 2.560870 6.960870 2.504348 6.700000 
2.416667 8.583333 2.416667 7.583333 2.416667 8.166667 2.416667 7.083333 2.416667 7.333333 
3.333333 7.666667 3.333333 7.666667 3.333333 12.000000 3.333333 8.000000 3.333333 11.666667 

Cluster 0 is class 0
Cluster 1 is class 0
Cluster 2 is class 4
Cluster 3 is class 8
Cluster 4 is class 8
Cluster 5 is class 0
Cluster 6 is class 0
Cluster 7 is class 0
Cluster 8 is class 0
Cluster 9 is class 4
Cluster 10 is class 0
Cluster 11 is class 0
Cluster 12 is class 0
Cluster 13 is class 8
Cluster 14 is class 0
Cluster 15 is class 8
Cluster 16 is class 0
Cluster 17 is class 0
Cluster 18 is class 7
Cluster 19 is class 0
Cluster 20 is class 4
Cluster 21 is class 0
Cluster 22 is class 0
Cluster 23 is class 8
Cluster 24 is class 0
Cluster 25 is class 0
Cluster 26 is class 8
Cluster 27 is class 9
Cluster 28 is class 7
Cluster 29 is class 0
Cluster 30 is class 4
Cluster 31 is class 0
Cluster 32 is class 0
Cluster 33 is class 9
Cluster 34 is class 4
Cluster 35 is class 0
Cluster 36 is class 0
Cluster 37 is class 9
Cluster 38 is class 0
Cluster 39 is class 0
Cluster 40 is class 0
Cluster 41 is class 0
Cluster 42 is class 8
Cluster 43 is class 0
Cluster 44 is class 0
Cluster 45 is class 9
Cluster 46 is class 0

Overall Accuracy is 0.326880

