----------------------------For Number of clusters 81----------------------------
Avg Clusters:
2.490707 10.466704 2.510638 3.537898 2.498425 10.586753 2.493079 4.013630 2.506036 10.368393 
2.523450 3.865677 2.463209 3.230500 2.493476 9.817193 2.491808 3.415517 2.495560 3.513153 
2.473774 3.762210 2.482991 3.661488 2.482659 3.318463 2.491401 9.927927 2.535728 7.098632 
2.489111 3.082817 2.511763 10.496185 2.520148 5.241337 2.521419 3.870251 2.500517 10.901009 
2.535419 9.856343 2.441838 10.564690 2.472288 7.036472 2.511034 10.796075 2.523585 3.192133 
2.470549 7.519152 2.473320 7.273127 2.490304 6.715129 2.514996 3.119851 2.532402 3.352265 
2.489480 4.069102 2.512284 10.369648 2.490986 7.080892 2.490254 10.576782 2.495676 10.589346 
2.484858 11.070874 2.524536 3.662042 2.491597 10.715911 2.504440 10.364912 2.488346 4.589345 
2.536039 4.251808 2.508339 10.738978 2.520469 2.377945 2.511080 7.881269 2.521110 9.778750 
2.461163 10.716110 2.509785 10.710574 2.522885 11.414022 2.504139 10.030477 2.505399 5.759579 
2.526509 3.348169 2.493195 10.337817 2.501760 10.058011 2.491724 11.312175 2.508696 3.379486 
2.521376 9.942283 2.515378 9.723246 2.486162 11.029766 2.536671 9.430591 2.531279 11.402916 
2.504215 3.656041 2.504031 6.845824 2.505459 10.620987 2.529965 3.474181 2.492376 10.660371 
2.522942 9.382567 2.514231 2.770430 2.525912 4.504727 2.496659 6.045736 2.482057 10.674999 
2.489897 11.103900 2.481767 3.837500 2.484023 3.201363 2.507425 10.561889 2.491494 7.065508 
2.498355 8.991251 2.481907 3.107860 2.465038 4.280115 2.464968 11.056695 2.534542 11.644082 
2.553901 3.364364 2.481994 9.540956 2.449924 2.790809 2.507826 2.959103 2.455455 5.830234 
2.464353 10.567069 2.480461 2.903919 2.527537 10.450740 2.491804 4.020759 2.519086 2.944927 
2.515145 4.221905 2.522088 11.539786 2.483493 11.189232 2.484923 4.241985 2.476142 10.710367 
2.500439 3.018637 2.530434 3.324611 2.516441 3.253389 2.495105 3.519829 2.473268 4.089608 
2.515486 3.360293 2.498249 2.883933 2.496717 8.431433 2.502463 6.773996 2.493707 10.822754 
2.479897 10.660551 2.487147 10.774470 2.493793 2.745853 2.511864 6.097660 2.474898 3.474184 
2.512843 8.792576 2.479237 3.527994 2.507059 6.537566 2.535707 10.974726 2.487845 2.582329 
2.508616 11.087753 2.541660 5.328593 2.494228 2.620713 2.511126 9.920780 2.546428 2.437343 
2.481688 3.768019 2.487087 10.333393 2.504544 2.777378 2.487717 11.906956 2.485018 8.150004 
2.498257 3.969119 2.474653 3.352902 2.510793 3.657616 2.521372 2.664465 2.516113 10.678958 
2.507166 9.064314 2.515824 4.852528 2.497999 2.754674 2.473772 3.117134 2.467079 6.920917 
2.521219 10.304873 2.460851 11.068181 2.509583 3.012197 2.488730 3.312630 2.498005 10.237199 
2.451071 11.295039 2.500113 4.389515 2.459865 2.485795 2.526494 3.306877 2.552988 11.452198 
2.484063 11.321764 2.505084 6.046832 2.523367 3.171294 2.513981 2.763395 2.426281 2.759288 
2.466838 10.230973 2.524340 10.817628 2.503809 2.621221 2.484000 11.275483 2.497233 5.498035 
2.530031 3.149195 2.506634 3.910463 2.504507 2.693305 2.460245 7.875317 2.461967 11.428239 
2.491111 6.274255 2.521328 3.342030 2.528123 11.029731 2.491839 11.018506 2.487349 10.494205 
2.552312 11.045337 2.496014 2.122957 2.498107 4.734057 2.490833 4.571044 2.473894 3.419689 
2.496933 11.146064 2.491748 10.422004 2.480873 10.827948 2.465634 3.164654 2.479608 9.360038 
2.473062 12.075230 2.494415 3.256570 2.476018 4.475690 2.438075 2.863830 2.555848 7.681833 
2.490022 2.329659 2.435992 3.777105 2.512211 11.164974 2.514804 10.277862 2.535912 7.266768 
2.514594 10.997722 2.477982 7.941033 2.546229 4.058039 2.517041 7.913531 2.500253 11.026405 
2.492976 10.311214 2.523598 10.818854 2.507948 10.829821 2.515157 3.874677 2.506038 2.661614 
2.544351 10.970365 2.497016 7.395165 2.491959 7.184181 2.458380 11.671184 2.505310 9.634470 
2.460275 6.010707 2.562112 8.296995 2.472199 2.705682 2.528288 3.064728 2.534858 11.372795 
2.534497 3.398309 2.553477 6.564721 2.504722 7.570927 2.525591 11.185032 2.446703 5.007646 
2.493217 3.047165 2.468522 10.796104 2.504417 4.433600 2.530157 6.311513 2.521183 2.622609 
2.515353 3.458695 2.475971 9.203470 2.497850 11.372690 2.516409 2.720558 2.527122 3.407469 
2.552887 6.537169 2.523922 11.119217 2.486259 7.436932 2.500198 6.273626 2.458580 6.818802 
2.457321 6.182651 2.518529 11.821096 2.507842 7.324774 2.514920 2.652464 2.530049 2.782929 
2.491943 3.943061 2.491943 2.305792 2.462448 11.053814 2.472214 2.769118 2.521438 10.333236 
2.510632 2.965212 2.491793 2.598023 2.493098 7.205652 2.496829 10.013617 2.490767 2.633277 
2.537297 11.428216 2.471676 10.966162 2.499351 5.553514 2.437081 2.465189 2.516865 4.979027 
2.510466 5.510055 2.545660 2.862508 2.526472 11.698851 2.445516 10.705418 2.453314 3.256926 
2.531203 2.798018 2.528876 11.143522 2.456559 3.410539 2.491555 10.919794 2.571761 3.502680 
2.489526 9.704398 2.484381 11.961411 2.518069 5.784515 2.481686 10.459267 2.451060 11.105108 
2.529315 3.073066 2.462751 3.420322 2.527551 6.662222 2.547939 11.731210 2.486555 10.865219 
2.470602 6.153300 2.537574 2.969460 2.516653 2.466755 2.518576 10.874474 2.472165 2.975712 
2.469558 7.525186 2.480180 7.152979 2.563075 11.243977 2.487626 9.343627 2.533290 2.475471 
2.501131 2.435360 2.515312 4.535827 2.469000 11.497209 2.506864 7.656811 2.534771 2.601146 
2.470884 5.994847 2.463540 7.247617 2.479129 2.728807 2.505797 7.504509 2.474620 3.660397 
2.518072 2.164529 2.496437 11.455759 2.529991 8.879648 2.497862 3.365462 2.448763 6.208447 
2.511092 11.584422 2.522554 7.083559 2.463027 7.936406 2.491989 7.066305 2.464876 3.648509 
2.469638 6.278412 2.524373 11.529387 2.531894 11.491783 2.501393 8.154457 2.532869 3.399443 
2.481284 7.541349 2.514908 3.614146 2.497715 10.627965 2.514255 3.029706 2.438411 6.535691 
2.436593 11.653695 2.543949 11.233316 2.502304 6.225636 2.489333 7.053763 2.507595 7.884110 
2.471849 7.322907 2.507121 7.805803 2.512312 2.637695 2.497138 11.323706 2.461866 11.146679 
2.534424 7.314695 2.514898 6.662102 2.493217 11.164955 2.503994 7.060226 2.488272 7.867884 
2.452720 2.733612 2.523013 6.264854 2.451743 7.082427 2.531660 3.651185 2.482008 6.773361 
2.449435 1.949514 2.494187 5.325530 2.483994 2.734193 2.473802 10.019111 2.528906 2.733556 
2.558722 11.204756 2.452895 11.465057 2.472137 1.956072 2.502632 10.227809 2.529679 10.659829 
2.501620 11.459505 2.514189 6.739666 2.505248 10.815602 2.531813 2.454710 2.516392 4.607490 
2.542423 7.184721 2.527082 10.898560 2.540075 11.040075 2.507201 2.461490 2.525360 7.188948 
2.436526 6.732183 2.548797 10.895294 2.575579 2.274474 2.505674 2.659404 2.480557 2.881979 
2.510783 11.564742 2.463885 2.991336 2.524155 10.448065 2.502401 10.276203 2.484415 10.842641 
2.469017 2.368590 2.587785 8.257835 2.553063 9.932870 2.385684 7.104701 2.511218 3.890313 
2.415823 6.035103 2.447782 9.347538 2.618582 3.155955 2.438177 11.654034 2.432064 2.326057 
2.494890 2.842886 2.526553 11.310421 2.537074 11.436874 2.527455 9.994289 2.476052 8.860721 
2.494455 2.373152 2.477588 11.843808 2.394409 10.904344 2.502542 6.059381 2.466497 2.435767 
2.525140 3.529584 2.495557 7.907858 2.469598 11.322965 2.484331 10.861904 2.548410 11.382601 
2.513518 6.834709 2.506718 2.522746 2.469484 3.522098 2.459446 5.397928 2.533754 2.580864 
2.500128 9.993325 2.544031 10.716303 2.496149 7.519769 2.529012 3.676893 2.518228 11.876380 
2.522364 2.581042 2.516414 5.028108 2.462043 2.337710 2.492409 11.860895 2.478457 11.116537 
2.503508 10.552208 2.483560 6.431146 2.480534 6.883340 2.527308 2.472280 2.472417 10.949649 
2.484923 7.510901 2.543993 2.399103 2.589763 7.567806 2.495438 8.698005 2.551106 6.591619 

Avg Classes:
2.501062 6.987991 2.500831 7.004122 2.500320 6.993248 2.501601 6.996249 2.500578 6.990609 
2.499498 7.005723 2.498374 7.006795 2.501292 7.002107 2.499690 7.004367 2.498954 6.983451 
2.499895 6.977804 2.500798 6.985700 2.497879 6.992608 2.496556 7.012830 2.497165 6.990719 
2.505279 7.053359 2.508546 7.025330 2.503622 7.027224 2.496757 7.017660 2.492969 7.021495 
2.515058 7.299356 2.473616 7.259717 2.514286 7.283912 2.472844 7.284170 2.470785 7.327413 
2.523547 7.069138 2.523547 7.098196 2.523547 7.013026 2.523547 6.972445 2.523547 6.891283 
2.484551 7.143258 2.502809 7.093399 2.549157 7.078652 2.497893 7.214185 2.465590 7.115169 
2.417391 6.704348 2.482609 6.821739 2.565217 6.452174 2.560870 6.960870 2.504348 6.700000 
2.416667 8.583333 2.416667 7.583333 2.416667 8.166667 2.416667 7.083333 2.416667 7.333333 
3.333333 7.666667 3.333333 7.666667 3.333333 12.000000 3.333333 8.000000 3.333333 11.666667 

Cluster 0 is class 8
Cluster 1 is class 0
Cluster 2 is class 0
Cluster 3 is class 0
Cluster 4 is class 4
Cluster 5 is class 0
Cluster 6 is class 0
Cluster 7 is class 8
Cluster 8 is class 7
Cluster 9 is class 8
Cluster 10 is class 0
Cluster 11 is class 9
Cluster 12 is class 9
Cluster 13 is class 0
Cluster 14 is class 0
Cluster 15 is class 4
Cluster 16 is class 7
Cluster 17 is class 8
Cluster 18 is class 9
Cluster 19 is class 0
Cluster 20 is class 0
Cluster 21 is class 0
Cluster 22 is class 7
Cluster 23 is class 7
Cluster 24 is class 6
Cluster 25 is class 7
Cluster 26 is class 0
Cluster 27 is class 0
Cluster 28 is class 0
Cluster 29 is class 0
Cluster 30 is class 4
Cluster 31 is class 0
Cluster 32 is class 9
Cluster 33 is class 1
Cluster 34 is class 8
Cluster 35 is class 0
Cluster 36 is class 0
Cluster 37 is class 0
Cluster 38 is class 8
Cluster 39 is class 8
Cluster 40 is class 0
Cluster 41 is class 0
Cluster 42 is class 0
Cluster 43 is class 0
Cluster 44 is class 0
Cluster 45 is class 0
Cluster 46 is class 0
Cluster 47 is class 0
Cluster 48 is class 0
Cluster 49 is class 0
Cluster 50 is class 0
Cluster 51 is class 0
Cluster 52 is class 0
Cluster 53 is class 7
Cluster 54 is class 0
Cluster 55 is class 0
Cluster 56 is class 7
Cluster 57 is class 0
Cluster 58 is class 8
Cluster 59 is class 8
Cluster 60 is class 0
Cluster 61 is class 8
Cluster 62 is class 0
Cluster 63 is class 4
Cluster 64 is class 0
Cluster 65 is class 7
Cluster 66 is class 0
Cluster 67 is class 8
Cluster 68 is class 8
Cluster 69 is class 0
Cluster 70 is class 9
Cluster 71 is class 0
Cluster 72 is class 5
Cluster 73 is class 4
Cluster 74 is class 5
Cluster 75 is class 9
Cluster 76 is class 7
Cluster 77 is class 8
Cluster 78 is class 7
Cluster 79 is class 3
Cluster 80 is class 0

Overall Accuracy is 0.269316

