----------------------------For Number of clusters 16----------------------------
Avg Clusters:
2.501398 3.893763 2.504648 4.320122 2.499375 4.642598 2.496444 9.936084 2.487332 4.095568 
2.500196 9.866846 2.494247 9.930045 2.495232 4.179429 2.498036 4.203324 2.494159 9.983607 
2.500560 10.007095 2.483921 3.938943 2.492177 4.181015 2.502575 9.996809 2.509936 9.900879 
2.500544 4.438287 2.496335 4.954450 2.494237 10.412021 2.491931 3.901518 2.500479 4.086424 
2.504051 4.559968 2.497439 10.543481 2.506846 9.899374 2.507357 10.112814 2.514111 4.362519 
2.498215 9.935927 2.502226 4.101582 2.496511 10.188678 2.505693 4.001234 2.498905 9.924570 
2.506108 9.863206 2.501207 9.902735 2.500241 10.037132 2.501851 10.101254 2.496915 9.785920 
2.502976 3.813933 2.502475 3.933955 2.511977 10.084415 2.488073 9.984180 2.495991 10.051626 
2.500557 10.324294 2.498281 10.041642 2.511037 9.293493 2.511102 4.011528 2.512511 3.514705 
2.492006 10.105076 2.511004 4.123157 2.494844 3.630563 2.490916 4.299969 2.488719 3.807876 
2.486640 10.238442 2.512543 3.783261 2.511335 9.929240 2.505686 10.120355 2.498904 3.711424 
2.498416 9.585370 2.477616 10.346477 2.483216 3.399619 2.488327 10.142717 2.503508 3.921457 
2.496115 3.539459 2.508916 10.221820 2.510259 4.071487 2.526461 3.699996 2.480879 4.743054 
2.503275 3.641333 2.508652 9.845960 2.507881 3.734527 2.492871 9.837942 2.506486 10.407585 
2.513864 3.788932 2.514220 9.949844 2.487659 10.084550 2.507080 3.731478 2.489280 10.505142 
2.503351 4.076884 2.490069 3.577591 2.517198 3.967341 2.493864 3.782891 2.514331 10.157906 

Avg Classes:
2.501062 6.987991 2.500831 7.004122 2.500320 6.993248 2.501601 6.996249 2.500578 6.990609 
2.499498 7.005723 2.498374 7.006795 2.501292 7.002107 2.499690 7.004367 2.498954 6.983451 
2.499895 6.977804 2.500798 6.985700 2.497879 6.992608 2.496556 7.012830 2.497165 6.990719 
2.505279 7.053359 2.508546 7.025330 2.503622 7.027224 2.496757 7.017660 2.492969 7.021495 
2.515058 7.299356 2.473616 7.259717 2.514286 7.283912 2.472844 7.284170 2.470785 7.327413 
2.523547 7.069138 2.523547 7.098196 2.523547 7.013026 2.523547 6.972445 2.523547 6.891283 
2.484551 7.143258 2.502809 7.093399 2.549157 7.078652 2.497893 7.214185 2.465590 7.115169 
2.417391 6.704348 2.482609 6.821739 2.565217 6.452174 2.560870 6.960870 2.504348 6.700000 
2.416667 8.583333 2.416667 7.583333 2.416667 8.166667 2.416667 7.083333 2.416667 7.333333 
3.333333 7.666667 3.333333 7.666667 3.333333 12.000000 3.333333 8.000000 3.333333 11.666667 

Cluster 0 is class 7
Cluster 1 is class 0
Cluster 2 is class 0
Cluster 3 is class 0
Cluster 4 is class 0
Cluster 5 is class 8
Cluster 6 is class 4
Cluster 7 is class 0
Cluster 8 is class 8
Cluster 9 is class 0
Cluster 10 is class 4
Cluster 11 is class 5
Cluster 12 is class 0
Cluster 13 is class 4
Cluster 14 is class 9
Cluster 15 is class 7

Overall Accuracy is 0.234397

