----------------------------For Number of clusters 58----------------------------
Avg Clusters:
2.489354 6.958943 2.546424 3.548439 2.518392 9.975963 2.484699 10.910487 2.492653 3.535969 
2.522434 10.238420 2.495374 9.631303 2.499479 10.104512 2.510972 10.271258 2.493638 10.414164 
2.506546 3.807546 2.505321 10.854466 2.511609 3.533215 2.471816 9.351467 2.517349 10.370751 
2.509635 11.543551 2.500777 3.582284 2.495105 10.111655 2.492774 10.056410 2.502253 5.301088 
2.511489 8.812785 2.490718 3.064658 2.490473 6.701541 2.487285 3.892715 2.504658 9.865674 
2.490562 7.135115 2.496695 3.926410 2.511946 9.830400 2.498487 2.868230 2.478815 3.545397 
2.476333 9.651172 2.488845 5.677289 2.501640 3.337045 2.519537 11.342471 2.507066 3.245900 
2.495553 10.615418 2.508445 10.228204 2.515508 10.147217 2.503481 3.310990 2.507479 3.779891 
2.506869 10.395512 2.509922 4.496756 2.505877 3.182529 2.481262 3.100366 2.478591 3.840673 
2.506039 10.208344 2.499110 11.288684 2.502253 3.504562 2.486616 9.797903 2.483095 3.949532 
2.515083 3.095715 2.476775 10.126632 2.492871 3.669856 2.500375 10.241595 2.516472 3.243959 
2.492796 4.372891 2.511776 10.392451 2.494901 3.736491 2.536273 2.939684 2.457884 3.825658 
2.498106 10.842988 2.469370 10.869552 2.505732 3.428615 2.505379 3.553911 2.507399 4.425585 
2.487469 4.874804 2.496035 3.316638 2.503479 2.815030 2.467906 9.441086 2.520087 10.405813 
2.503903 3.820474 2.491144 10.530621 2.511858 11.068335 2.476659 10.016624 2.502139 3.621960 
2.509675 10.903011 2.485062 3.826283 2.497764 4.673737 2.509596 10.254679 2.525662 10.847097 
2.518477 4.027487 2.524246 10.695748 2.477824 10.878686 2.496352 4.019207 2.484950 10.319862 
2.504050 6.666089 2.543783 7.882940 2.503286 3.083694 2.491620 3.637563 2.520045 10.856961 
2.495577 3.159998 2.548356 10.403639 2.505931 10.388710 2.470644 10.845179 2.513773 10.171157 
2.487973 4.870203 2.458774 6.869786 2.489155 8.446677 2.557008 9.925195 2.487347 11.471079 
2.515145 9.083158 2.508654 3.045545 2.513591 11.114390 2.495118 10.152058 2.498946 11.029513 
2.512880 10.877924 2.473891 10.577091 2.514224 3.485507 2.484324 7.643130 2.492982 10.592364 
2.513661 9.688225 2.502358 9.883898 2.500711 3.379145 2.511416 12.008608 2.491579 10.207276 
2.503938 10.680057 2.455627 10.218828 2.512818 10.340399 2.519161 10.830012 2.506316 3.221206 
2.512650 10.407977 2.535668 7.485018 2.485614 11.196200 2.511856 3.290009 2.480405 10.282915 
2.468410 3.594974 2.513846 2.951026 2.500462 10.911795 2.487282 3.301487 2.480872 10.061026 
2.504619 3.301365 2.508434 3.044753 2.470673 3.649517 2.511104 9.478725 2.511697 3.710120 
2.505751 10.156888 2.484234 11.540902 2.491794 8.046265 2.490178 3.349121 2.484492 10.581223 
2.473428 11.628746 2.460283 3.168775 2.494922 10.343717 2.523394 3.785060 2.515731 3.635599 
2.491253 10.930528 2.500430 3.232363 2.472469 2.337683 2.511256 3.834026 2.507600 10.319974 
2.477521 2.838325 2.503987 11.264255 2.535812 4.090787 2.552429 3.156114 2.483618 10.524824 
2.483611 5.441855 2.516389 5.659282 2.471339 9.967551 2.540603 6.814199 2.535579 7.854472 
2.500345 3.357640 2.501089 10.578788 2.476127 10.731903 2.517393 3.134792 2.512242 3.391630 
2.495259 10.162558 2.473662 11.331753 2.461441 2.659397 2.508323 2.577012 2.485567 10.439949 
2.492573 7.377158 2.527800 7.028804 2.521176 11.139502 2.455640 6.836511 2.533019 2.863408 
2.516311 3.129448 2.494998 10.793562 2.526751 7.232275 2.529448 6.723706 2.452284 6.595128 
2.528983 3.362676 2.491703 3.034303 2.512538 6.703401 2.547734 11.537019 2.460004 9.754967 
2.506354 2.511909 2.437105 2.743627 2.499734 10.970931 2.474545 9.252264 2.510311 5.176699 
2.483995 2.915750 2.487628 3.810291 2.532993 11.690495 2.497054 11.081991 2.484191 10.116752 
2.490046 11.707737 2.518562 6.936189 2.483697 5.549553 2.484773 3.075003 2.501991 9.660067 
2.510330 3.339891 2.525302 3.135156 2.517990 3.939647 2.461409 3.083043 2.478180 4.150360 
2.529160 2.473566 2.523610 5.910038 2.497809 8.510077 2.521566 11.342031 2.468698 3.567618 
2.479655 7.109238 2.498625 6.867119 2.495876 3.146902 2.452071 6.770436 2.524743 3.804527 
2.498825 3.434893 2.521931 7.132955 2.487566 2.600646 2.519483 11.472391 2.471412 8.587527 
2.558741 2.877859 2.498499 2.972156 2.508125 8.104234 2.499638 6.648380 2.514647 11.347066 
2.457892 10.949978 2.489287 2.441889 2.527941 11.193266 2.482466 3.901705 2.504766 10.449147 
2.560361 2.664220 2.455114 6.262375 2.457395 10.191152 2.499554 2.579208 2.470390 6.355917 
2.468473 2.632039 2.512174 6.540642 2.534149 7.474841 2.489449 5.695967 2.537021 2.268698 
2.508574 2.660461 2.486526 2.866977 2.501347 11.220970 2.511514 4.640250 2.529152 2.619304 
2.544350 11.496828 2.532523 6.610149 2.487582 6.647350 2.506935 7.359854 2.446296 2.976454 
2.463694 10.181334 2.516279 11.522691 2.521014 10.887826 2.483919 7.012924 2.546665 7.047948 
2.474820 9.987346 2.499788 1.934692 2.509809 4.377240 2.564246 8.027261 2.498259 3.228450 
2.441309 6.556383 2.498479 10.871709 2.504248 7.105528 2.513270 11.515473 2.536452 5.822511 
2.521538 3.455714 2.468352 6.971978 2.528022 7.859560 2.541319 2.699560 2.517363 11.509451 
2.473684 3.193561 2.491123 3.047108 2.520319 3.182593 2.517005 3.186854 2.520319 10.677661 
2.524967 2.498982 2.436594 7.265836 2.468207 3.072087 2.476350 4.097952 2.500659 7.571548 
2.472789 7.292517 2.511905 11.562561 2.473154 7.279033 2.521987 5.674441 2.557823 2.448980 
2.477922 11.161049 2.489553 3.678987 2.478809 2.633353 2.449340 10.226887 2.465996 6.856002 

Avg Classes:
2.501062 6.987991 2.500831 7.004122 2.500320 6.993248 2.501601 6.996249 2.500578 6.990609 
2.499498 7.005723 2.498374 7.006795 2.501292 7.002107 2.499690 7.004367 2.498954 6.983451 
2.499895 6.977804 2.500798 6.985700 2.497879 6.992608 2.496556 7.012830 2.497165 6.990719 
2.505279 7.053359 2.508546 7.025330 2.503622 7.027224 2.496757 7.017660 2.492969 7.021495 
2.515058 7.299356 2.473616 7.259717 2.514286 7.283912 2.472844 7.284170 2.470785 7.327413 
2.523547 7.069138 2.523547 7.098196 2.523547 7.013026 2.523547 6.972445 2.523547 6.891283 
2.484551 7.143258 2.502809 7.093399 2.549157 7.078652 2.497893 7.214185 2.465590 7.115169 
2.417391 6.704348 2.482609 6.821739 2.565217 6.452174 2.560870 6.960870 2.504348 6.700000 
2.416667 8.583333 2.416667 7.583333 2.416667 8.166667 2.416667 7.083333 2.416667 7.333333 
3.333333 7.666667 3.333333 7.666667 3.333333 12.000000 3.333333 8.000000 3.333333 11.666667 

Cluster 0 is class 0
Cluster 1 is class 9
Cluster 2 is class 0
Cluster 3 is class 8
Cluster 4 is class 0
Cluster 5 is class 0
Cluster 6 is class 0
Cluster 7 is class 8
Cluster 8 is class 0
Cluster 9 is class 0
Cluster 10 is class 0
Cluster 11 is class 0
Cluster 12 is class 0
Cluster 13 is class 7
Cluster 14 is class 0
Cluster 15 is class 0
Cluster 16 is class 9
Cluster 17 is class 0
Cluster 18 is class 9
Cluster 19 is class 0
Cluster 20 is class 9
Cluster 21 is class 8
Cluster 22 is class 3
Cluster 23 is class 8
Cluster 24 is class 8
Cluster 25 is class 0
Cluster 26 is class 7
Cluster 27 is class 8
Cluster 28 is class 8
Cluster 29 is class 0
Cluster 30 is class 0
Cluster 31 is class 0
Cluster 32 is class 0
Cluster 33 is class 0
Cluster 34 is class 0
Cluster 35 is class 0
Cluster 36 is class 0
Cluster 37 is class 0
Cluster 38 is class 9
Cluster 39 is class 0
Cluster 40 is class 0
Cluster 41 is class 0
Cluster 42 is class 5
Cluster 43 is class 0
Cluster 44 is class 0
Cluster 45 is class 8
Cluster 46 is class 0
Cluster 47 is class 0
Cluster 48 is class 0
Cluster 49 is class 5
Cluster 50 is class 8
Cluster 51 is class 0
Cluster 52 is class 4
Cluster 53 is class 0
Cluster 54 is class 0
Cluster 55 is class 0
Cluster 56 is class 0
Cluster 57 is class 0

Overall Accuracy is 0.331239

