----------------------------For Number of clusters 61----------------------------
Avg Clusters:
2.509758 4.907379 2.516789 10.729334 2.495696 4.015344 2.489388 10.292253 2.492443 7.989913 
2.493896 9.604131 2.487277 2.435419 2.517513 9.526960 2.493297 4.613811 2.504341 4.236171 
2.486168 10.085616 2.504091 10.222836 2.508961 3.408542 2.496156 3.874737 2.484965 4.088762 
2.507567 10.110231 2.466265 10.342516 2.511784 2.868724 2.474738 4.026996 2.514976 10.700638 
2.483265 2.950476 2.500863 9.703369 2.511114 3.696315 2.518204 3.305779 2.500827 9.686102 
2.507003 10.719972 2.504906 3.459171 2.466411 3.137403 2.477765 3.495608 2.491059 5.241296 
2.496535 11.124772 2.497811 9.447817 2.489096 3.622157 2.517451 10.828806 2.502019 7.365217 
2.498454 6.527871 2.536532 4.071620 2.499210 10.441817 2.501718 9.899718 2.488178 10.845419 
2.506444 10.016870 2.519444 3.824798 2.483712 6.824460 2.496825 11.134924 2.476724 3.975202 
2.468210 3.638754 2.513596 3.909698 2.498900 2.831185 2.494931 10.660759 2.514186 4.774049 
2.492495 10.197060 2.507505 3.452302 2.518375 10.628820 2.489516 3.566228 2.500464 10.545145 
2.517995 3.533388 2.519308 4.289918 2.515687 3.557563 2.478745 2.861379 2.471185 4.112907 
2.511380 10.327810 2.505329 3.104166 2.524878 3.549267 2.497836 4.747312 2.500721 11.177054 
2.534393 2.937456 2.488846 4.566838 2.485172 11.275319 2.473044 8.480967 2.493582 3.696176 
2.524943 3.730473 2.513456 6.811741 2.485149 10.604037 2.513128 3.240031 2.485888 9.987160 
2.507275 9.346473 2.494586 10.881281 2.507994 10.428439 2.495009 10.817586 2.493952 9.851336 
2.474594 3.565166 2.514354 11.252837 2.494993 10.526370 2.503746 9.141941 2.502262 4.359321 
2.556330 4.681710 2.463167 9.529537 2.544515 7.761702 2.499839 11.727032 2.509458 3.196462 
2.506407 3.763020 2.452621 3.882583 2.488368 10.567233 2.513557 2.543640 2.485068 3.730573 
2.490077 2.789657 2.522671 9.136076 2.483027 9.801584 2.497223 10.919600 2.520209 10.706891 
2.473442 10.908750 2.526444 3.977585 2.485870 11.654920 2.505051 10.072126 2.498695 4.052491 
2.486485 4.031470 2.471522 10.752293 2.479149 3.135920 2.543054 4.698716 2.490588 3.089198 
2.490313 3.141589 2.475783 3.237004 2.523733 3.268809 2.504305 4.966096 2.517382 10.870412 
2.515572 4.342164 2.547218 11.260471 2.476194 10.253598 2.518508 6.678600 2.497745 10.988759 
2.539617 3.284985 2.459135 3.008553 2.505346 5.753801 2.535876 11.012711 2.498456 10.517225 
2.486761 9.718557 2.487092 10.229810 2.495808 3.301798 2.468667 10.715688 2.502979 2.463923 
2.515786 11.044974 2.455959 10.850984 2.507841 7.882280 2.519516 8.552055 2.514680 3.629499 
2.496761 9.743618 2.528386 10.722519 2.506192 9.836445 2.506144 2.404649 2.518956 4.414698 
2.511636 10.131638 2.464372 10.443346 2.512265 11.486836 2.490700 11.176206 2.525654 3.202174 
2.493468 10.891686 2.489364 3.413334 2.490715 3.737224 2.489664 10.841934 2.537414 10.122679 
2.520106 9.060249 2.467774 10.152865 2.541894 3.366891 2.490472 10.380412 2.497198 11.925109 
2.476498 3.130459 2.490384 2.344373 2.491911 10.769978 2.488162 5.069569 2.525724 10.643338 
2.459678 11.137102 2.470841 11.082862 2.473703 7.765438 2.520572 5.000072 2.493596 10.319642 
2.510328 2.884944 2.470261 10.586479 2.469847 2.937122 2.487516 10.858316 2.532227 3.195852 
2.515762 3.340744 2.543080 10.652977 2.503266 7.940404 2.523675 3.004459 2.495039 3.935067 
2.466368 3.232230 2.450361 3.148379 2.545078 10.948080 2.504105 11.487352 2.522933 7.422659 
2.492130 3.532527 2.458466 10.304340 2.468201 12.039942 2.476117 3.177782 2.511236 3.578655 
2.499052 11.082457 2.512149 6.189557 2.538342 6.941668 2.530071 4.568671 2.465966 2.544201 
2.510814 3.915930 2.520594 2.980910 2.506489 8.026331 2.508651 11.358285 2.464642 2.500846 
2.518782 11.087830 2.518332 7.155301 2.470408 7.757049 2.527970 2.549860 2.478876 9.941807 
2.487196 3.016408 2.516533 7.314826 2.491340 2.767051 2.498550 10.719897 2.490843 11.066959 
2.489533 10.881519 2.492483 3.429106 2.534566 2.449032 2.544205 9.845119 2.525070 3.184231 
2.545646 6.421340 2.525933 11.298756 2.532632 7.580191 2.526411 2.689952 2.439330 10.741244 
2.522387 9.951435 2.519408 10.355931 2.454324 12.117079 2.500542 3.643167 2.512728 10.574562 
2.480373 6.591343 2.509230 2.892956 2.447910 2.684808 2.446955 9.950032 2.462763 10.726183 
2.464170 6.974496 2.544663 6.066683 2.611595 11.203906 2.501991 10.750187 2.508709 3.411670 
2.472439 7.482213 2.506353 5.158620 2.496775 6.421716 2.500098 6.584343 2.470876 7.589621 
2.472436 11.033165 2.529870 8.769163 2.555458 11.454755 2.484076 6.911926 2.492642 7.087964 
2.488813 2.514621 2.463952 11.510240 2.529064 10.678111 2.450693 2.808453 2.485853 9.873446 
2.531904 2.920965 2.486120 11.397763 2.495546 3.666770 2.505594 7.719598 2.518024 11.311891 
2.539087 6.589385 2.483036 3.541567 2.449702 3.466865 2.452976 6.682540 2.499306 2.360020 
2.558707 6.918534 2.523226 7.874767 2.507586 10.665149 2.499183 5.738095 2.565126 2.774160 
2.466385 10.988864 2.469684 5.441844 2.483089 11.642297 2.497835 2.514333 2.489792 3.752836 
2.522881 11.557242 2.453775 3.337442 2.513174 10.525116 2.495609 10.588521 2.509322 10.386210 
2.500804 6.983929 2.550020 6.287164 2.476497 2.829349 2.514966 2.903274 2.500703 10.149960 
2.497901 10.664030 2.556183 11.345819 2.492573 11.414918 2.518566 5.734905 2.476913 2.321117 
2.488187 5.161459 2.493195 2.790746 2.496244 6.870985 2.527817 2.154818 2.511268 10.385084 
2.445485 2.432448 2.502252 7.196255 2.558545 5.528680 2.524176 7.577032 2.494311 3.393340 
2.495361 2.866916 2.557264 2.119097 2.454785 6.841989 2.504362 6.168675 2.505747 3.789918 
2.492973 11.258258 2.520360 7.117117 2.478679 7.764204 2.520841 9.303544 2.486486 11.535495 
2.552099 2.420472 2.431658 5.059914 2.491879 7.243641 2.494484 6.268005 2.515323 8.209163 

Avg Classes:
2.501062 6.987991 2.500831 7.004122 2.500320 6.993248 2.501601 6.996249 2.500578 6.990609 
2.499498 7.005723 2.498374 7.006795 2.501292 7.002107 2.499690 7.004367 2.498954 6.983451 
2.499895 6.977804 2.500798 6.985700 2.497879 6.992608 2.496556 7.012830 2.497165 6.990719 
2.505279 7.053359 2.508546 7.025330 2.503622 7.027224 2.496757 7.017660 2.492969 7.021495 
2.515058 7.299356 2.473616 7.259717 2.514286 7.283912 2.472844 7.284170 2.470785 7.327413 
2.523547 7.069138 2.523547 7.098196 2.523547 7.013026 2.523547 6.972445 2.523547 6.891283 
2.484551 7.143258 2.502809 7.093399 2.549157 7.078652 2.497893 7.214185 2.465590 7.115169 
2.417391 6.704348 2.482609 6.821739 2.565217 6.452174 2.560870 6.960870 2.504348 6.700000 
2.416667 8.583333 2.416667 7.583333 2.416667 8.166667 2.416667 7.083333 2.416667 7.333333 
3.333333 7.666667 3.333333 7.666667 3.333333 12.000000 3.333333 8.000000 3.333333 11.666667 

Cluster 0 is class 0
Cluster 1 is class 0
Cluster 2 is class 7
Cluster 3 is class 0
Cluster 4 is class 0
Cluster 5 is class 0
Cluster 6 is class 3
Cluster 7 is class 9
Cluster 8 is class 0
Cluster 9 is class 7
Cluster 10 is class 8
Cluster 11 is class 7
Cluster 12 is class 0
Cluster 13 is class 0
Cluster 14 is class 0
Cluster 15 is class 9
Cluster 16 is class 0
Cluster 17 is class 1
Cluster 18 is class 0
Cluster 19 is class 9
Cluster 20 is class 3
Cluster 21 is class 0
Cluster 22 is class 0
Cluster 23 is class 9
Cluster 24 is class 0
Cluster 25 is class 7
Cluster 26 is class 8
Cluster 27 is class 8
Cluster 28 is class 8
Cluster 29 is class 0
Cluster 30 is class 0
Cluster 31 is class 9
Cluster 32 is class 8
Cluster 33 is class 0
Cluster 34 is class 0
Cluster 35 is class 0
Cluster 36 is class 0
Cluster 37 is class 0
Cluster 38 is class 7
Cluster 39 is class 8
Cluster 40 is class 6
Cluster 41 is class 0
Cluster 42 is class 0
Cluster 43 is class 8
Cluster 44 is class 0
Cluster 45 is class 0
Cluster 46 is class 0
Cluster 47 is class 8
Cluster 48 is class 0
Cluster 49 is class 0
Cluster 50 is class 0
Cluster 51 is class 0
Cluster 52 is class 8
Cluster 53 is class 9
Cluster 54 is class 0
Cluster 55 is class 8
Cluster 56 is class 0
Cluster 57 is class 7
Cluster 58 is class 7
Cluster 59 is class 8
Cluster 60 is class 7

Overall Accuracy is 0.290106

