----------------------------For Number of clusters 99----------------------------
Avg Clusters:
2.539830 7.507198 2.549201 10.511658 2.451363 10.452267 2.532377 3.044656 2.474002 10.826060 
2.502620 10.985468 2.494517 10.465021 2.504997 5.289720 2.495165 10.044406 2.486792 7.239965 
2.493519 3.337452 2.514548 10.022475 2.497855 6.996130 2.523501 3.600905 2.502704 3.492400 
2.488564 8.312532 2.563533 2.784758 2.564867 10.751438 2.492522 10.196512 2.499747 3.648994 
2.491259 3.351998 2.491758 2.762837 2.546603 3.309041 2.503197 5.387662 2.527423 9.595105 
2.467708 10.907178 2.479059 3.472375 2.510500 10.083844 2.513387 3.488353 2.511094 3.656713 
2.461293 2.903370 2.515563 10.543803 2.540365 6.779729 2.535576 3.522193 2.466020 10.743692 
2.508771 6.784927 2.509021 3.376143 2.477008 9.411352 2.478511 3.329094 2.454642 7.193773 
2.480511 3.623765 2.513437 10.710494 2.495058 10.726541 2.501055 8.204109 2.501999 6.090117 
2.525382 3.198556 2.482191 10.684416 2.454207 2.953497 2.509762 10.325346 2.537392 5.497042 
2.513672 3.028789 2.540095 6.134416 2.483042 9.320231 2.473906 11.002103 2.506179 7.060668 
2.528251 8.745561 2.506238 6.740643 2.531070 3.613304 2.498381 7.299304 2.449016 11.023033 
2.495716 4.767088 2.459986 5.601955 2.506061 2.872945 2.526750 6.823190 2.467729 2.908358 
2.486615 10.887246 2.511837 10.572313 2.519576 10.798108 2.526111 10.540499 2.500430 9.759931 
2.520810 3.493824 2.463417 11.003706 2.486127 2.372577 2.490023 5.045420 2.487362 2.867826 
2.490694 11.714305 2.505717 6.295733 2.434392 10.327307 2.497806 9.537091 2.484180 3.217562 
2.491871 9.967166 2.502540 11.316398 2.514797 10.977137 2.523244 8.573288 2.515115 2.990283 
2.501148 3.990539 2.527304 2.932661 2.494330 4.310817 2.460313 2.702539 2.490087 3.256835 
2.501284 10.672838 2.470135 3.282838 2.482770 5.560676 2.545203 10.954595 2.503176 3.224932 
2.530321 2.582756 2.478418 11.149632 2.500266 11.570606 2.473516 3.563040 2.483854 9.876692 
2.532378 6.926692 2.512279 10.390586 2.512425 3.359304 2.492910 11.213054 2.463894 11.091434 
2.515814 11.156346 2.498526 4.595953 2.505291 3.701590 2.483724 2.675744 2.459613 3.776236 
2.515563 10.772181 2.479092 10.366849 2.539772 7.405772 2.475571 3.429290 2.513174 3.157958 
2.473939 2.817887 2.504040 3.138466 2.491920 7.937262 2.527567 7.784933 2.521388 3.188134 
2.464134 7.353712 2.491879 2.754130 2.486929 3.813175 2.444406 11.169397 2.510561 10.448519 
2.538174 3.308882 2.528360 6.941534 2.507236 11.412259 2.453593 9.387392 2.524451 2.331337 
2.517723 4.206634 2.488812 11.396337 2.543960 10.216733 2.483069 11.413564 2.454059 2.764752 
2.471167 6.632901 2.538668 3.446938 2.527671 2.940635 2.483862 11.414394 2.493339 3.573625 
2.513394 10.875325 2.512552 10.648630 2.511174 6.197612 2.476887 3.042324 2.455687 8.070106 
2.564368 11.331609 2.496616 3.986271 2.502618 10.807663 2.514496 7.397701 2.486718 10.521073 
2.481589 11.224541 2.460018 10.248119 2.492325 5.694592 2.558343 3.322665 2.505669 12.005819 
2.479777 10.955975 2.494507 6.073402 2.509321 10.505742 2.484105 2.526631 2.476531 10.511818 
2.523447 2.512866 2.460235 4.153143 2.465704 10.473415 2.476105 2.480947 2.479154 4.032996 
2.488063 7.251159 2.497857 10.826847 2.470223 2.490686 2.484915 3.025361 2.492698 10.828684 
2.508189 6.666392 2.491262 7.903925 2.514320 11.277793 2.520542 3.142008 2.485497 2.682588 
2.471923 10.934038 2.481635 10.700192 2.523077 2.084423 2.472019 3.770096 2.519038 6.278462 
2.511194 7.328181 2.508406 3.231774 2.461477 4.297506 2.483388 2.558442 2.501394 11.111147 
2.425739 7.199896 2.533264 10.726933 2.472859 6.063311 2.499741 8.063518 2.534717 2.994395 
2.517254 8.162435 2.423712 7.573823 2.535987 10.619670 2.515898 11.753019 2.534139 4.403130 
2.485086 7.551480 2.552696 11.873067 2.513920 11.047282 2.504529 3.005413 2.552254 4.545183 
2.459627 10.628222 2.514466 1.884666 2.540110 10.408206 2.542478 3.020647 2.502499 10.669516 
2.491028 5.269613 2.463740 2.327896 2.512383 11.378763 2.518019 4.629393 2.543823 2.432893 
2.440586 11.188098 2.499061 3.133002 2.500657 5.657593 2.499437 6.960672 2.507415 7.222170 
2.471441 11.244256 2.531458 7.202491 2.513957 2.827249 2.517393 7.397574 2.509126 2.956088 
2.500249 5.793495 2.511341 7.513833 2.497507 6.010095 2.503739 3.393569 2.572782 7.676221 
2.447325 2.652405 2.494483 5.628045 2.517801 2.658443 2.481470 10.954299 2.502290 7.207370 
2.497657 5.653407 2.496455 11.393462 2.533229 9.102752 2.470737 11.556904 2.519769 8.680447 
2.499251 6.606020 2.508077 2.643921 2.519581 10.793318 2.512016 10.848790 2.503900 10.536286 
2.438668 7.252802 2.490979 10.600085 2.526316 2.662645 2.461727 11.417957 2.490872 3.070033 
2.511023 2.465821 2.471100 3.723231 2.503705 7.562245 2.525102 3.269266 2.467210 10.969155 
2.463613 2.867791 2.525500 3.213025 2.533444 10.922519 2.487740 7.011769 2.509808 11.110926 
2.511270 2.808110 2.465593 2.212880 2.474657 10.880024 2.502087 11.323077 2.464162 4.458438 
2.471202 11.516551 2.518128 6.065357 2.472050 2.722323 2.506487 2.818843 2.562144 10.617073 
2.523668 2.559616 2.490687 4.374778 2.491043 3.030015 2.501008 10.870685 2.492822 11.744928 
2.583025 10.573015 2.440011 10.648019 2.471959 7.108323 2.520910 11.747703 2.480735 2.644865 
2.498372 2.693510 2.482527 8.227263 2.500000 3.979379 2.443021 7.261233 2.570111 10.929455 
2.529011 2.306143 2.483189 4.636828 2.522202 10.891616 2.496099 11.491559 2.466449 11.257625 
2.509394 3.412014 2.463085 6.063244 2.519317 11.481344 2.528711 2.652157 2.493252 10.990209 
2.505091 3.137766 2.460969 3.435668 2.479019 11.561247 2.509565 6.208269 2.557235 7.139000 
2.476104 11.819213 2.493242 9.404055 2.491793 11.662443 2.527516 3.064205 2.498914 4.350109 
2.478404 7.514064 2.544074 10.259386 2.508885 3.110274 2.550194 2.407085 2.475815 2.714252 
2.494822 5.225990 2.541929 2.119391 2.479188 11.089137 2.446091 2.554721 2.521015 11.158579 
2.547986 11.254816 2.436252 11.755867 2.485989 3.156042 2.490368 5.800701 2.481261 2.331173 
2.499815 2.897129 2.488111 7.254651 2.506345 5.728102 2.529506 11.417888 2.447579 2.475299 
2.497155 11.482358 2.491805 3.133166 2.486911 10.227521 2.472798 11.650011 2.496585 7.898930 
2.539294 2.546328 2.493440 7.168808 2.475720 2.588124 2.479102 3.015691 2.467604 6.557149 
2.534439 7.864959 2.473248 3.742125 2.460739 7.215825 2.437830 6.538206 2.468274 2.576036 
2.552702 8.382492 2.520667 7.282551 2.548716 11.306318 2.489371 6.689991 2.497195 7.395483 
2.551746 7.743877 2.454258 6.581608 2.495181 5.643230 2.494549 11.125138 2.434824 7.816717 
2.560754 3.226605 2.519436 2.065505 2.488771 5.497121 2.536424 10.756263 2.496545 7.481716 
2.538328 11.678651 2.442192 2.236934 2.519956 5.038961 2.460722 2.946151 2.490497 10.216661 
2.475357 2.634814 2.504233 11.047431 2.495767 7.069813 2.475473 10.685492 2.519889 11.266497 
2.529587 3.106942 2.512893 7.368595 2.481488 2.454050 2.534876 2.474380 2.512727 11.554545 
2.527301 7.008353 2.535035 11.241763 2.463109 3.012684 2.495437 7.166280 2.533488 7.455684 
2.499804 2.260437 2.496794 11.068185 2.459102 11.433582 2.486978 3.762466 2.488810 3.071718 
2.502856 3.628864 2.454301 3.993448 2.479671 7.009577 2.536458 10.564852 2.504200 11.587870 
2.519574 10.536673 2.549123 2.186741 2.475476 2.526624 2.519274 6.988751 2.533523 2.895605 
2.521571 8.004034 2.545598 4.929498 2.512978 2.244651 2.495791 3.102245 2.485970 6.126622 
2.541275 7.761933 2.419601 2.691901 2.448357 2.465962 2.510759 7.346831 2.423318 7.823161 
2.504212 2.407779 2.524646 2.640796 2.476967 3.043735 2.484137 10.587023 2.544363 2.665352 
2.441872 7.452085 2.482043 4.237617 2.409702 9.479319 2.517617 6.514213 2.560681 11.592511 
2.429869 11.303130 2.513524 2.609544 2.498841 2.055062 2.508887 6.183926 2.557960 10.834621 
2.514390 7.582058 2.490945 11.371473 2.483364 8.047171 2.486733 7.424961 2.531939 11.422013 
2.547649 11.807644 2.530299 3.237113 2.430727 3.809781 2.499497 10.623963 2.535077 11.267413 
2.477196 2.443238 2.522804 10.719447 2.528924 2.356960 2.533268 11.396446 2.465943 10.660020 
2.500903 11.240355 2.472008 7.264489 2.487769 2.562469 2.490396 11.741914 2.558036 3.411263 
2.493415 11.039513 2.468390 4.713368 2.554330 8.374877 2.523378 11.346394 2.478433 11.894468 
2.538029 3.231471 2.508925 7.918316 2.480792 10.925107 2.479627 2.728172 2.516104 6.945091 
2.489847 3.739467 2.585578 9.159276 2.550629 11.383340 2.483630 7.917254 2.501589 11.610720 
2.452809 11.730246 2.537313 11.795435 2.516681 2.704126 2.505268 10.662204 2.462906 3.557946 
2.527089 7.392705 2.469547 7.763456 2.433605 11.226275 2.498938 11.444228 2.528683 11.367741 
2.539096 11.572221 2.473841 11.319164 2.500284 2.761444 2.513221 8.201877 2.502132 11.290731 
2.480695 2.372587 2.461390 10.920420 2.514586 11.841699 2.562634 11.407336 2.484341 10.280781 
2.502283 2.922222 2.478843 11.819635 2.516895 2.978843 2.557839 3.060274 2.469711 7.553425 
2.455516 11.680571 2.495565 11.342156 2.472977 11.252772 2.453714 4.962029 2.560421 9.672810 
2.504716 3.253406 2.492350 11.943827 2.534270 2.685181 2.554182 6.682457 2.538042 11.172710 
2.521165 11.504233 2.530308 3.728242 2.518456 2.468845 2.492550 11.419065 2.485777 6.894175 
2.474957 11.651813 2.498791 8.644214 2.531434 4.079275 2.473057 11.737133 2.532470 11.118135 
2.514760 2.301927 2.476578 11.718225 2.487538 6.406046 2.509104 10.569383 2.550292 3.441046 

Avg Classes:
2.501062 6.987991 2.500831 7.004122 2.500320 6.993248 2.501601 6.996249 2.500578 6.990609 
2.499498 7.005723 2.498374 7.006795 2.501292 7.002107 2.499690 7.004367 2.498954 6.983451 
2.499895 6.977804 2.500798 6.985700 2.497879 6.992608 2.496556 7.012830 2.497165 6.990719 
2.505279 7.053359 2.508546 7.025330 2.503622 7.027224 2.496757 7.017660 2.492969 7.021495 
2.515058 7.299356 2.473616 7.259717 2.514286 7.283912 2.472844 7.284170 2.470785 7.327413 
2.523547 7.069138 2.523547 7.098196 2.523547 7.013026 2.523547 6.972445 2.523547 6.891283 
2.484551 7.143258 2.502809 7.093399 2.549157 7.078652 2.497893 7.214185 2.465590 7.115169 
2.417391 6.704348 2.482609 6.821739 2.565217 6.452174 2.560870 6.960870 2.504348 6.700000 
2.416667 8.583333 2.416667 7.583333 2.416667 8.166667 2.416667 7.083333 2.416667 7.333333 
3.333333 7.666667 3.333333 7.666667 3.333333 12.000000 3.333333 8.000000 3.333333 11.666667 

Cluster 0 is class 8
Cluster 1 is class 4
Cluster 2 is class 0
Cluster 3 is class 0
Cluster 4 is class 7
Cluster 5 is class 0
Cluster 6 is class 0
Cluster 7 is class 0
Cluster 8 is class 0
Cluster 9 is class 0
Cluster 10 is class 0
Cluster 11 is class 0
Cluster 12 is class 7
Cluster 13 is class 9
Cluster 14 is class 7
Cluster 15 is class 8
Cluster 16 is class 8
Cluster 17 is class 7
Cluster 18 is class 0
Cluster 19 is class 0
Cluster 20 is class 0
Cluster 21 is class 0
Cluster 22 is class 8
Cluster 23 is class 0
Cluster 24 is class 0
Cluster 25 is class 0
Cluster 26 is class 0
Cluster 27 is class 0
Cluster 28 is class 8
Cluster 29 is class 9
Cluster 30 is class 8
Cluster 31 is class 8
Cluster 32 is class 0
Cluster 33 is class 0
Cluster 34 is class 0
Cluster 35 is class 5
Cluster 36 is class 0
Cluster 37 is class 0
Cluster 38 is class 0
Cluster 39 is class 0
Cluster 40 is class 0
Cluster 41 is class 0
Cluster 42 is class 0
Cluster 43 is class 7
Cluster 44 is class 7
Cluster 45 is class 7
Cluster 46 is class 3
Cluster 47 is class 9
Cluster 48 is class 7
Cluster 49 is class 0
Cluster 50 is class 9
Cluster 51 is class 0
Cluster 52 is class 0
Cluster 53 is class 0
Cluster 54 is class 8
Cluster 55 is class 0
Cluster 56 is class 9
Cluster 57 is class 9
Cluster 58 is class 2
Cluster 59 is class 8
Cluster 60 is class 5
Cluster 61 is class 0
Cluster 62 is class 0
Cluster 63 is class 0
Cluster 64 is class 4
Cluster 65 is class 7
Cluster 66 is class 0
Cluster 67 is class 8
Cluster 68 is class 0
Cluster 69 is class 0
Cluster 70 is class 0
Cluster 71 is class 4
Cluster 72 is class 0
Cluster 73 is class 0
Cluster 74 is class 0
Cluster 75 is class 0
Cluster 76 is class 0
Cluster 77 is class 0
Cluster 78 is class 7
Cluster 79 is class 7
Cluster 80 is class 9
Cluster 81 is class 0
Cluster 82 is class 4
Cluster 83 is class 0
Cluster 84 is class 0
Cluster 85 is class 0
Cluster 86 is class 9
Cluster 87 is class 0
Cluster 88 is class 9
Cluster 89 is class 0
Cluster 90 is class 9
Cluster 91 is class 0
Cluster 92 is class 9
Cluster 93 is class 0
Cluster 94 is class 8
Cluster 95 is class 0
Cluster 96 is class 0
Cluster 97 is class 8
Cluster 98 is class 0

Overall Accuracy is 0.309306

