----------------------------For Number of clusters 29----------------------------
Avg Clusters:
2.501825 4.662381 2.520398 10.177329 2.501314 4.575621 2.484735 10.272237 2.503889 10.197753 
2.497288 4.691725 2.487617 3.859826 2.510363 4.483091 2.512214 4.332236 2.521847 10.179885 
2.499017 10.567770 2.480184 4.379205 2.496279 4.464420 2.507983 10.326750 2.503188 9.854447 
2.505644 10.909696 2.505012 4.598106 2.484094 4.268675 2.477832 3.206525 2.494698 9.636785 
2.518676 4.014337 2.518425 4.315871 2.501395 9.989461 2.489461 10.308296 2.501162 4.179421 
2.502903 9.974960 2.486927 10.059937 2.488472 3.867847 2.491417 10.193781 2.505889 4.064051 
2.496619 4.344175 2.508173 10.006721 2.495457 4.452829 2.517424 3.909870 2.489836 3.963492 
2.494415 4.686698 2.512988 4.635509 2.503791 10.620435 2.499821 10.203634 2.496052 10.847533 
2.495840 9.964538 2.518332 10.000371 2.478611 10.082520 2.516519 3.721869 2.506846 9.783470 
2.523932 10.174905 2.476193 11.024119 2.514953 3.316805 2.481167 5.164581 2.501314 10.461178 
2.502506 9.723215 2.503332 10.167109 2.514122 10.262781 2.502978 10.640692 2.489062 10.031753 
2.495468 3.926348 2.500101 10.987183 2.513975 10.171879 2.493151 9.772045 2.502594 4.269326 
2.505115 4.153113 2.491891 4.029995 2.494797 10.762425 2.491193 3.205226 2.478870 9.682701 
2.520558 3.134602 2.522585 10.688410 2.498230 9.957039 2.502799 4.437419 2.491937 10.418963 
2.512767 10.234518 2.497071 3.300995 2.488314 4.468240 2.527097 9.402388 2.494569 3.122832 
2.495912 3.098593 2.475877 9.397650 2.506261 3.213796 2.503867 10.538377 2.508324 3.787603 
2.507151 10.224919 2.509462 9.621344 2.512715 10.274301 2.501183 4.030296 2.510188 3.220511 
2.488967 10.756949 2.518621 3.632116 2.506492 10.945447 2.485280 9.919328 2.492990 4.973851 
2.504366 3.341903 2.498626 9.527892 2.483345 10.771364 2.512127 3.185100 2.504527 3.609831 
2.469690 9.678382 2.479235 3.140044 2.515392 9.728666 2.510556 3.276043 2.494753 3.815329 
2.504117 3.756775 2.526202 3.311611 2.501348 3.808167 2.471066 4.209725 2.469120 3.592304 
2.491787 10.763830 2.499566 3.212793 2.524308 10.762919 2.501883 5.115437 2.497497 10.745211 
2.504730 10.549135 2.467088 10.148459 2.513552 10.428368 2.528599 10.608048 2.516297 3.254963 
2.493710 10.645212 2.513543 5.252181 2.501607 3.096777 2.494445 3.327059 2.470802 3.326141 
2.505096 3.273191 2.446862 3.206367 2.488605 10.614407 2.489464 4.157123 2.521874 3.243587 
2.483201 3.317804 2.507346 10.292467 2.512498 3.154154 2.532811 3.538602 2.487629 10.471575 
2.491101 10.698859 2.467808 11.287165 2.502879 3.709747 2.495446 3.515285 2.496912 3.820509 
2.509196 3.506431 2.474794 3.526589 2.499635 3.408562 2.491150 10.652025 2.492110 10.189595 
2.463107 3.873688 2.528628 3.068240 2.483117 3.544560 2.505791 10.840465 2.530042 3.728291 

Avg Classes:
2.501062 6.987991 2.500831 7.004122 2.500320 6.993248 2.501601 6.996249 2.500578 6.990609 
2.499498 7.005723 2.498374 7.006795 2.501292 7.002107 2.499690 7.004367 2.498954 6.983451 
2.499895 6.977804 2.500798 6.985700 2.497879 6.992608 2.496556 7.012830 2.497165 6.990719 
2.505279 7.053359 2.508546 7.025330 2.503622 7.027224 2.496757 7.017660 2.492969 7.021495 
2.515058 7.299356 2.473616 7.259717 2.514286 7.283912 2.472844 7.284170 2.470785 7.327413 
2.523547 7.069138 2.523547 7.098196 2.523547 7.013026 2.523547 6.972445 2.523547 6.891283 
2.484551 7.143258 2.502809 7.093399 2.549157 7.078652 2.497893 7.214185 2.465590 7.115169 
2.417391 6.704348 2.482609 6.821739 2.565217 6.452174 2.560870 6.960870 2.504348 6.700000 
2.416667 8.583333 2.416667 7.583333 2.416667 8.166667 2.416667 7.083333 2.416667 7.333333 
3.333333 7.666667 3.333333 7.666667 3.333333 12.000000 3.333333 8.000000 3.333333 11.666667 

Cluster 0 is class 0
Cluster 1 is class 7
Cluster 2 is class 0
Cluster 3 is class 0
Cluster 4 is class 0
Cluster 5 is class 0
Cluster 6 is class 0
Cluster 7 is class 9
Cluster 8 is class 8
Cluster 9 is class 0
Cluster 10 is class 8
Cluster 11 is class 0
Cluster 12 is class 0
Cluster 13 is class 0
Cluster 14 is class 7
Cluster 15 is class 0
Cluster 16 is class 8
Cluster 17 is class 8
Cluster 18 is class 0
Cluster 19 is class 0
Cluster 20 is class 7
Cluster 21 is class 8
Cluster 22 is class 8
Cluster 23 is class 0
Cluster 24 is class 0
Cluster 25 is class 0
Cluster 26 is class 5
Cluster 27 is class 0
Cluster 28 is class 0

Overall Accuracy is 0.331599

