----------------------------For Number of clusters 7----------------------------
Avg Clusters:
2.502209 4.911998 2.503396 7.339770 2.499709 9.471331 2.510495 4.628448 2.492893 4.167053 
2.507521 9.094652 2.502224 9.961058 2.498115 9.677162 2.499037 7.758962 2.506791 9.727356 
2.501410 8.619838 2.495595 5.230089 2.501476 5.552589 2.503254 10.559006 2.496578 4.014720 
2.499470 4.063910 2.503143 8.866836 2.505239 3.356431 2.499758 7.851684 2.500033 9.267389 
2.491566 9.333973 2.487947 3.637402 2.499784 5.967207 2.501307 4.251108 2.509899 9.811438 
2.495737 10.042728 2.499305 9.921089 2.500892 4.190907 2.490954 4.306920 2.488908 4.098556 
2.503016 3.866158 2.508404 3.849616 2.501199 9.895927 2.485034 9.799141 2.501107 8.931931 

Avg Classes:
2.501062 6.987991 2.500831 7.004122 2.500320 6.993248 2.501601 6.996249 2.500578 6.990609 
2.499498 7.005723 2.498374 7.006795 2.501292 7.002107 2.499690 7.004367 2.498954 6.983451 
2.499895 6.977804 2.500798 6.985700 2.497879 6.992608 2.496556 7.012830 2.497165 6.990719 
2.505279 7.053359 2.508546 7.025330 2.503622 7.027224 2.496757 7.017660 2.492969 7.021495 
2.515058 7.299356 2.473616 7.259717 2.514286 7.283912 2.472844 7.284170 2.470785 7.327413 
2.523547 7.069138 2.523547 7.098196 2.523547 7.013026 2.523547 6.972445 2.523547 6.891283 
2.484551 7.143258 2.502809 7.093399 2.549157 7.078652 2.497893 7.214185 2.465590 7.115169 
2.417391 6.704348 2.482609 6.821739 2.565217 6.452174 2.560870 6.960870 2.504348 6.700000 
2.416667 8.583333 2.416667 7.583333 2.416667 8.166667 2.416667 7.083333 2.416667 7.333333 
3.333333 7.666667 3.333333 7.666667 3.333333 12.000000 3.333333 8.000000 3.333333 11.666667 

Cluster 0 is class 0
Cluster 1 is class 8
Cluster 2 is class 0
Cluster 3 is class 0
Cluster 4 is class 0
Cluster 5 is class 0
Cluster 6 is class 0

Overall Accuracy is 0.445014

