----------------------------For Number of clusters 100----------------------------
Avg Clusters:
2.528264 3.115986 2.471526 9.791508 2.494901 10.969722 2.498980 3.500811 2.478429 6.547247 
2.535153 3.518587 2.501491 2.866874 2.479756 5.335034 2.488304 4.521702 2.504539 2.771056 
2.488802 10.823711 2.548233 3.928241 2.494607 10.562205 2.492038 7.367629 2.519725 3.470773 
2.487796 6.327281 2.489574 10.548413 2.481491 3.289078 2.481222 7.793092 2.535859 3.095533 
2.505665 10.695060 2.510769 6.444524 2.478871 4.766510 2.504440 11.077983 2.476370 3.466112 
2.495893 10.624570 2.481855 10.678162 2.495194 11.170327 2.507893 10.449059 2.502068 3.566319 
2.502660 2.681209 2.510587 9.278948 2.468085 8.206424 2.479235 10.807999 2.478468 5.475757 
2.489355 5.413697 2.472770 3.022362 2.483671 3.800652 2.476403 11.221710 2.519404 10.063965 
2.491055 10.349916 2.535834 10.131931 2.515118 10.896003 2.506853 3.333647 2.496757 3.159395 
2.520568 10.636079 2.462680 4.589907 2.491836 11.161154 2.525445 8.511291 2.505142 10.852364 
2.465106 3.305388 2.441523 3.571227 2.523611 10.970437 2.478195 10.739069 2.512948 7.387645 
2.482974 10.803763 2.487411 3.946384 2.474421 2.708024 2.506709 7.340942 2.527450 10.320361 
2.527413 2.814148 2.511093 3.351676 2.495988 9.687572 2.526468 8.789804 2.469148 11.624857 
2.478868 6.375527 2.507442 10.577506 2.510952 2.758495 2.476622 11.398133 2.485748 7.304058 
2.522394 11.132903 2.530460 3.422294 2.489206 5.429669 2.457863 11.703849 2.491972 10.181532 
2.503838 8.707511 2.538857 11.362185 2.512061 10.594709 2.517887 8.737527 2.488967 10.984375 
2.517319 3.958561 2.499439 3.486748 2.475880 6.991586 2.515566 11.167368 2.479947 2.815804 
2.478916 3.119406 2.501291 10.675129 2.482573 7.162149 2.529618 4.052496 2.513769 2.490820 
2.497622 7.130258 2.507998 6.775184 2.448212 7.519918 2.522389 3.286147 2.529059 10.723427 
2.479063 10.913607 2.513633 6.941817 2.542220 3.533657 2.452616 2.836282 2.468170 6.623260 
2.498893 3.559001 2.505919 10.639884 2.526465 11.487207 2.489422 9.931261 2.533949 2.619950 
2.452493 5.644349 2.518729 3.150157 2.488841 11.426651 2.492691 4.105782 2.505416 9.116549 
2.481691 10.504609 2.497421 3.282368 2.536829 10.386977 2.483975 11.552389 2.502579 6.797801 
2.498195 11.061429 2.495038 10.956466 2.472932 3.535564 2.521203 6.734662 2.494361 7.305038 
2.489776 6.672894 2.505612 9.331873 2.512761 5.363622 2.493312 11.006458 2.456796 11.489852 
2.513118 2.800396 2.498220 7.793606 2.513975 2.862887 2.484245 4.526632 2.503428 10.361503 
2.539373 10.169586 2.481315 2.082332 2.490657 4.130547 2.458208 3.052302 2.499333 7.298799 
2.518161 2.551792 2.498853 11.537232 2.517449 3.142360 2.549418 8.703411 2.549498 9.517290 
2.456224 2.572864 2.457755 7.037126 2.514018 3.000957 2.525500 7.620132 2.484834 3.401206 
2.528317 4.107014 2.522226 8.120761 2.490698 11.254692 2.479091 10.855861 2.536714 11.057458 
2.486807 7.098772 2.498307 3.400875 2.524552 10.635883 2.495061 2.835050 2.477212 4.017567 
2.529457 11.183842 2.484840 10.713299 2.532431 6.613894 2.509019 7.024755 2.488870 2.565630 
2.517769 3.719546 2.501099 6.372962 2.531508 11.036454 2.491390 6.071442 2.516853 2.664774 
2.497051 11.499017 2.493223 9.674703 2.499121 9.482876 2.484842 11.572685 2.495603 10.341335 
2.510674 3.092858 2.493954 2.941621 2.517948 3.164840 2.489892 7.105611 2.480068 11.130644 
2.523810 6.784287 2.560009 2.891972 2.524495 11.394884 2.460774 10.681969 2.479845 2.818088 
2.518278 11.248583 2.493785 3.881740 2.522025 6.662767 2.530616 2.812557 2.490770 2.529245 
2.522229 2.373849 2.470267 3.065151 2.483798 10.901194 2.495054 3.015918 2.505742 3.527686 
2.480280 4.296712 2.502287 10.882886 2.494002 2.419263 2.523431 2.811340 2.464486 3.982135 
2.481481 11.158331 2.498982 10.505393 2.518368 10.283699 2.496492 3.060798 2.530814 8.057705 
2.445382 6.987229 2.491220 2.135690 2.510604 7.175485 2.481984 3.395325 2.512429 11.302166 
2.488098 10.684202 2.457433 2.391360 2.516222 3.194833 2.519864 10.850064 2.523338 4.186616 
2.469893 2.620986 2.493310 5.287801 2.499888 7.540143 2.514050 2.831847 2.472346 7.608608 
2.501303 11.484470 2.505539 4.642376 2.502932 4.460143 2.489791 2.482732 2.515530 11.760426 
2.484672 11.089572 2.505527 11.096559 2.512617 2.782482 2.506048 11.215746 2.492388 3.267258 
2.480567 10.983305 2.494659 3.477605 2.517099 11.343237 2.499058 2.780899 2.481465 10.528857 
2.497965 10.812580 2.492966 6.898268 2.483897 2.382397 2.512033 5.179398 2.482037 2.459133 
2.493094 11.553114 2.503516 3.555500 2.486690 8.692742 2.510673 4.474887 2.454169 7.438850 
2.525351 11.134736 2.475836 7.827292 2.494283 2.654369 2.511219 11.172384 2.532902 10.038080 
2.511276 7.401751 2.489563 3.900672 2.499280 2.703935 2.465571 8.592970 2.504798 3.286948 
2.478888 11.186764 2.489038 11.063236 2.491880 3.001117 2.492895 3.120991 2.479903 10.963662 
2.477605 11.414452 2.449239 3.748283 2.487758 11.798447 2.518513 2.563750 2.536578 3.636309 
2.525907 3.629099 2.507324 2.858220 2.522191 2.707477 2.506449 2.881395 2.523830 7.409160 
2.511028 7.393162 2.440722 7.291977 2.553350 10.560243 2.517232 10.782189 2.538875 3.300937 
2.500212 2.588995 2.523280 7.106984 2.464444 3.111958 2.524339 11.324127 2.491746 10.803069 
2.587190 7.101443 2.458050 11.025736 2.488863 3.008078 2.490710 6.922447 2.505943 11.162031 
2.514983 11.044554 2.493737 3.034723 2.521167 6.876804 2.550182 7.781988 2.479467 11.237990 
2.499558 3.198250 2.537299 11.378292 2.508662 7.748188 2.511137 3.842054 2.448913 11.277090 
2.551012 11.322869 2.550461 9.210519 2.452155 10.545918 2.472945 3.523751 2.505852 11.979347 
2.464463 2.901687 2.453678 7.245713 2.552683 7.975940 2.450221 7.041482 2.545769 10.737140 
2.479735 11.581141 2.493797 3.544913 2.474276 10.195533 2.550372 11.659553 2.509016 2.366253 
2.540719 11.236252 2.469279 11.963554 2.514272 3.303983 2.494114 10.584583 2.469602 10.953556 
2.485882 11.217798 2.468433 10.214943 2.505076 6.789816 2.534423 6.551555 2.497621 11.074397 
2.502772 7.175506 2.527122 11.138139 2.521818 4.179364 2.505304 2.631750 2.469865 7.486982 
2.483881 7.347813 2.546542 6.384592 2.546542 7.260481 2.552898 9.468897 2.483427 6.896625 
2.548334 9.092320 2.449596 11.780170 2.538812 7.167460 2.512523 2.484165 2.474436 11.034154 
2.494641 7.645134 2.535944 3.644562 2.476490 2.474489 2.490353 2.728884 2.503502 2.896384 
2.510289 3.102386 2.531877 8.982199 2.518874 11.725035 2.483399 3.029163 2.501957 11.577831 
2.569018 6.846002 2.511706 2.732289 2.521435 8.434022 2.519915 10.472788 2.501520 11.032837 
2.484037 4.441518 2.593939 2.414300 2.501839 2.541562 2.529204 11.297778 2.529940 3.387671 
2.470945 3.153257 2.477810 11.512452 2.553001 2.832695 2.569764 2.420179 2.498563 10.723819 
2.482297 4.499668 2.491845 10.883039 2.443575 11.549264 2.510145 2.643814 2.542899 2.461079 
2.510608 10.092014 2.440048 11.044338 2.474493 5.908939 2.476877 2.246961 2.552920 3.119547 
2.500270 11.590214 2.494693 2.317503 2.522936 3.621335 2.553337 6.543443 2.496312 3.096060 
2.532046 6.428822 2.493666 11.287721 2.540574 7.094193 2.502195 11.461683 2.504578 2.776119 
2.489103 2.854051 2.500526 2.520968 2.478581 8.416053 2.536750 7.118142 2.516609 6.310086 
2.441568 6.475189 2.489572 5.883675 2.444624 2.629989 2.497663 6.801690 2.475009 7.721143 
2.471918 2.652211 2.516565 11.624058 2.496659 7.488270 2.454713 11.054031 2.517702 10.992606 
2.523130 2.481119 2.491739 11.036346 2.473330 3.318386 2.491975 11.154827 2.511447 2.931791 
2.541994 2.925196 2.512106 6.693438 2.539489 3.201536 2.474871 2.380865 2.434296 3.328102 
2.505330 7.048341 2.509683 11.027323 2.459991 11.611320 2.546915 3.052094 2.476805 10.462843 
2.495980 7.272779 2.527182 2.908691 2.505360 12.008231 2.517802 11.387060 2.494832 10.976838 
2.492036 2.664621 2.558381 11.504896 2.517171 11.573433 2.555458 7.939646 2.443227 9.573433 
2.518903 10.883873 2.528792 8.010847 2.541394 11.007976 2.438826 6.902855 2.519700 6.616207 
2.465712 7.112524 2.514971 7.241307 2.465390 7.655827 2.522215 3.287991 2.474887 3.250966 
2.506483 6.362201 2.553524 11.603723 2.439993 8.260140 2.468916 6.445312 2.568983 5.816489 
2.492215 5.250412 2.446419 11.511266 2.561275 11.230628 2.514929 11.860597 2.533065 7.995604 
2.521779 2.305283 2.509917 11.031696 2.505839 6.138276 2.525301 3.403151 2.513438 6.882854 
2.493361 10.934661 2.465234 11.227114 2.524284 7.287386 2.520440 11.131377 2.507512 6.372467 
2.539322 2.389386 2.491528 3.149936 2.485454 10.942775 2.476982 2.634271 2.496004 11.222027 
2.477419 7.705882 2.497913 2.578558 2.517078 7.439848 2.437951 7.085958 2.420493 3.023909 
2.485640 2.276990 2.533910 2.891696 2.482180 3.035294 2.494118 8.783045 2.450346 6.526125 
2.493492 2.411945 2.473009 3.803982 2.461524 5.342458 2.575995 2.437404 2.519525 11.758806 
2.502401 6.985136 2.526412 10.893666 2.492111 12.011434 2.496684 7.380974 2.479991 5.589298 
2.541674 2.125610 2.549924 3.755346 2.499579 11.486109 2.499747 10.344334 2.474659 2.544704 
2.484663 10.950044 2.488869 11.563190 2.515863 2.002279 2.484663 3.518317 2.494654 3.288519 
2.496350 7.572080 2.515967 9.213276 2.521214 2.404653 2.487226 2.804060 2.556797 11.682482 
2.474433 2.671665 2.463091 6.183968 2.545944 2.664744 2.442138 11.947136 2.492695 4.520185 
-1.000000 -1.000000 -1.000000 -1.000000 -1.000000 -1.000000 -1.000000 -1.000000 -1.000000 -1.000000 
2.520173 6.804675 2.529697 3.365541 2.514805 2.216450 2.493506 3.200173 2.445541 11.461126 

Avg Classes:
2.501062 6.987991 2.500831 7.004122 2.500320 6.993248 2.501601 6.996249 2.500578 6.990609 
2.499498 7.005723 2.498374 7.006795 2.501292 7.002107 2.499690 7.004367 2.498954 6.983451 
2.499895 6.977804 2.500798 6.985700 2.497879 6.992608 2.496556 7.012830 2.497165 6.990719 
2.505279 7.053359 2.508546 7.025330 2.503622 7.027224 2.496757 7.017660 2.492969 7.021495 
2.515058 7.299356 2.473616 7.259717 2.514286 7.283912 2.472844 7.284170 2.470785 7.327413 
2.523547 7.069138 2.523547 7.098196 2.523547 7.013026 2.523547 6.972445 2.523547 6.891283 
2.484551 7.143258 2.502809 7.093399 2.549157 7.078652 2.497893 7.214185 2.465590 7.115169 
2.417391 6.704348 2.482609 6.821739 2.565217 6.452174 2.560870 6.960870 2.504348 6.700000 
2.416667 8.583333 2.416667 7.583333 2.416667 8.166667 2.416667 7.083333 2.416667 7.333333 
3.333333 7.666667 3.333333 7.666667 3.333333 12.000000 3.333333 8.000000 3.333333 11.666667 

Cluster 0 is class 0
Cluster 1 is class 7
Cluster 2 is class 5
Cluster 3 is class 0
Cluster 4 is class 0
Cluster 5 is class 8
Cluster 6 is class 0
Cluster 7 is class 0
Cluster 8 is class 8
Cluster 9 is class 9
Cluster 10 is class 0
Cluster 11 is class 0
Cluster 12 is class 0
Cluster 13 is class 6
Cluster 14 is class 4
Cluster 15 is class 9
Cluster 16 is class 0
Cluster 17 is class 0
Cluster 18 is class 0
Cluster 19 is class 0
Cluster 20 is class 0
Cluster 21 is class 0
Cluster 22 is class 8
Cluster 23 is class 0
Cluster 24 is class 0
Cluster 25 is class 7
Cluster 26 is class 0
Cluster 27 is class 7
Cluster 28 is class 0
Cluster 29 is class 9
Cluster 30 is class 0
Cluster 31 is class 5
Cluster 32 is class 0
Cluster 33 is class 8
Cluster 34 is class 0
Cluster 35 is class 0
Cluster 36 is class 7
Cluster 37 is class 0
Cluster 38 is class 7
Cluster 39 is class 8
Cluster 40 is class 0
Cluster 41 is class 0
Cluster 42 is class 0
Cluster 43 is class 0
Cluster 44 is class 6
Cluster 45 is class 8
Cluster 46 is class 0
Cluster 47 is class 8
Cluster 48 is class 0
Cluster 49 is class 0
Cluster 50 is class 0
Cluster 51 is class 8
Cluster 52 is class 0
Cluster 53 is class 0
Cluster 54 is class 0
Cluster 55 is class 4
Cluster 56 is class 4
Cluster 57 is class 0
Cluster 58 is class 9
Cluster 59 is class 0
Cluster 60 is class 8
Cluster 61 is class 4
Cluster 62 is class 8
Cluster 63 is class 0
Cluster 64 is class 0
Cluster 65 is class 0
Cluster 66 is class 7
Cluster 67 is class 9
Cluster 68 is class 0
Cluster 69 is class 0
Cluster 70 is class 0
Cluster 71 is class 5
Cluster 72 is class 5
Cluster 73 is class 0
Cluster 74 is class 0
Cluster 75 is class 0
Cluster 76 is class 0
Cluster 77 is class 0
Cluster 78 is class 7
Cluster 79 is class 7
Cluster 80 is class 9
Cluster 81 is class 9
Cluster 82 is class 9
Cluster 83 is class 8
Cluster 84 is class 0
Cluster 85 is class 0
Cluster 86 is class 4
Cluster 87 is class 0
Cluster 88 is class 4
Cluster 89 is class 0
Cluster 90 is class 1
Cluster 91 is class 0
Cluster 92 is class 0
Cluster 93 is class 8
Cluster 94 is class 0
Cluster 95 is class 0
Cluster 96 is class 0
Cluster 97 is class 7
Cluster 98 is class 7
Cluster 99 is class 0

Overall Accuracy is 0.312069

