----------------------------For Number of clusters 23----------------------------
Avg Clusters:
2.510534 10.085301 2.488355 4.507657 2.498521 4.646667 2.499861 10.042937 2.504536 10.288969 
2.494371 3.877622 2.506506 9.361904 2.509902 3.619267 2.513947 3.838583 2.499293 9.612639 
2.504224 4.292857 2.512710 10.466084 2.487443 5.425416 2.493592 10.618643 2.501753 10.311074 
2.497984 9.166000 2.487130 3.709206 2.492542 9.377394 2.497859 3.945681 2.489091 3.661600 
2.502795 10.002676 2.469255 9.901661 2.502359 9.215648 2.513539 9.788515 2.504024 3.479127 
2.493676 9.423317 2.500565 9.575892 2.508508 3.451626 2.504009 3.839595 2.490024 3.599251 
2.513179 9.785507 2.504502 9.749471 2.497336 10.609026 2.512481 9.403769 2.502105 10.528905 
2.517406 4.278000 2.522864 9.982078 2.482293 10.701693 2.501289 3.906008 2.491770 10.129513 
2.510699 3.608588 2.519887 3.889703 2.509903 9.389802 2.486027 10.032304 2.496084 3.850073 
2.500529 3.664857 2.510032 3.919171 2.497837 3.645414 2.487345 4.694147 2.489301 3.837398 
2.492076 10.163972 2.498282 4.157468 2.506893 10.167545 2.506527 3.942930 2.498557 10.632368 
2.493588 10.091143 2.480763 10.293536 2.482420 2.993488 2.482877 10.794008 2.496672 5.186313 
2.505504 3.241348 2.485568 9.807348 2.510666 3.735923 2.513669 9.856202 2.509692 3.433263 
2.490166 4.195010 2.500636 3.924951 2.507021 10.338307 2.505969 10.179648 2.497309 10.687182 
2.505221 10.060318 2.510573 3.312890 2.492337 3.779172 2.523275 9.755247 2.503039 3.337100 
2.494174 9.808077 2.503949 3.778675 2.495949 3.184026 2.480386 3.286148 2.498418 9.565788 
2.510806 3.229293 2.477065 3.167398 2.498951 9.035595 2.494481 3.395710 2.503366 9.534954 
2.482146 10.661894 2.518544 3.387821 2.510402 10.948318 2.487735 10.641056 2.508711 5.395239 
2.496187 3.600240 2.508927 10.751687 2.522602 10.804634 2.489641 9.619729 2.515063 4.456155 
2.501654 10.720185 2.479125 10.927537 2.501968 4.617322 2.488764 4.432898 2.483716 10.598899 
2.496190 10.324847 2.537068 10.466439 2.518171 10.623571 2.505503 3.234414 2.512155 4.671041 
2.486548 3.394559 2.485918 3.521040 2.506673 3.025974 2.492037 9.983564 2.506853 9.553673 
2.495901 3.267042 2.493219 9.512205 2.486227 9.508468 2.519649 3.072328 2.501115 3.295763 

Avg Classes:
2.501062 6.987991 2.500831 7.004122 2.500320 6.993248 2.501601 6.996249 2.500578 6.990609 
2.499498 7.005723 2.498374 7.006795 2.501292 7.002107 2.499690 7.004367 2.498954 6.983451 
2.499895 6.977804 2.500798 6.985700 2.497879 6.992608 2.496556 7.012830 2.497165 6.990719 
2.505279 7.053359 2.508546 7.025330 2.503622 7.027224 2.496757 7.017660 2.492969 7.021495 
2.515058 7.299356 2.473616 7.259717 2.514286 7.283912 2.472844 7.284170 2.470785 7.327413 
2.523547 7.069138 2.523547 7.098196 2.523547 7.013026 2.523547 6.972445 2.523547 6.891283 
2.484551 7.143258 2.502809 7.093399 2.549157 7.078652 2.497893 7.214185 2.465590 7.115169 
2.417391 6.704348 2.482609 6.821739 2.565217 6.452174 2.560870 6.960870 2.504348 6.700000 
2.416667 8.583333 2.416667 7.583333 2.416667 8.166667 2.416667 7.083333 2.416667 7.333333 
3.333333 7.666667 3.333333 7.666667 3.333333 12.000000 3.333333 8.000000 3.333333 11.666667 

Cluster 0 is class 0
Cluster 1 is class 0
Cluster 2 is class 0
Cluster 3 is class 0
Cluster 4 is class 8
Cluster 5 is class 0
Cluster 6 is class 9
Cluster 7 is class 4
Cluster 8 is class 0
Cluster 9 is class 0
Cluster 10 is class 4
Cluster 11 is class 0
Cluster 12 is class 7
Cluster 13 is class 9
Cluster 14 is class 0
Cluster 15 is class 0
Cluster 16 is class 0
Cluster 17 is class 8
Cluster 18 is class 0
Cluster 19 is class 8
Cluster 20 is class 8
Cluster 21 is class 0
Cluster 22 is class 0

Overall Accuracy is 0.320339

