----------------------------For Number of clusters 64----------------------------
Avg Clusters:
2.525906 2.849307 2.518882 4.332163 2.501177 9.712408 2.484594 10.663130 2.502191 3.702017 
2.493541 10.718503 2.492031 10.381859 2.496106 9.957018 2.508874 9.284998 2.514247 3.911017 
2.504893 10.496618 2.495754 10.576599 2.500792 3.136792 2.487515 9.909189 2.499640 3.857955 
2.486271 3.610225 2.512876 10.137540 2.504724 4.049543 2.544219 3.511865 2.488609 10.319505 
2.477038 3.808107 2.503809 3.241412 2.497197 2.965826 2.504672 10.082543 2.513691 4.621029 
2.516518 10.918075 2.509434 3.326436 2.481272 3.703970 2.520376 8.916497 2.504384 3.626149 
2.504992 3.626180 2.507467 10.216316 2.489894 10.308642 2.518158 3.613259 2.500340 4.041947 
2.478520 3.454381 2.547995 10.216309 2.503753 10.694678 2.509674 7.495153 2.502320 10.692415 
2.480774 10.304729 2.514552 6.328976 2.490049 4.729816 2.489429 3.273617 2.503999 9.456199 
2.480254 4.400892 2.505991 11.312826 2.494761 7.745473 2.505185 9.594272 2.529257 3.194777 
2.475778 10.253327 2.467666 3.824948 2.524110 9.868832 2.508074 3.556183 2.518952 2.759756 
2.504143 4.036043 2.483334 3.601008 2.495017 10.410943 2.500859 3.573976 2.485396 11.001375 
2.515268 4.780801 2.512773 3.098351 2.479327 4.237585 2.471659 3.685222 2.480667 3.343928 
2.499609 10.730542 2.538221 10.465736 2.508175 10.389425 2.511044 3.113966 2.508696 4.090921 
2.500499 3.225268 2.476329 4.974208 2.498877 3.327773 2.490473 10.412514 2.497962 11.054455 
2.484690 10.585100 2.520276 3.646210 2.513021 10.894062 2.488188 10.772058 2.497560 4.350205 
2.483292 10.526963 2.474437 10.584092 2.508554 6.519560 2.472686 10.266083 2.471086 10.006903 
2.507449 5.227859 2.480726 9.721946 2.508455 10.808857 2.487998 11.774861 2.516909 9.513539 
2.501510 6.167282 2.544672 2.761489 2.521749 3.519009 2.469529 6.494577 2.464945 10.470256 
2.536014 5.228811 2.514851 10.708073 2.476292 10.386443 2.496181 2.561950 2.485255 10.641031 
2.538347 5.135109 2.527356 2.656313 2.482977 7.748776 2.561283 11.121730 2.481305 10.211026 
2.506849 4.174187 2.476011 10.265727 2.503084 3.086152 2.449783 11.229696 2.490424 3.106148 
2.487845 9.694805 2.467865 6.507493 2.494172 5.904096 2.537962 11.696054 2.518065 3.128039 
2.538627 11.185336 2.477103 3.138145 2.513891 7.299378 2.501903 7.637765 2.515096 10.969935 
2.554945 10.378297 2.472609 6.595916 2.453302 11.397866 2.534983 9.283330 2.483474 10.717848 
2.495244 10.758787 2.497274 4.098248 2.486196 2.504814 2.480455 10.549646 2.529637 10.419209 
2.490091 10.792517 2.512071 7.390524 2.520178 3.479222 2.508948 3.125210 2.476519 2.857435 
2.514554 10.846620 2.481646 2.379851 2.477765 3.370553 2.477765 3.058134 2.476876 5.247251 
2.520762 3.301063 2.460247 3.607120 2.489459 10.666241 2.504617 3.541204 2.507056 3.083454 
2.479498 11.260473 2.515168 3.584732 2.505056 7.092455 2.496055 11.821980 2.520836 8.842427 
2.507981 10.730328 2.529730 11.672454 2.526557 11.286194 2.528890 8.687949 2.523103 10.240829 
2.529497 9.738214 2.491111 10.485317 2.522452 2.726560 2.466223 6.515209 2.497103 10.845404 
2.480836 3.321782 2.482614 10.827735 2.494935 3.689118 2.515609 3.230792 2.462650 3.628340 
2.514781 6.481582 2.455749 9.205913 2.529143 11.562902 2.483354 10.942087 2.503311 3.161522 
2.498911 10.715932 2.471221 11.294750 2.498208 7.446623 2.502987 3.255956 2.489985 10.287722 
2.519163 11.008332 2.531578 8.288369 2.489002 11.481836 2.469255 3.117064 2.501333 10.478587 
2.481172 2.908975 2.465388 3.793460 2.530153 11.554077 2.483649 10.277959 2.521659 10.371178 
2.527349 7.484254 2.539824 6.346332 2.504231 10.835034 2.481462 3.706360 2.478671 6.925848 
2.524605 3.648958 2.488886 11.212079 2.499650 3.051587 2.508528 8.022019 2.527820 9.128408 
2.491543 4.507195 2.540857 10.900783 2.486998 4.810738 2.485652 11.329378 2.495245 11.433308 
2.513187 2.477295 2.508527 9.643664 2.490978 7.221991 2.462423 10.820940 2.495935 6.937141 
2.530240 2.720195 2.483750 6.152937 2.492266 6.749652 2.473410 5.263121 2.565346 10.645030 
2.473716 7.712273 2.512992 2.065960 2.531181 10.112233 2.505896 4.004997 2.491505 7.546072 
2.443554 10.718551 2.492028 2.831997 2.495530 10.479587 2.516634 2.882776 2.498940 11.289374 
2.490371 7.102336 2.516390 7.171584 2.488117 6.458717 2.508605 6.729359 2.503995 4.337328 
2.460304 9.500778 2.477069 2.306790 2.531194 11.627350 2.473237 10.676446 2.541732 10.606634 
2.477802 6.695991 2.529068 2.357634 2.529068 7.391777 2.496360 10.629242 2.422229 2.894904 
2.542781 7.155362 2.482128 6.834647 2.528005 6.979032 2.459189 10.251337 2.434703 11.089220 
2.509059 3.772117 2.487226 3.476537 2.504435 3.072549 2.504435 2.398605 2.532939 10.443484 
2.498923 8.970208 2.467965 11.723528 2.515793 5.702082 2.489860 3.562814 2.488155 2.994167 
2.516726 7.017158 2.533391 4.485496 2.517961 11.729663 2.471176 7.685347 2.476978 2.683866 
2.510006 9.396448 2.472824 11.092718 2.481113 2.437182 2.492244 2.187448 2.505743 10.495560 
2.498002 12.061751 2.507204 3.267708 2.504298 10.375106 2.489769 4.765347 2.445453 6.707955 
2.539424 10.741597 2.478393 10.465378 2.497599 2.291888 2.538160 11.402578 2.501516 10.714556 
2.492430 2.489402 2.438551 8.095228 2.500679 3.323275 2.564582 7.679336 2.546204 3.177091 
2.438574 3.547492 2.470855 2.658964 2.470274 10.805039 2.508477 7.551324 2.525778 6.590107 
2.511068 2.789341 2.522498 6.217998 2.535130 2.766242 2.474615 3.054018 2.478224 4.818576 
2.505797 11.141435 2.489608 11.248961 2.485124 2.833406 2.505250 3.739116 2.504266 5.910304 
2.519821 2.150063 2.499598 10.692750 2.526140 11.696886 2.484431 10.276571 2.478571 3.722165 
2.481225 6.958261 2.528885 10.375650 2.521808 1.967215 2.517475 4.818458 2.495090 3.254766 
2.452693 7.559659 2.502964 6.571640 2.490860 2.416996 2.522233 11.261117 2.490489 6.857831 
2.514256 2.632849 2.513731 10.637922 2.505510 2.314501 2.544866 11.738149 2.481022 7.834529 
2.487084 10.802430 2.490039 2.632334 2.500985 2.957859 2.513025 3.281414 2.529006 11.256239 
2.462613 2.528374 2.500698 3.970928 2.521645 7.803859 2.510093 2.701536 2.473911 7.130887 

Avg Classes:
2.501062 6.987991 2.500831 7.004122 2.500320 6.993248 2.501601 6.996249 2.500578 6.990609 
2.499498 7.005723 2.498374 7.006795 2.501292 7.002107 2.499690 7.004367 2.498954 6.983451 
2.499895 6.977804 2.500798 6.985700 2.497879 6.992608 2.496556 7.012830 2.497165 6.990719 
2.505279 7.053359 2.508546 7.025330 2.503622 7.027224 2.496757 7.017660 2.492969 7.021495 
2.515058 7.299356 2.473616 7.259717 2.514286 7.283912 2.472844 7.284170 2.470785 7.327413 
2.523547 7.069138 2.523547 7.098196 2.523547 7.013026 2.523547 6.972445 2.523547 6.891283 
2.484551 7.143258 2.502809 7.093399 2.549157 7.078652 2.497893 7.214185 2.465590 7.115169 
2.417391 6.704348 2.482609 6.821739 2.565217 6.452174 2.560870 6.960870 2.504348 6.700000 
2.416667 8.583333 2.416667 7.583333 2.416667 8.166667 2.416667 7.083333 2.416667 7.333333 
3.333333 7.666667 3.333333 7.666667 3.333333 12.000000 3.333333 8.000000 3.333333 11.666667 

Cluster 0 is class 0
Cluster 1 is class 8
Cluster 2 is class 0
Cluster 3 is class 0
Cluster 4 is class 7
Cluster 5 is class 0
Cluster 6 is class 0
Cluster 7 is class 9
Cluster 8 is class 8
Cluster 9 is class 0
Cluster 10 is class 0
Cluster 11 is class 0
Cluster 12 is class 7
Cluster 13 is class 8
Cluster 14 is class 0
Cluster 15 is class 0
Cluster 16 is class 8
Cluster 17 is class 9
Cluster 18 is class 0
Cluster 19 is class 0
Cluster 20 is class 0
Cluster 21 is class 7
Cluster 22 is class 0
Cluster 23 is class 0
Cluster 24 is class 9
Cluster 25 is class 0
Cluster 26 is class 0
Cluster 27 is class 7
Cluster 28 is class 0
Cluster 29 is class 0
Cluster 30 is class 9
Cluster 31 is class 0
Cluster 32 is class 5
Cluster 33 is class 0
Cluster 34 is class 8
Cluster 35 is class 8
Cluster 36 is class 9
Cluster 37 is class 8
Cluster 38 is class 7
Cluster 39 is class 4
Cluster 40 is class 0
Cluster 41 is class 0
Cluster 42 is class 0
Cluster 43 is class 0
Cluster 44 is class 0
Cluster 45 is class 9
Cluster 46 is class 7
Cluster 47 is class 4
Cluster 48 is class 0
Cluster 49 is class 0
Cluster 50 is class 0
Cluster 51 is class 0
Cluster 52 is class 8
Cluster 53 is class 3
Cluster 54 is class 7
Cluster 55 is class 0
Cluster 56 is class 7
Cluster 57 is class 5
Cluster 58 is class 0
Cluster 59 is class 0
Cluster 60 is class 7
Cluster 61 is class 0
Cluster 62 is class 7
Cluster 63 is class 0

Overall Accuracy is 0.310527

