----------------------------For Number of clusters 42----------------------------
Avg Clusters:
2.499568 10.074554 2.504185 10.048285 2.508847 4.036618 2.497589 3.875227 2.497475 3.846138 
2.513509 10.941003 2.495777 3.404262 2.482794 4.816969 2.482674 3.745079 2.476152 5.759715 
2.521300 9.585855 2.512119 9.653106 2.474814 10.299145 2.505392 3.554598 2.496624 10.074974 
2.493859 4.002793 2.508277 4.225159 2.492997 9.707086 2.502937 10.264695 2.495892 10.154056 
2.503218 6.520132 2.537017 10.088374 2.508120 10.536526 2.493167 3.964945 2.548753 3.511798 
2.501151 3.952213 2.484608 4.090050 2.500663 3.139840 2.484256 10.060728 2.510464 9.896738 
2.472285 11.594311 2.482779 8.805855 2.515012 10.598453 2.520890 4.693100 2.484594 3.569140 
2.472866 9.593487 2.539655 4.073616 2.519522 10.820086 2.491633 10.374150 2.499913 4.509703 
2.494939 9.389296 2.515510 4.256701 2.517469 3.973790 2.495473 3.888242 2.504081 11.240791 
2.514689 3.719451 2.478397 10.071402 2.527468 10.103524 2.501991 10.710896 2.489588 4.118967 
2.492366 3.797350 2.485507 4.475218 2.499530 9.597909 2.505421 3.107589 2.487996 10.457822 
2.491070 3.604402 2.502707 10.199443 2.518265 3.812294 2.519934 3.989578 2.502606 10.262434 
2.491666 6.453562 2.506131 4.066805 2.509781 4.039386 2.488280 10.784331 2.463820 3.372259 
2.492793 10.542072 2.506301 3.182967 2.504981 10.830994 2.500943 4.029281 2.502679 9.806543 
2.508159 8.794821 2.525951 10.206137 2.503260 10.648285 2.505728 10.727152 2.506833 10.303790 
2.513977 3.088621 2.522507 10.856844 2.492840 10.731663 2.490708 4.905933 2.485642 10.280067 
2.484133 2.416448 2.495273 4.152501 2.498380 4.187519 2.517953 7.952332 2.522569 3.730283 
2.474554 8.963826 2.484552 2.973138 2.510041 10.339942 2.488757 3.620881 2.506050 3.102257 
2.518329 3.340784 2.492824 3.216649 2.510705 3.238906 2.502753 3.427603 2.518987 9.211049 
2.544596 11.030662 2.513044 4.394333 2.479544 6.533669 2.516263 10.288963 2.487295 9.918558 
2.487463 3.429760 2.497950 2.937376 2.488811 10.740890 2.507909 5.835677 2.534856 6.604101 
2.477253 10.476635 2.469774 3.385338 2.495364 2.388923 2.461058 10.321362 2.534244 10.424033 
2.507460 10.091752 2.497211 10.440633 2.492226 3.855400 2.494527 10.631772 2.498780 3.476574 
2.501392 3.455154 2.500677 9.978819 2.492513 3.419300 2.535704 3.844695 2.466667 3.487509 
2.484425 11.471854 2.518151 3.826220 2.484854 2.751165 2.540348 9.648148 2.527165 3.672921 
2.476828 3.064927 2.500185 10.658587 2.495227 6.897674 2.497127 10.788442 2.505700 10.568079 
2.510957 3.936477 2.529986 10.561942 2.491096 2.329653 2.502136 10.488488 2.497642 8.271900 
2.502629 10.620413 2.463916 10.639424 2.505815 10.440285 2.515745 10.666773 2.509585 3.588338 
2.534636 10.076399 2.487110 10.798208 2.479250 2.926116 2.480036 6.562670 2.488053 10.560155 
2.529327 3.226170 2.513054 3.541017 2.502292 10.591277 2.477985 10.549874 2.475050 3.073691 
2.472000 5.791456 2.509359 11.037515 2.435650 6.570718 2.446913 7.615534 2.560932 5.136466 
2.523062 11.357785 2.466470 3.618008 2.511531 7.511694 2.498119 9.671246 2.516029 2.694145 
2.506907 10.788560 2.462379 10.548015 2.534134 4.103474 2.506102 2.201516 2.504493 10.052642 
2.527300 3.530141 2.524529 3.527093 2.472700 6.060144 2.447270 2.828645 2.474917 3.042752 
2.517350 10.257999 2.469656 3.169446 2.509689 11.397026 2.494893 10.479045 2.504356 10.873742 
2.501778 3.088482 2.482860 10.351848 2.502113 3.482793 2.493862 10.902663 2.518012 2.785000 
2.484430 11.164327 2.455408 10.236175 2.488980 3.395796 2.515099 11.429602 2.515335 8.805867 
2.510672 7.787299 2.518205 9.375811 2.538816 3.721699 2.483051 11.160180 2.466416 11.867336 
2.471390 7.798852 2.493465 4.012353 2.489799 2.417676 2.512113 3.723223 2.490596 3.088699 
2.509363 2.045880 2.490637 10.273034 2.477154 10.084707 2.525531 3.636392 2.461798 3.932459 
2.527733 3.191894 2.439254 4.532870 2.511369 11.419560 2.552754 3.485967 2.507944 2.764913 
2.454456 11.446497 2.458583 11.288297 2.549180 7.895254 2.517048 7.941044 2.470473 10.254692 

Avg Classes:
2.501062 6.987991 2.500831 7.004122 2.500320 6.993248 2.501601 6.996249 2.500578 6.990609 
2.499498 7.005723 2.498374 7.006795 2.501292 7.002107 2.499690 7.004367 2.498954 6.983451 
2.499895 6.977804 2.500798 6.985700 2.497879 6.992608 2.496556 7.012830 2.497165 6.990719 
2.505279 7.053359 2.508546 7.025330 2.503622 7.027224 2.496757 7.017660 2.492969 7.021495 
2.515058 7.299356 2.473616 7.259717 2.514286 7.283912 2.472844 7.284170 2.470785 7.327413 
2.523547 7.069138 2.523547 7.098196 2.523547 7.013026 2.523547 6.972445 2.523547 6.891283 
2.484551 7.143258 2.502809 7.093399 2.549157 7.078652 2.497893 7.214185 2.465590 7.115169 
2.417391 6.704348 2.482609 6.821739 2.565217 6.452174 2.560870 6.960870 2.504348 6.700000 
2.416667 8.583333 2.416667 7.583333 2.416667 8.166667 2.416667 7.083333 2.416667 7.333333 
3.333333 7.666667 3.333333 7.666667 3.333333 12.000000 3.333333 8.000000 3.333333 11.666667 

Cluster 0 is class 0
Cluster 1 is class 0
Cluster 2 is class 8
Cluster 3 is class 0
Cluster 4 is class 0
Cluster 5 is class 7
Cluster 6 is class 8
Cluster 7 is class 0
Cluster 8 is class 0
Cluster 9 is class 0
Cluster 10 is class 0
Cluster 11 is class 0
Cluster 12 is class 0
Cluster 13 is class 8
Cluster 14 is class 9
Cluster 15 is class 9
Cluster 16 is class 0
Cluster 17 is class 0
Cluster 18 is class 0
Cluster 19 is class 8
Cluster 20 is class 0
Cluster 21 is class 0
Cluster 22 is class 0
Cluster 23 is class 0
Cluster 24 is class 7
Cluster 25 is class 0
Cluster 26 is class 0
Cluster 27 is class 8
Cluster 28 is class 0
Cluster 29 is class 0
Cluster 30 is class 0
Cluster 31 is class 0
Cluster 32 is class 8
Cluster 33 is class 0
Cluster 34 is class 9
Cluster 35 is class 0
Cluster 36 is class 0
Cluster 37 is class 0
Cluster 38 is class 7
Cluster 39 is class 0
Cluster 40 is class 0
Cluster 41 is class 8

Overall Accuracy is 0.365538

