----------------------------For Number of clusters 14----------------------------
Avg Clusters:
2.494749 10.212522 2.486892 3.521418 2.506529 7.184511 2.498817 6.745802 2.508006 10.436272 
2.502232 4.429236 2.528068 9.405914 2.502098 10.169303 2.494806 9.588836 2.504184 9.946064 
2.490661 9.241285 2.506396 8.646372 2.502184 3.578761 2.499137 3.878962 2.485409 4.139747 
2.508527 9.294009 2.509990 3.898839 2.486146 4.309923 2.508621 10.070097 2.500906 3.632043 
2.504389 3.429681 2.492551 3.564451 2.490637 7.865494 2.499851 3.522267 2.499908 7.881802 
2.499884 3.790612 2.495963 9.801965 2.509146 4.207407 2.504747 9.994221 2.504952 4.076763 
2.505913 9.913811 2.510961 10.062276 2.488808 9.794708 2.506391 3.484547 2.491571 9.639311 
2.505167 4.190911 2.503520 9.810332 2.513615 3.658723 2.508897 4.287655 2.498337 10.402358 
2.505029 4.384601 2.504031 3.882344 2.509528 10.494163 2.481919 10.328149 2.505140 4.374210 
2.493999 4.177423 2.489707 3.861577 2.493286 3.782633 2.493464 10.374506 2.501264 10.054618 
2.492613 10.362433 2.488390 9.735251 2.497714 10.222896 2.516579 9.620590 2.499122 3.951108 
2.505286 3.937172 2.500670 10.035784 2.493287 9.945611 2.503541 3.699954 2.505497 3.666602 
2.490287 10.053305 2.491584 3.608144 2.516438 10.160978 2.498407 3.896221 2.491702 3.740355 
2.513709 10.373808 2.478121 10.266291 2.504115 3.714164 2.489555 9.992859 2.492087 9.886311 

Avg Classes:
2.501062 6.987991 2.500831 7.004122 2.500320 6.993248 2.501601 6.996249 2.500578 6.990609 
2.499498 7.005723 2.498374 7.006795 2.501292 7.002107 2.499690 7.004367 2.498954 6.983451 
2.499895 6.977804 2.500798 6.985700 2.497879 6.992608 2.496556 7.012830 2.497165 6.990719 
2.505279 7.053359 2.508546 7.025330 2.503622 7.027224 2.496757 7.017660 2.492969 7.021495 
2.515058 7.299356 2.473616 7.259717 2.514286 7.283912 2.472844 7.284170 2.470785 7.327413 
2.523547 7.069138 2.523547 7.098196 2.523547 7.013026 2.523547 6.972445 2.523547 6.891283 
2.484551 7.143258 2.502809 7.093399 2.549157 7.078652 2.497893 7.214185 2.465590 7.115169 
2.417391 6.704348 2.482609 6.821739 2.565217 6.452174 2.560870 6.960870 2.504348 6.700000 
2.416667 8.583333 2.416667 7.583333 2.416667 8.166667 2.416667 7.083333 2.416667 7.333333 
3.333333 7.666667 3.333333 7.666667 3.333333 12.000000 3.333333 8.000000 3.333333 11.666667 

Cluster 0 is class 0
Cluster 1 is class 4
Cluster 2 is class 7
Cluster 3 is class 0
Cluster 4 is class 0
Cluster 5 is class 0
Cluster 6 is class 8
Cluster 7 is class 0
Cluster 8 is class 0
Cluster 9 is class 0
Cluster 10 is class 8
Cluster 11 is class 5
Cluster 12 is class 8
Cluster 13 is class 4

Overall Accuracy is 0.277944

