----------------------------For Number of clusters 92----------------------------
Avg Clusters:
2.512893 2.856553 2.511780 2.936091 2.488174 10.239264 2.473379 4.474446 2.503432 10.236110 
2.490739 10.923880 2.515947 4.228542 2.500090 10.984143 2.491326 3.599702 2.520013 10.557870 
2.522799 9.506028 2.504034 11.157828 2.488668 10.814795 2.505983 3.086302 2.495830 9.707642 
2.480786 10.968661 2.540790 4.218438 2.473877 10.366797 2.511635 10.706134 2.495765 3.460726 
2.510958 9.375857 2.504048 4.656526 2.485072 10.891817 2.520858 10.740009 2.498376 11.125715 
2.493642 9.877982 2.498051 7.523810 2.523577 10.907361 2.509607 3.332916 2.495359 3.373155 
2.488778 3.686768 2.519971 6.408478 2.488986 3.613185 2.469979 10.962662 2.488934 6.012654 
2.495943 2.980597 2.503649 10.892425 2.479940 10.663720 2.501927 3.417381 2.490956 4.906795 
2.503471 10.547035 2.482537 2.559860 2.498331 3.713816 2.504849 10.625841 2.508294 5.161429 
2.519685 3.350543 2.471945 3.773181 2.531944 3.463628 2.521305 2.965869 2.536048 10.478371 
2.515762 4.713923 2.499633 2.772740 2.502679 6.564710 2.552924 10.907461 2.494897 10.376360 
2.536117 3.589361 2.499515 11.247690 2.493900 3.450508 2.511818 7.722089 2.510337 10.497524 
2.499517 11.102563 2.471853 10.758739 2.508042 10.586532 2.499517 9.550611 2.513082 3.602884 
2.513020 11.153582 2.485749 10.455759 2.515481 6.082265 2.440860 2.864425 2.514186 3.587252 
2.483788 3.636156 2.468372 9.693605 2.467473 6.467266 2.516834 3.181403 2.503629 2.586035 
2.516301 11.522833 2.460231 10.214904 2.527067 4.915865 2.448436 10.863183 2.528216 9.956511 
2.499906 10.038536 2.497654 3.014889 2.464498 3.011824 2.463622 9.595371 2.534251 11.287895 
2.518131 3.593602 2.464603 3.176348 2.491281 10.300092 2.510509 3.238076 2.494861 3.105439 
2.499764 10.394854 2.492885 10.347965 2.496193 3.321082 2.481596 3.440851 2.496823 11.209346 
2.509593 3.461027 2.483894 8.064779 2.508035 10.509522 2.492248 2.764743 2.532814 11.054938 
2.486882 10.734080 2.489429 3.220008 2.502165 3.659641 2.517320 3.103668 2.514582 10.920530 
2.466965 10.673687 2.478217 2.427077 2.502380 10.601702 2.503534 3.338791 2.519691 3.860141 
2.479309 3.139468 2.513846 11.393824 2.529403 5.175560 2.502567 11.649424 2.519991 8.925171 
2.501655 9.160655 2.516545 11.441181 2.471128 2.393696 2.555344 9.857462 2.470467 7.897253 
2.522452 2.785126 2.494725 9.489900 2.513896 2.484045 2.520201 3.716032 2.459020 4.801145 
2.499737 3.897463 2.517221 2.784146 2.502169 3.420599 2.480939 3.775141 2.493033 3.658210 
2.514745 10.785805 2.513899 10.491181 2.489488 3.422040 2.477776 10.982856 2.511218 2.949556 
2.486968 9.163749 2.543673 11.826403 2.492439 11.236072 2.544568 3.797951 2.506267 2.996618 
2.504903 3.309395 2.490058 10.028431 2.509778 11.120898 2.502602 10.776116 2.503205 6.597097 
2.505185 5.066211 2.542592 10.713957 2.499578 10.729088 2.475536 10.394193 2.535141 11.639143 
2.475369 10.656508 2.458288 10.391586 2.497303 7.535599 2.547195 6.539554 2.489213 10.731122 
2.511185 4.387558 2.486365 10.745633 2.519406 10.982215 2.461624 9.467789 2.534424 2.240534 
2.494647 4.364968 2.501650 11.304999 2.433953 3.737905 2.491508 8.178781 2.551638 3.469371 
2.482072 10.088196 2.556285 4.099367 2.483243 2.836497 2.502539 7.191938 2.517694 2.574643 
2.499110 10.753836 2.521828 3.372298 2.503009 3.548868 2.451047 2.860219 2.482580 6.115623 
2.467102 6.117992 2.439567 9.088024 2.556895 3.897158 2.502156 11.485569 2.461020 2.454827 
2.503976 10.985889 2.551910 7.713630 2.522007 6.380894 2.511255 7.569493 2.445963 4.037182 
2.519083 6.760734 2.541193 6.521376 2.518440 10.791927 2.491743 8.114954 2.508624 6.687798 
2.534218 10.611863 2.494151 3.015382 2.538086 7.444414 2.486783 7.007276 2.484848 10.093672 
2.476616 4.538219 2.517547 2.575991 2.494678 5.173202 2.512465 11.073896 2.495708 2.776252 
2.490584 6.332985 2.545749 10.439699 2.500666 6.229884 2.519688 3.048031 2.511223 7.581701 
2.521590 6.855432 2.522354 4.543116 2.516240 7.513820 2.432302 6.695708 2.526175 2.902051 
2.493421 11.471579 2.469211 7.020395 2.495263 7.664079 2.487895 2.733684 2.438421 7.936184 
2.554532 2.487227 2.520265 10.123803 2.497666 7.351265 2.525915 11.527266 2.493245 3.097396 
2.486192 2.885719 2.515625 11.352562 2.527071 7.208848 2.501908 3.404342 2.440134 10.999909 
2.441014 9.769337 2.487377 6.305141 2.494377 2.775534 2.541083 11.248680 2.437801 7.241795 
2.486556 2.352011 2.457410 2.938526 2.501642 8.754721 2.524117 8.688526 2.520115 4.774117 
2.519070 7.383519 2.516319 9.905465 2.520320 6.566337 2.511192 11.102663 2.441666 11.021258 
2.472462 2.261287 2.526737 6.908261 2.569805 7.217739 2.472943 7.253923 2.482709 2.889049 
2.490750 11.360098 2.480473 3.070401 2.526593 7.602004 2.489209 11.778392 2.503212 9.852646 
2.482350 11.084631 2.472484 10.903311 2.513484 2.468538 2.483775 3.458342 2.503837 6.282175 
2.464699 2.864407 2.472556 2.735212 2.508924 2.607027 2.459535 8.988663 2.526658 7.570210 
2.504515 7.666902 2.494921 3.323363 2.481659 6.573505 2.509735 2.241817 2.518905 3.393905 
2.493881 3.730077 2.480649 6.866978 2.499652 3.452194 2.454084 6.947667 2.524624 11.110437 
2.463631 3.731349 2.510333 10.511734 2.530414 2.438529 2.568827 2.433041 2.506713 10.944542 
2.533904 3.576838 2.563847 2.346008 2.498574 3.421420 2.482256 7.772655 2.458016 11.867079 
2.529123 7.071189 2.516419 2.077900 2.500000 11.250479 2.421381 8.150168 2.476390 4.588327 
2.501439 11.675805 2.465524 3.193694 2.533790 11.540370 2.473749 8.305003 2.437423 7.426182 
2.506753 7.986243 2.481616 7.384442 2.540645 2.407704 2.533517 3.161206 2.470860 2.922586 
2.474863 5.822983 2.510210 7.751866 2.510491 2.434728 2.460076 11.532038 2.481200 11.438389 
2.543084 2.321429 2.485828 4.592782 2.455782 2.823129 2.484505 11.900038 2.507748 11.120748 
2.515249 7.476975 2.513419 11.682830 2.472858 8.970265 2.483379 7.831046 2.504270 6.770204 
2.532057 11.068316 2.469032 7.509493 2.503424 2.590881 2.508715 8.696701 2.562403 11.782602 
2.428174 6.110492 2.441590 5.674345 2.536894 9.699279 2.492469 6.485761 2.427035 11.552715 
2.512752 6.850782 2.576159 6.093138 2.479357 2.841764 2.456672 3.017754 2.446949 8.998732 
2.452493 6.649407 2.494070 2.537176 2.467670 8.012881 2.493177 2.476470 2.520724 10.743655 
2.509870 10.470244 2.477263 5.546571 2.509431 5.047668 2.530341 11.846907 2.526831 2.277234 
2.525712 6.847854 2.430727 11.528687 2.446239 2.319592 2.508925 4.553974 2.456439 7.499150 
2.517119 6.349491 2.481041 5.510369 2.570499 10.714934 2.534912 11.602405 2.526322 2.457848 
2.473820 5.347179 2.489108 2.746584 2.526722 11.008118 2.467596 12.005141 2.544717 7.462590 
2.500803 11.279593 2.530441 6.343153 2.490984 2.684699 2.519550 6.210141 2.512944 7.820389 
2.508671 11.205579 2.531415 10.426866 2.515833 11.732847 2.493089 8.596507 2.515582 10.786881 
2.528809 11.671266 2.439306 3.794704 2.516688 3.571695 2.512773 2.659146 2.470259 2.098825 
-1.000000 -1.000000 -1.000000 -1.000000 -1.000000 -1.000000 -1.000000 -1.000000 -1.000000 -1.000000 
2.469687 7.199932 2.540702 11.825613 2.497956 2.990974 2.524012 3.314884 2.501533 2.348433 
2.473427 2.773997 2.504610 6.161063 2.475597 7.759897 2.549485 3.035656 2.462039 6.957158 
2.530681 2.265120 2.564005 3.937317 2.458749 11.381092 2.488990 11.112889 2.471227 2.720640 
2.472312 8.121086 2.434213 11.165664 2.517662 8.276107 2.496221 11.963751 2.513343 4.053525 
2.484271 2.913284 2.469927 4.999837 2.468949 2.230807 2.524857 7.961858 2.492095 2.441565 
2.518278 11.754871 2.436630 2.912229 2.510299 7.806086 2.545556 5.965856 2.515680 2.705326 
2.516817 2.235823 2.487290 10.934885 2.495894 2.213531 2.494525 11.260657 2.504693 3.601095 
2.499422 11.386532 2.455191 10.908071 2.482918 2.583925 2.509325 6.574352 2.449249 2.671728 
2.526860 3.271456 2.509695 7.073744 2.495232 11.944374 2.486173 5.596631 2.533694 2.781469 
2.456073 7.852894 2.528036 11.338933 2.524404 7.011805 2.534166 6.562543 2.549149 2.342338 
2.513395 2.538381 2.477674 4.497150 2.517576 11.307809 2.495725 10.605833 2.478529 11.095573 
2.505461 2.369302 2.457114 7.893403 2.451871 7.590797 2.497306 10.120722 2.513325 10.741809 
2.503938 2.820330 2.570761 10.934162 2.494708 11.622570 2.536303 6.251169 2.437977 10.499262 
2.508589 10.805828 2.523773 10.508742 2.504448 10.716104 2.529448 12.059509 2.475767 8.542178 
2.431768 2.589394 2.510825 2.993676 2.535636 11.896376 2.543663 8.941863 2.528339 7.155923 
2.513913 6.964072 2.489433 2.450863 2.507925 3.057943 2.538394 6.406833 2.419514 7.638077 
2.523850 6.626284 2.508935 3.673702 2.467989 11.812720 2.520191 2.779935 2.436752 7.769804 
2.535749 8.215671 2.591577 7.914789 2.466993 7.395886 2.573555 2.504799 2.568854 11.866993 

Avg Classes:
2.501062 6.987991 2.500831 7.004122 2.500320 6.993248 2.501601 6.996249 2.500578 6.990609 
2.499498 7.005723 2.498374 7.006795 2.501292 7.002107 2.499690 7.004367 2.498954 6.983451 
2.499895 6.977804 2.500798 6.985700 2.497879 6.992608 2.496556 7.012830 2.497165 6.990719 
2.505279 7.053359 2.508546 7.025330 2.503622 7.027224 2.496757 7.017660 2.492969 7.021495 
2.515058 7.299356 2.473616 7.259717 2.514286 7.283912 2.472844 7.284170 2.470785 7.327413 
2.523547 7.069138 2.523547 7.098196 2.523547 7.013026 2.523547 6.972445 2.523547 6.891283 
2.484551 7.143258 2.502809 7.093399 2.549157 7.078652 2.497893 7.214185 2.465590 7.115169 
2.417391 6.704348 2.482609 6.821739 2.565217 6.452174 2.560870 6.960870 2.504348 6.700000 
2.416667 8.583333 2.416667 7.583333 2.416667 8.166667 2.416667 7.083333 2.416667 7.333333 
3.333333 7.666667 3.333333 7.666667 3.333333 12.000000 3.333333 8.000000 3.333333 11.666667 

Cluster 0 is class 0
Cluster 1 is class 8
Cluster 2 is class 8
Cluster 3 is class 0
Cluster 4 is class 9
Cluster 5 is class 5
Cluster 6 is class 7
Cluster 7 is class 0
Cluster 8 is class 0
Cluster 9 is class 7
Cluster 10 is class 0
Cluster 11 is class 0
Cluster 12 is class 8
Cluster 13 is class 0
Cluster 14 is class 7
Cluster 15 is class 8
Cluster 16 is class 0
Cluster 17 is class 0
Cluster 18 is class 8
Cluster 19 is class 0
Cluster 20 is class 0
Cluster 21 is class 8
Cluster 22 is class 0
Cluster 23 is class 0
Cluster 24 is class 0
Cluster 25 is class 0
Cluster 26 is class 0
Cluster 27 is class 8
Cluster 28 is class 0
Cluster 29 is class 9
Cluster 30 is class 8
Cluster 31 is class 0
Cluster 32 is class 5
Cluster 33 is class 0
Cluster 34 is class 0
Cluster 35 is class 0
Cluster 36 is class 5
Cluster 37 is class 1
Cluster 38 is class 8
Cluster 39 is class 0
Cluster 40 is class 0
Cluster 41 is class 0
Cluster 42 is class 8
Cluster 43 is class 7
Cluster 44 is class 0
Cluster 45 is class 0
Cluster 46 is class 0
Cluster 47 is class 4
Cluster 48 is class 7
Cluster 49 is class 4
Cluster 50 is class 5
Cluster 51 is class 0
Cluster 52 is class 7
Cluster 53 is class 0
Cluster 54 is class 0
Cluster 55 is class 0
Cluster 56 is class 0
Cluster 57 is class 8
Cluster 58 is class 7
Cluster 59 is class 0
Cluster 60 is class 0
Cluster 61 is class 4
Cluster 62 is class 0
Cluster 63 is class 9
Cluster 64 is class 7
Cluster 65 is class 0
Cluster 66 is class 0
Cluster 67 is class 0
Cluster 68 is class 0
Cluster 69 is class 0
Cluster 70 is class 0
Cluster 71 is class 9
Cluster 72 is class 0
Cluster 73 is class 7
Cluster 74 is class 0
Cluster 75 is class 0
Cluster 76 is class 0
Cluster 77 is class 8
Cluster 78 is class 7
Cluster 79 is class 0
Cluster 80 is class 0
Cluster 81 is class 0
Cluster 82 is class 0
Cluster 83 is class 0
Cluster 84 is class 9
Cluster 85 is class 0
Cluster 86 is class 9
Cluster 87 is class 8
Cluster 88 is class 0
Cluster 89 is class 7
Cluster 90 is class 0
Cluster 91 is class 0

Overall Accuracy is 0.313079

