----------------------------For Number of clusters 11----------------------------
Avg Clusters:
2.501806 3.978960 2.509323 9.731602 2.496874 8.337723 2.514974 3.778448 2.492353 4.736747 
2.505513 3.610869 2.500694 5.994164 2.517511 3.358503 2.499093 7.235769 2.507069 9.514908 
2.511005 6.013755 2.515724 9.697557 2.494816 9.646754 2.494735 10.147099 2.499354 10.285452 
2.506651 4.429632 2.510836 3.911302 2.508274 9.734147 2.482829 10.001792 2.502024 4.394300 
2.501192 7.391907 2.477446 10.480982 2.500272 3.398115 2.502522 9.339970 2.496081 4.026595 
2.496119 10.710046 2.476429 4.027687 2.502324 5.506591 2.497161 9.017797 2.502828 10.214509 
2.497542 10.274800 2.501270 10.104059 2.497058 5.660300 2.494947 3.437733 2.492869 9.384950 
2.495378 9.777754 2.488561 3.876730 2.500126 7.454472 2.497229 3.352518 2.494148 3.991987 
2.493296 5.916046 2.498420 4.013758 2.491931 10.387014 2.504233 3.883991 2.503127 10.474753 
2.487356 10.570533 2.501107 9.373059 2.505161 10.569192 2.514593 8.951232 2.501590 3.900889 
2.499990 9.416607 2.522534 3.602726 2.479525 3.645076 2.504890 9.971835 2.505672 3.319532 

Avg Classes:
2.501062 6.987991 2.500831 7.004122 2.500320 6.993248 2.501601 6.996249 2.500578 6.990609 
2.499498 7.005723 2.498374 7.006795 2.501292 7.002107 2.499690 7.004367 2.498954 6.983451 
2.499895 6.977804 2.500798 6.985700 2.497879 6.992608 2.496556 7.012830 2.497165 6.990719 
2.505279 7.053359 2.508546 7.025330 2.503622 7.027224 2.496757 7.017660 2.492969 7.021495 
2.515058 7.299356 2.473616 7.259717 2.514286 7.283912 2.472844 7.284170 2.470785 7.327413 
2.523547 7.069138 2.523547 7.098196 2.523547 7.013026 2.523547 6.972445 2.523547 6.891283 
2.484551 7.143258 2.502809 7.093399 2.549157 7.078652 2.497893 7.214185 2.465590 7.115169 
2.417391 6.704348 2.482609 6.821739 2.565217 6.452174 2.560870 6.960870 2.504348 6.700000 
2.416667 8.583333 2.416667 7.583333 2.416667 8.166667 2.416667 7.083333 2.416667 7.333333 
3.333333 7.666667 3.333333 7.666667 3.333333 12.000000 3.333333 8.000000 3.333333 11.666667 

Cluster 0 is class 0
Cluster 1 is class 0
Cluster 2 is class 9
Cluster 3 is class 0
Cluster 4 is class 0
Cluster 5 is class 0
Cluster 6 is class 8
Cluster 7 is class 0
Cluster 8 is class 0
Cluster 9 is class 8
Cluster 10 is class 7

Overall Accuracy is 0.358286

