----------------------------For Number of clusters 88----------------------------
Avg Clusters:
2.513578 10.356992 2.499417 9.630963 2.502310 10.218106 2.516211 10.896300 2.499115 10.392264 
2.510194 3.572376 2.509661 7.151872 2.510921 3.627052 2.488547 3.841929 2.482977 3.357451 
2.485827 2.938177 2.521532 2.846038 2.486086 9.320361 2.484635 3.324869 2.467430 4.727678 
2.465945 11.247662 2.479630 4.130515 2.481902 3.578653 2.527503 10.602906 2.488085 6.659498 
2.510102 3.902153 2.509438 6.998245 2.504933 2.836369 2.482167 10.340543 2.501802 10.673164 
2.508653 9.811111 2.495597 2.853815 2.532207 5.791654 2.494214 6.711265 2.494624 11.333487 
2.466240 3.692765 2.513670 11.000655 2.510196 3.676149 2.549167 3.430693 2.491013 10.814511 
2.471169 10.944500 2.478413 3.032482 2.517439 10.706199 2.476894 10.842613 2.495531 6.105860 
2.531505 5.828587 2.444472 10.371703 2.561834 7.551274 2.509134 10.872679 2.518993 2.778540 
2.491090 3.462297 2.516872 10.256951 2.489564 11.387509 2.495999 9.596403 2.503424 3.977725 
2.466649 8.003819 2.484992 3.769984 2.485476 11.114363 2.495750 3.389403 2.492361 10.976708 
2.484652 11.717971 2.510160 2.955037 2.518519 10.220853 2.498847 3.303214 2.499784 8.329658 
2.500346 3.437253 2.488538 2.953953 2.530237 3.209634 2.505534 4.175099 2.521937 10.189130 
2.500418 11.103463 2.481117 7.037347 2.492206 9.264777 2.527566 4.988649 2.490166 2.848677 
2.533056 2.314863 2.494887 10.411356 2.472711 3.697087 2.504637 10.765696 2.516052 3.930975 
2.531621 6.713823 2.524319 10.715141 2.473265 10.970466 2.494675 3.712615 2.474308 8.778986 
2.532816 2.891426 2.501221 4.037149 2.490737 10.230504 2.463402 11.118962 2.503231 5.601130 
2.509801 10.554447 2.536449 3.309313 2.497245 6.952424 2.546006 10.227694 2.477642 2.379491 
2.504889 10.900460 2.457759 10.658306 2.507187 3.576513 2.493400 10.204850 2.503765 10.409993 
2.533253 3.278723 2.498124 4.639281 2.474571 11.097884 2.513214 7.013413 2.518084 2.710419 
2.490435 9.998656 2.522609 3.440316 2.476680 2.961976 2.491779 2.534941 2.466166 10.730435 
2.544133 6.680081 2.543203 11.287031 2.510822 2.773504 2.459080 8.448089 2.473199 9.480808 
2.507036 10.810567 2.476503 10.904553 2.505775 10.883645 2.512545 10.391477 2.508828 3.557746 
2.534351 10.936942 2.469680 10.699856 2.493291 5.159747 2.459833 3.184106 2.474575 7.092024 
2.497249 10.804878 2.475426 11.351091 2.503301 6.817807 2.483312 6.996424 2.516046 3.043921 
2.490896 9.496520 2.549736 3.910369 2.463761 2.597329 2.510018 6.342566 2.510931 3.028471 
2.498772 6.787802 2.549682 11.004066 2.544854 2.617789 2.509022 3.603981 2.471919 4.825837 
2.469544 9.568180 2.550660 11.103258 2.524566 11.333333 2.505405 3.074331 2.510699 3.115112 
2.494041 4.481635 2.511887 2.778158 2.523070 9.657031 2.513414 10.921836 2.473752 10.860783 
2.482008 2.894646 2.568010 10.588846 2.505255 10.682577 2.509027 7.883208 2.492457 10.916038 
2.499350 2.682505 2.473242 11.515255 2.492948 5.139542 2.505652 3.604281 2.484145 2.746224 
2.472330 9.957717 2.504517 2.502847 2.513550 11.063843 2.479086 3.886890 2.529492 2.905185 
2.483638 10.472311 2.508978 10.890502 2.500168 3.090200 2.511579 3.279661 2.503944 11.456117 
2.489810 11.483184 2.526797 8.115491 2.470855 10.558500 2.504403 4.806089 2.514048 11.106349 
2.506412 3.197240 2.475731 2.489042 2.507143 4.273782 2.548539 10.800974 2.477110 10.635958 
2.480924 11.113594 2.475614 11.897148 2.501667 9.726633 2.502655 2.958760 2.519941 10.600074 
2.452905 2.795425 2.518966 3.637164 2.497585 3.105413 2.485296 10.494673 2.554695 5.272837 
2.565217 7.190546 2.535065 6.691762 2.499757 6.648478 2.475148 8.390234 2.468729 7.415718 
2.466087 3.807150 2.492657 3.084734 2.495459 7.071401 2.531401 10.831401 2.470628 2.367826 
2.429677 6.090516 2.482520 7.091521 2.507032 2.635122 2.492767 10.927466 2.446253 2.979405 
2.497306 3.654487 2.476848 10.919178 2.522394 9.498906 2.494696 11.939384 2.521973 9.383819 
2.530824 2.727820 2.475114 4.878275 2.503755 8.176650 2.495983 5.942455 2.504191 10.561998 
2.470445 7.346150 2.556071 3.090156 2.558281 11.639266 2.479616 10.180312 2.491216 3.066402 
2.488123 10.985600 2.489682 7.119784 2.558562 3.099514 2.473173 2.638173 2.450335 3.406494 
2.504281 2.440964 2.456287 9.850946 2.521969 5.618071 2.537517 8.309148 2.475214 7.908968 
2.469649 2.790537 2.519079 11.559587 2.495127 3.681343 2.482447 10.924504 2.510861 11.118469 
2.506836 11.441428 2.491689 9.424904 2.431789 4.971476 2.486574 11.421757 2.456575 3.549326 
2.470025 11.037484 2.471207 2.723779 2.461275 6.107603 2.480785 4.864846 2.454889 6.123448 
2.520109 6.477065 2.501196 6.981739 2.485000 2.569674 2.475543 4.118261 2.528152 10.528587 
2.504156 9.864119 2.503348 11.435350 2.563727 2.098014 2.494574 10.867121 2.521358 4.198915 
2.520662 2.728995 2.488083 7.272634 2.498885 11.364455 2.534979 2.753001 2.486111 8.488340 
2.517537 3.017942 2.501678 2.712119 2.485241 3.252113 2.530733 6.134043 2.455145 2.957518 
2.449597 10.445430 2.549328 11.359274 2.531720 11.236962 2.486022 7.491801 2.530511 7.672715 
2.523653 2.717416 2.502896 11.353736 2.522012 8.791755 2.494014 3.393223 2.470071 6.337227 
2.424179 5.027254 2.528302 8.165479 2.582669 8.381971 2.426834 6.096296 2.621663 2.839972 
2.483206 2.780184 2.505382 7.257943 2.515886 6.189340 2.507068 2.607055 2.532356 11.207885 
2.542802 10.579767 2.503972 3.437095 2.494244 10.696984 2.484030 10.318499 2.516456 11.508431 
2.518782 5.828548 2.487121 7.905152 2.457204 7.562248 2.538369 11.018245 2.488463 11.806413 
2.493574 7.294296 2.497762 2.304404 2.524765 2.988881 2.482166 11.404188 2.503971 3.336029 
2.496304 3.741523 2.512496 6.220110 2.500528 11.989675 2.495835 10.120145 2.479291 10.702570 
2.498573 11.525321 2.502972 6.508440 2.464812 2.546957 2.516524 6.737280 2.580956 9.951617 
2.495323 3.013705 2.477485 10.176963 2.467696 11.436480 2.508919 3.012834 2.535675 2.561018 
2.495455 7.371212 2.495455 2.916667 2.434848 2.281187 2.438384 10.120960 2.507702 9.385354 
2.538978 5.994321 2.409267 5.383196 2.518069 10.887197 2.518456 2.217734 2.448503 2.998064 
2.470041 7.656763 2.519668 11.555685 2.432531 6.750207 2.515851 11.043154 2.465726 6.923320 
2.556352 10.798904 2.481872 7.320124 2.483699 11.110877 2.520517 2.441259 2.481310 6.261804 
2.543570 3.447044 2.465677 11.212104 2.517652 10.255254 2.482908 2.595965 2.481788 11.801345 
2.530345 9.712151 2.489092 2.783684 2.535502 5.298294 2.477324 2.220019 2.496364 2.577020 
2.483540 9.008268 2.470525 2.963252 2.550605 6.559945 2.529475 11.858674 2.511560 9.198744 
2.488245 5.089256 2.503554 2.831602 2.461454 2.870831 2.501093 2.265856 2.499863 4.919218 
2.561081 6.675174 2.485832 2.662601 2.472509 7.401952 2.461625 6.257647 2.502909 3.099831 
2.539810 10.006319 2.559242 5.554502 2.507741 11.521643 2.471090 7.568404 2.508847 6.632385 
2.487005 11.270241 2.492040 10.844060 2.462104 2.255137 2.526602 6.224112 2.479385 3.500340 
2.393860 5.384561 2.468070 11.367193 2.457193 2.177018 2.532456 8.763860 2.572105 4.034737 
2.497683 6.858202 2.497838 5.074143 2.446401 6.774483 2.476676 2.447328 2.536299 7.703892 
2.501385 7.685596 2.440905 11.387042 2.508156 7.196984 2.509849 6.647584 2.506156 11.459834 
2.494579 9.952848 2.469282 11.536224 2.473068 4.564963 2.525727 2.356909 2.526243 2.190845 
2.455952 6.601019 2.532164 10.996227 2.443124 7.811734 2.569515 3.142615 2.508961 3.157517 
2.511288 5.702523 2.501549 2.187546 2.495352 11.141360 2.549063 6.351483 2.578722 8.220304 
2.507799 11.425271 2.471866 2.824284 2.506219 2.208095 2.537216 3.024482 2.559131 6.454886 
2.557502 2.318816 2.482951 10.409020 2.446063 2.375697 2.500310 4.296187 2.480781 6.980161 
2.495260 3.196087 2.489240 2.334387 2.482017 9.489842 2.482769 2.293604 2.500075 11.276900 
2.487148 2.242443 2.493523 2.857907 2.484886 11.863870 2.465762 6.331483 2.508534 10.879910 
2.513132 9.950014 2.497458 6.582745 2.480938 11.165914 2.522169 11.269839 2.525558 2.599125 
2.541573 11.481730 2.536913 5.757271 2.557793 2.318046 2.473900 10.714206 2.551641 2.414989 
2.506805 8.165028 2.519093 7.424008 2.537051 7.515879 2.547448 2.708885 2.545747 11.791682 
2.508354 11.985330 2.479829 6.708028 2.530970 5.346373 2.477180 2.460065 2.471475 10.564181 
2.523398 11.118888 2.515009 4.084021 2.497968 2.983222 2.469917 11.264124 2.513042 11.748067 

Avg Classes:
2.501062 6.987991 2.500831 7.004122 2.500320 6.993248 2.501601 6.996249 2.500578 6.990609 
2.499498 7.005723 2.498374 7.006795 2.501292 7.002107 2.499690 7.004367 2.498954 6.983451 
2.499895 6.977804 2.500798 6.985700 2.497879 6.992608 2.496556 7.012830 2.497165 6.990719 
2.505279 7.053359 2.508546 7.025330 2.503622 7.027224 2.496757 7.017660 2.492969 7.021495 
2.515058 7.299356 2.473616 7.259717 2.514286 7.283912 2.472844 7.284170 2.470785 7.327413 
2.523547 7.069138 2.523547 7.098196 2.523547 7.013026 2.523547 6.972445 2.523547 6.891283 
2.484551 7.143258 2.502809 7.093399 2.549157 7.078652 2.497893 7.214185 2.465590 7.115169 
2.417391 6.704348 2.482609 6.821739 2.565217 6.452174 2.560870 6.960870 2.504348 6.700000 
2.416667 8.583333 2.416667 7.583333 2.416667 8.166667 2.416667 7.083333 2.416667 7.333333 
3.333333 7.666667 3.333333 7.666667 3.333333 12.000000 3.333333 8.000000 3.333333 11.666667 

Cluster 0 is class 8
Cluster 1 is class 0
Cluster 2 is class 0
Cluster 3 is class 0
Cluster 4 is class 7
Cluster 5 is class 0
Cluster 6 is class 7
Cluster 7 is class 8
Cluster 8 is class 0
Cluster 9 is class 0
Cluster 10 is class 9
Cluster 11 is class 4
Cluster 12 is class 0
Cluster 13 is class 8
Cluster 14 is class 7
Cluster 15 is class 8
Cluster 16 is class 0
Cluster 17 is class 0
Cluster 18 is class 0
Cluster 19 is class 0
Cluster 20 is class 0
Cluster 21 is class 0
Cluster 22 is class 8
Cluster 23 is class 0
Cluster 24 is class 1
Cluster 25 is class 7
Cluster 26 is class 7
Cluster 27 is class 8
Cluster 28 is class 0
Cluster 29 is class 9
Cluster 30 is class 0
Cluster 31 is class 0
Cluster 32 is class 0
Cluster 33 is class 8
Cluster 34 is class 0
Cluster 35 is class 8
Cluster 36 is class 0
Cluster 37 is class 0
Cluster 38 is class 0
Cluster 39 is class 7
Cluster 40 is class 0
Cluster 41 is class 0
Cluster 42 is class 0
Cluster 43 is class 0
Cluster 44 is class 0
Cluster 45 is class 4
Cluster 46 is class 0
Cluster 47 is class 0
Cluster 48 is class 0
Cluster 49 is class 0
Cluster 50 is class 0
Cluster 51 is class 7
Cluster 52 is class 8
Cluster 53 is class 0
Cluster 54 is class 5
Cluster 55 is class 0
Cluster 56 is class 9
Cluster 57 is class 9
Cluster 58 is class 7
Cluster 59 is class 9
Cluster 60 is class 4
Cluster 61 is class 5
Cluster 62 is class 0
Cluster 63 is class 0
Cluster 64 is class 4
Cluster 65 is class 8
Cluster 66 is class 9
Cluster 67 is class 0
Cluster 68 is class 2
Cluster 69 is class 7
Cluster 70 is class 0
Cluster 71 is class 8
Cluster 72 is class 0
Cluster 73 is class 0
Cluster 74 is class 0
Cluster 75 is class 4
Cluster 76 is class 0
Cluster 77 is class 0
Cluster 78 is class 0
Cluster 79 is class 0
Cluster 80 is class 0
Cluster 81 is class 0
Cluster 82 is class 9
Cluster 83 is class 0
Cluster 84 is class 0
Cluster 85 is class 0
Cluster 86 is class 0
Cluster 87 is class 4

Overall Accuracy is 0.301595

