----------------------------For Number of clusters 50----------------------------
Avg Clusters:
2.527529 10.333393 2.508979 10.139256 2.502530 7.351351 2.476258 4.053194 2.462264 6.649744 
2.507598 10.410784 2.494603 4.006679 2.486242 3.878284 2.509306 9.948849 2.507365 3.521395 
2.495476 10.398902 2.476716 9.627549 2.499306 10.495838 2.512366 9.919200 2.503710 3.458861 
2.481457 10.200193 2.511579 10.128986 2.506748 2.913965 2.496685 4.541401 2.499184 3.550332 
2.512409 4.680374 2.514896 7.609999 2.495984 3.672282 2.481717 10.179355 2.510251 10.327958 
2.480106 10.350178 2.464423 3.708923 2.510310 7.444021 2.518986 3.445364 2.509148 3.760873 
2.515105 2.948369 2.500477 4.132040 2.497614 10.198636 2.485541 10.281010 2.510528 4.487478 
2.511357 9.988848 2.467047 11.121965 2.514602 3.658573 2.501995 9.176420 2.479244 10.643355 
2.496997 3.559699 2.481537 9.952419 2.487481 3.652582 2.502541 10.303009 2.510455 3.383111 
2.499710 3.482235 2.524067 3.832022 2.510475 3.845580 2.470039 4.582013 2.482678 3.508261 
2.472590 7.371459 2.508401 10.975067 2.493753 8.416047 2.513247 3.718686 2.536887 2.615078 
2.499730 3.520743 2.510217 10.720659 2.517466 10.783930 2.474938 9.250810 2.515924 3.716880 
2.488502 10.327901 2.511364 4.399487 2.502266 3.248617 2.483837 3.800973 2.516230 10.538892 
2.495773 3.909831 2.508334 10.524725 2.505642 3.703613 2.530557 3.283378 2.487042 10.513441 
2.472653 3.649592 2.504326 3.175326 2.483113 3.249768 2.505890 10.920182 2.523242 4.613520 
2.493473 10.535356 2.515308 3.212215 2.500194 10.949102 2.482205 10.143795 2.503652 4.654285 
2.493575 10.348390 2.534205 8.931645 2.528244 11.835183 2.522065 3.202986 2.490950 3.923880 
2.486341 9.755877 2.489415 3.017620 2.464609 3.742586 2.483311 10.763020 2.519330 10.649595 
2.487171 4.199455 2.497660 3.581269 2.495760 10.535128 2.487309 4.194059 2.486731 10.137017 
2.497704 3.662532 2.499784 4.038979 2.513445 10.176173 2.503906 10.502964 2.478234 10.847772 
2.500821 10.575239 2.477544 10.721357 2.494591 3.981764 2.500142 2.915501 2.516905 10.932491 
2.505360 7.297194 2.526196 9.844877 2.488906 10.556586 2.502937 9.146266 2.520928 11.008250 
2.522700 3.887864 2.506978 10.494465 2.493383 10.678672 2.494706 3.216532 2.476538 10.050453 
2.457776 10.207838 2.498822 3.870846 2.506440 10.045156 2.517917 2.884729 2.534857 10.971533 
2.534606 11.190480 2.499332 4.017897 2.519605 11.442076 2.489084 6.022724 2.448908 8.900119 
2.502389 10.590846 2.482612 10.774490 2.497920 3.573843 2.494067 10.930549 2.484718 3.642831 
2.523941 2.573741 2.537477 10.091083 2.487451 7.157577 2.545373 3.469911 2.466866 4.110654 
2.524626 9.321807 2.512349 2.985907 2.498475 10.613686 2.505666 11.155310 2.524989 10.733256 
2.492051 3.100197 2.500246 11.769349 2.505176 4.528038 2.482191 10.440843 2.499014 10.185913 
2.491530 3.243184 2.480704 3.126103 2.520499 3.312300 2.503057 4.756666 2.510124 10.801173 
2.485127 4.116923 2.477540 10.333799 2.502096 2.354029 2.531044 3.402609 2.464497 3.604445 
2.495329 5.523596 2.508624 4.375614 2.541622 10.796203 2.489400 5.770691 2.514792 2.772727 
2.521945 10.556723 2.493288 3.714335 2.486680 2.398762 2.494331 3.420463 2.485219 3.708841 
2.515938 3.345420 2.508814 9.344872 2.524888 3.339666 2.474199 6.474199 2.572929 7.435291 
2.513170 11.582430 2.500310 7.152851 2.494577 8.964518 2.502711 10.752479 2.489774 10.434459 
2.507970 7.024885 2.531704 3.031792 2.548530 6.319961 2.525151 7.497166 2.449699 7.147892 
2.496102 11.282867 2.502303 11.755227 2.525691 10.447998 2.503278 9.802711 2.488395 9.444277 
2.501401 11.203907 2.518217 7.435329 2.505817 3.099448 2.520510 10.815202 2.520510 8.396603 
2.461882 9.538118 2.504421 2.630085 2.480592 11.618542 2.483757 2.888206 2.513358 3.660244 
2.494580 3.237890 2.462398 6.175813 2.477558 6.961721 2.536077 2.696054 2.551067 10.426829 
2.477178 6.989132 2.517305 4.278632 2.553754 8.215014 2.515048 11.457616 2.428942 2.579251 
2.475709 2.325972 2.555631 10.670375 2.532869 10.355020 2.523441 8.343214 2.489723 10.869458 
2.524909 3.078873 2.473883 2.863662 2.516700 3.929819 2.518632 11.158149 2.479356 10.713078 
2.536098 6.417231 2.543702 3.384936 2.489947 3.267111 2.491926 2.357329 2.448484 8.026565 
2.534246 2.682884 2.451347 3.655445 2.461628 10.275630 2.502679 2.694613 2.500434 3.938749 
2.502540 3.347578 2.462529 10.304936 2.466431 11.845582 2.476683 2.982943 2.521593 3.589820 
2.502533 10.551623 2.517874 10.386015 2.446165 10.986229 2.508241 3.228755 2.509954 10.909240 
2.496596 6.697241 2.471336 11.019258 2.502777 7.298101 2.519975 11.046668 2.520154 4.516123 
2.556838 11.440275 2.471692 2.976465 2.523868 6.620560 2.521980 6.992673 2.483903 10.786634 
2.515382 3.407360 2.471065 10.161935 2.466218 10.676328 2.516965 12.003462 2.506282 8.507864 

Avg Classes:
2.501062 6.987991 2.500831 7.004122 2.500320 6.993248 2.501601 6.996249 2.500578 6.990609 
2.499498 7.005723 2.498374 7.006795 2.501292 7.002107 2.499690 7.004367 2.498954 6.983451 
2.499895 6.977804 2.500798 6.985700 2.497879 6.992608 2.496556 7.012830 2.497165 6.990719 
2.505279 7.053359 2.508546 7.025330 2.503622 7.027224 2.496757 7.017660 2.492969 7.021495 
2.515058 7.299356 2.473616 7.259717 2.514286 7.283912 2.472844 7.284170 2.470785 7.327413 
2.523547 7.069138 2.523547 7.098196 2.523547 7.013026 2.523547 6.972445 2.523547 6.891283 
2.484551 7.143258 2.502809 7.093399 2.549157 7.078652 2.497893 7.214185 2.465590 7.115169 
2.417391 6.704348 2.482609 6.821739 2.565217 6.452174 2.560870 6.960870 2.504348 6.700000 
2.416667 8.583333 2.416667 7.583333 2.416667 8.166667 2.416667 7.083333 2.416667 7.333333 
3.333333 7.666667 3.333333 7.666667 3.333333 12.000000 3.333333 8.000000 3.333333 11.666667 

Cluster 0 is class 8
Cluster 1 is class 7
Cluster 2 is class 8
Cluster 3 is class 0
Cluster 4 is class 7
Cluster 5 is class 0
Cluster 6 is class 0
Cluster 7 is class 0
Cluster 8 is class 0
Cluster 9 is class 7
Cluster 10 is class 0
Cluster 11 is class 0
Cluster 12 is class 0
Cluster 13 is class 0
Cluster 14 is class 0
Cluster 15 is class 8
Cluster 16 is class 8
Cluster 17 is class 0
Cluster 18 is class 0
Cluster 19 is class 9
Cluster 20 is class 8
Cluster 21 is class 9
Cluster 22 is class 0
Cluster 23 is class 0
Cluster 24 is class 8
Cluster 25 is class 4
Cluster 26 is class 7
Cluster 27 is class 9
Cluster 28 is class 4
Cluster 29 is class 0
Cluster 30 is class 7
Cluster 31 is class 0
Cluster 32 is class 7
Cluster 33 is class 0
Cluster 34 is class 8
Cluster 35 is class 7
Cluster 36 is class 8
Cluster 37 is class 4
Cluster 38 is class 0
Cluster 39 is class 0
Cluster 40 is class 0
Cluster 41 is class 9
Cluster 42 is class 0
Cluster 43 is class 7
Cluster 44 is class 0
Cluster 45 is class 0
Cluster 46 is class 8
Cluster 47 is class 0
Cluster 48 is class 4
Cluster 49 is class 0

Overall Accuracy is 0.281623

