----------------------------For Number of clusters 89----------------------------
Avg Clusters:
2.491246 11.055255 2.488653 9.936559 2.519578 6.950293 2.505344 3.547774 2.488017 10.566465 
2.470606 6.137186 2.480715 10.863378 2.489479 4.725281 2.507050 5.456419 2.507180 3.049026 
2.506420 2.944555 2.527872 7.228598 2.512791 7.044396 2.484671 9.819978 2.473870 4.244077 
2.526310 2.357561 2.480852 10.482391 2.485292 3.226813 2.524060 3.714176 2.462149 4.598757 
2.532369 11.256391 2.481593 10.803576 2.478529 4.663955 2.502486 10.378283 2.486264 3.126563 
2.488019 3.406582 2.521359 10.223403 2.489998 4.607830 2.485309 11.132071 2.508238 10.777242 
2.516505 10.702191 2.488082 11.090520 2.482288 2.481202 2.496409 4.360208 2.501780 8.458995 
2.489940 2.887531 2.534017 10.790230 2.506759 10.524336 2.503725 5.908900 2.462235 10.501807 
2.526302 3.079731 2.495627 10.698631 2.487578 2.984155 2.483268 10.885854 2.514577 3.510141 
2.463899 10.681455 2.487896 10.543680 2.504684 11.076624 2.522787 10.737080 2.520735 5.036838 
2.523484 10.499249 2.519946 2.709127 2.533033 10.813969 2.489409 8.283263 2.470845 5.624982 
2.511248 6.616231 2.534833 10.961055 2.527576 10.549468 2.494194 10.647013 2.508648 10.762397 
2.485771 10.818621 2.503114 3.260417 2.526901 10.634772 2.494845 3.333441 2.507302 10.710213 
2.489076 6.997514 2.558935 3.671245 2.549908 10.324045 2.506018 10.979069 2.499542 2.615188 
2.491012 10.896861 2.496646 9.486236 2.535873 6.657633 2.476469 2.739683 2.508935 3.404239 
2.446208 3.387911 2.528755 9.274513 2.532893 3.750314 2.526713 3.194375 2.493400 11.308035 
2.458101 10.486276 2.482026 3.207615 2.526111 10.066553 2.517488 3.105477 2.519796 2.732694 
2.481370 2.707151 2.498104 6.768597 2.481697 11.072362 2.502092 10.649954 2.500784 9.590339 
2.483747 3.488333 2.515440 2.639424 2.490365 11.002090 2.477537 4.568899 2.479626 10.193058 
2.514857 3.704826 2.488656 2.576759 2.511114 6.061672 2.533571 10.728320 2.496084 10.223655 
2.545890 7.522034 2.469538 10.111706 2.499679 3.976859 2.479394 8.289765 2.484537 11.067495 
2.490519 3.153995 2.485673 3.047919 2.499606 3.250560 2.523657 6.266614 2.487854 3.587569 
2.520738 6.950395 2.517928 3.041021 2.485491 3.438013 2.469082 2.480097 2.500836 4.051504 
2.483956 3.325780 2.455493 2.516769 2.522571 10.770214 2.496374 10.651740 2.503807 6.443256 
2.502943 5.070018 2.531147 2.853403 2.528510 2.806193 2.470018 4.092091 2.489332 10.866401 
2.504212 9.005884 2.528676 11.207791 2.502787 11.231822 2.534250 3.725257 2.499195 3.161340 
2.499661 3.633528 2.459175 8.273498 2.514851 10.892852 2.516411 3.230164 2.506307 2.818391 
2.439730 4.142047 2.494183 6.924919 2.496921 2.554306 2.476977 8.858246 2.503079 7.204321 
2.517376 11.302677 2.482858 10.869991 2.519255 3.933626 2.479884 11.037414 2.491625 10.688635 
2.505551 11.251609 2.499540 3.751149 2.517219 5.211937 2.543809 7.342691 2.474153 3.365533 
2.526198 11.603013 2.468256 9.569820 2.501283 10.310984 2.517507 10.097674 2.484728 10.869051 
2.496577 11.536907 2.518598 4.071918 2.484701 2.709031 2.478845 2.860701 2.475381 5.890804 
2.498586 7.910869 2.531798 3.845980 2.480485 8.659071 2.493737 7.589980 2.500768 11.380364 
2.491077 10.531262 2.491924 2.784682 2.494138 3.598085 2.460662 11.106552 2.510290 7.455061 
2.493586 10.482117 2.528587 5.789228 2.495965 3.262510 2.519752 2.742248 2.553224 11.310254 
2.503424 10.993739 2.461064 2.124437 2.489728 3.562512 2.523381 5.603600 2.480532 10.674036 
2.480462 6.777100 2.518816 3.218487 2.483752 3.664687 2.540721 11.205007 2.463452 2.891679 
2.519531 7.325674 2.495102 11.663684 2.469706 3.335349 2.495102 2.698513 2.462450 10.735397 
2.472443 2.605346 2.526150 11.825803 2.457713 10.163936 2.506538 5.322244 2.507613 3.691576 
2.512606 11.431515 2.498871 3.831797 2.502070 5.674318 2.503293 10.485230 2.507808 11.444591 
2.515318 3.558660 2.510183 6.653525 2.512097 9.854917 2.516797 2.440644 2.513229 11.080766 
2.543573 10.287165 2.533514 7.520940 2.508076 10.503917 2.456814 5.239675 2.475094 7.059677 
2.471814 7.031941 2.497832 4.020095 2.474881 2.518773 2.468324 10.826230 2.512110 11.458170 
2.473460 2.145690 2.475216 3.310704 2.508219 3.403187 2.458652 11.495294 2.568453 4.043293 
2.553999 2.517572 2.497023 5.603269 2.497256 6.683830 2.543841 6.564974 2.572680 10.434793 
2.483733 11.771248 2.480988 4.369154 2.456486 9.718076 2.510268 11.507727 2.515555 2.871696 
2.487877 10.068220 2.545282 11.272165 2.535179 7.345496 2.525434 7.513073 2.467435 6.507725 
2.531992 4.387591 2.510479 11.184009 2.487859 7.805743 2.472533 2.558490 2.532638 7.397932 
2.519195 3.021403 2.491167 11.727875 2.502973 9.297945 2.497367 11.109988 2.513165 5.799558 
2.487204 3.593885 2.517107 2.761853 2.555226 11.299300 2.493534 10.314925 2.501212 11.776805 
2.541794 2.818670 2.482855 11.661745 2.544478 2.812813 2.569738 7.206101 2.535570 9.676388 
2.517853 6.544526 2.444934 10.589804 2.544096 8.309744 2.477092 11.335448 2.514949 2.387933 
2.500791 11.011168 2.501285 10.322396 2.485175 2.216248 2.500000 4.539435 2.494959 2.641728 
2.455680 7.989785 2.489729 8.067075 2.511179 2.789581 2.462150 11.054477 2.503121 3.109863 
2.482537 11.021186 2.523112 7.253467 2.528505 2.614664 2.538392 7.948125 2.491269 6.581536 
2.507249 9.734267 2.514992 2.937232 2.466063 2.107414 2.496211 6.674300 2.541021 2.631137 
2.527735 6.706011 2.497420 7.146414 2.462461 3.626806 2.477038 2.896930 2.551858 7.027090 
2.507048 6.972130 2.486603 3.767244 2.476272 10.989885 2.529969 2.815345 2.443452 7.167653 
2.491718 10.272627 2.493274 11.229615 2.461243 11.732772 2.458131 3.373479 2.503066 9.702023 
2.533099 10.708050 2.453080 7.467022 2.503637 10.772187 2.500121 6.936348 2.543041 2.245150 
2.484619 11.184141 2.480468 2.990740 2.532092 10.891538 2.512081 11.054284 2.504524 10.707823 
2.527359 4.690180 2.470423 8.817214 2.505176 11.677019 2.459479 3.060337 2.523810 7.415114 
2.519553 10.988082 2.479330 6.345438 2.479330 2.325698 2.477095 7.838734 2.521788 11.566480 
2.533764 10.763395 2.489879 7.443273 2.488518 3.655213 2.492090 12.041674 2.503657 8.439360 
2.515661 11.398867 2.523659 7.374875 2.441686 11.168277 2.501000 1.983339 2.508830 4.515495 
2.523880 2.535337 2.559955 5.112195 2.481112 6.782870 2.456381 3.035167 2.430062 3.021554 
2.501718 11.841270 2.526264 4.366225 2.504173 3.080183 2.505973 11.420880 2.507773 2.588283 
2.574815 6.555265 2.518627 2.715825 2.517857 6.332512 2.515240 6.742765 2.449969 6.795259 
2.513605 10.530774 2.555070 6.968416 2.467606 11.500324 2.534823 6.185941 2.513605 11.529964 
2.428437 7.526996 2.486468 11.707823 2.496971 2.833580 2.504376 10.998250 2.554733 6.630672 
2.473087 2.896632 2.496354 8.794884 2.492302 11.871166 2.502604 10.678088 2.523787 2.722537 
2.496073 3.864549 2.529586 3.466574 2.481759 2.146797 2.498865 11.481061 2.481585 8.400593 
2.450530 7.075340 2.456127 3.200303 2.466868 7.095159 2.525113 2.318457 2.487141 11.245688 
2.462523 2.247995 2.448489 2.576033 2.493985 6.639112 2.499846 2.637261 2.572178 8.832357 
2.498138 2.915736 2.485891 3.162649 2.485009 11.074466 2.475799 6.627768 2.531648 3.060651 
2.504776 6.728908 2.471665 6.477555 2.435212 8.221267 2.496975 11.639287 2.488857 10.749284 
2.541193 6.380256 2.525994 10.925994 2.462216 10.223011 2.587074 2.753409 2.476278 11.804830 
2.575584 2.252396 2.400370 4.768623 2.489490 2.297629 2.460568 8.717673 2.458046 11.665714 
2.477149 9.349676 2.500263 6.330240 2.492733 8.250044 2.517423 11.476974 2.511119 6.082648 
2.542222 2.180317 2.435767 5.247831 2.468995 11.152593 2.515132 2.737143 2.515979 5.821587 
2.532382 2.143800 2.488492 5.659411 2.500981 2.731311 2.517395 2.813738 2.496878 7.338448 
2.558030 6.178180 2.497825 7.524100 2.530712 11.486341 2.450844 8.708370 2.499565 5.934575 
2.493263 6.753181 2.539671 11.511789 2.521894 11.607223 2.537987 8.516093 2.533870 2.855539 
2.462511 6.917576 2.457835 3.255758 2.465801 7.803463 2.446926 5.587532 2.548918 2.299394 
2.455718 6.310060 2.500430 8.132416 2.580739 2.743594 2.583835 2.618573 2.425451 2.226655 
2.570545 2.383636 2.533818 3.132000 2.470727 9.504727 2.512545 11.411636 2.456909 2.369273 
2.448903 10.965389 2.444428 2.890795 2.463225 7.114576 2.459048 2.806057 2.485603 6.877368 
2.544010 7.805216 2.460065 3.788101 2.437245 11.946210 2.479014 11.395273 2.524857 9.363896 
2.524987 4.587321 2.490906 2.298782 2.520749 10.614868 2.504326 2.276179 2.510860 2.907999 

Avg Classes:
2.501062 6.987991 2.500831 7.004122 2.500320 6.993248 2.501601 6.996249 2.500578 6.990609 
2.499498 7.005723 2.498374 7.006795 2.501292 7.002107 2.499690 7.004367 2.498954 6.983451 
2.499895 6.977804 2.500798 6.985700 2.497879 6.992608 2.496556 7.012830 2.497165 6.990719 
2.505279 7.053359 2.508546 7.025330 2.503622 7.027224 2.496757 7.017660 2.492969 7.021495 
2.515058 7.299356 2.473616 7.259717 2.514286 7.283912 2.472844 7.284170 2.470785 7.327413 
2.523547 7.069138 2.523547 7.098196 2.523547 7.013026 2.523547 6.972445 2.523547 6.891283 
2.484551 7.143258 2.502809 7.093399 2.549157 7.078652 2.497893 7.214185 2.465590 7.115169 
2.417391 6.704348 2.482609 6.821739 2.565217 6.452174 2.560870 6.960870 2.504348 6.700000 
2.416667 8.583333 2.416667 7.583333 2.416667 8.166667 2.416667 7.083333 2.416667 7.333333 
3.333333 7.666667 3.333333 7.666667 3.333333 12.000000 3.333333 8.000000 3.333333 11.666667 

Cluster 0 is class 4
Cluster 1 is class 7
Cluster 2 is class 0
Cluster 3 is class 5
Cluster 4 is class 3
Cluster 5 is class 0
Cluster 6 is class 0
Cluster 7 is class 9
Cluster 8 is class 0
Cluster 9 is class 8
Cluster 10 is class 0
Cluster 11 is class 9
Cluster 12 is class 8
Cluster 13 is class 0
Cluster 14 is class 8
Cluster 15 is class 0
Cluster 16 is class 8
Cluster 17 is class 9
Cluster 18 is class 0
Cluster 19 is class 0
Cluster 20 is class 4
Cluster 21 is class 7
Cluster 22 is class 0
Cluster 23 is class 0
Cluster 24 is class 0
Cluster 25 is class 5
Cluster 26 is class 0
Cluster 27 is class 0
Cluster 28 is class 8
Cluster 29 is class 0
Cluster 30 is class 9
Cluster 31 is class 7
Cluster 32 is class 0
Cluster 33 is class 0
Cluster 34 is class 0
Cluster 35 is class 0
Cluster 36 is class 0
Cluster 37 is class 0
Cluster 38 is class 0
Cluster 39 is class 0
Cluster 40 is class 0
Cluster 41 is class 8
Cluster 42 is class 0
Cluster 43 is class 0
Cluster 44 is class 0
Cluster 45 is class 8
Cluster 46 is class 4
Cluster 47 is class 0
Cluster 48 is class 0
Cluster 49 is class 9
Cluster 50 is class 0
Cluster 51 is class 0
Cluster 52 is class 0
Cluster 53 is class 7
Cluster 54 is class 6
Cluster 55 is class 7
Cluster 56 is class 7
Cluster 57 is class 0
Cluster 58 is class 8
Cluster 59 is class 8
Cluster 60 is class 8
Cluster 61 is class 0
Cluster 62 is class 0
Cluster 63 is class 0
Cluster 64 is class 8
Cluster 65 is class 0
Cluster 66 is class 7
Cluster 67 is class 0
Cluster 68 is class 9
Cluster 69 is class 0
Cluster 70 is class 0
Cluster 71 is class 7
Cluster 72 is class 0
Cluster 73 is class 7
Cluster 74 is class 0
Cluster 75 is class 4
Cluster 76 is class 9
Cluster 77 is class 0
Cluster 78 is class 8
Cluster 79 is class 0
Cluster 80 is class 0
Cluster 81 is class 3
Cluster 82 is class 0
Cluster 83 is class 7
Cluster 84 is class 0
Cluster 85 is class 7
Cluster 86 is class 8
Cluster 87 is class 9
Cluster 88 is class 0

Overall Accuracy is 0.287202

