----------------------------For Number of clusters 83----------------------------
Avg Clusters:
2.534201 3.396903 2.460458 3.157271 2.501885 7.137612 2.529623 3.814767 2.517953 9.636849 
2.507745 8.633343 2.511791 10.549557 2.498999 6.718396 2.477786 3.429599 2.483958 6.473004 
2.523399 3.785642 2.548196 10.623555 2.507062 10.690415 2.507877 6.202522 2.484206 10.224680 
2.522205 3.644890 2.471787 5.257279 2.490304 11.306058 2.488939 2.920140 2.479379 7.096193 
2.479297 9.667521 2.506838 10.391121 2.483333 2.920560 2.486752 10.232858 2.498908 7.047388 
2.531019 3.168820 2.510094 11.099793 2.508301 3.398988 2.533732 8.429616 2.528627 9.999402 
2.502739 6.899592 2.513811 7.514044 2.504371 10.315676 2.485082 10.661422 2.497552 11.129953 
2.494939 4.181982 2.512319 10.023172 2.501665 8.909908 2.492675 2.383473 2.495605 11.487881 
2.519047 10.644718 2.445022 10.275356 2.523253 3.708986 2.505901 7.905293 2.473592 11.438829 
2.497448 3.948958 2.462708 2.757760 2.511458 11.339375 2.501615 10.207448 2.508125 9.060208 
2.507068 3.794608 2.501822 3.612242 2.504299 9.782560 2.495506 6.894438 2.504105 2.686228 
2.488150 10.823040 2.497488 3.793453 2.493327 9.779853 2.524791 2.637554 2.487998 6.576909 
2.472825 9.967059 2.477201 3.392454 2.516825 10.720326 2.504583 3.672305 2.503933 11.546100 
2.496648 4.232529 2.494889 9.682127 2.503184 4.290975 2.549732 3.355162 2.451818 2.703075 
2.494676 10.762055 2.523981 9.782833 2.522509 10.854904 2.495542 3.763311 2.499957 3.233486 
2.510531 8.474347 2.557636 4.679508 2.530453 11.326973 2.478848 10.769337 2.518992 2.954875 
2.499510 3.100443 2.478226 8.962007 2.522334 3.511132 2.490502 11.417690 2.477666 3.837620 
2.467373 11.697199 2.463664 4.193641 2.458895 10.076987 2.523240 7.969190 2.496669 3.006510 
2.523400 4.256887 2.495289 11.298208 2.523093 8.841270 2.519304 10.352995 2.503635 3.145417 
2.502191 4.098474 2.483507 3.328165 2.498579 2.651611 2.469736 10.144990 2.497087 10.249145 
2.447761 3.338579 2.498864 7.656960 2.439406 4.613968 2.526444 11.367618 2.509409 10.762249 
2.481867 3.179644 2.493689 11.657689 2.510044 8.758222 2.516889 11.350133 2.509600 10.021244 
2.555632 7.011183 2.513751 10.537373 2.548556 2.969303 2.444482 11.518886 2.484880 11.171631 
2.481240 8.945330 2.511514 3.086554 2.486232 10.864895 2.483575 3.152576 2.523349 2.445733 
2.489281 8.105782 2.506125 6.407877 2.524562 2.711687 2.464106 3.192576 2.509372 8.027808 
2.466419 5.902229 2.533804 11.292125 2.484770 10.935141 2.514933 4.517608 2.582615 3.169242 
2.537355 11.141196 2.476264 3.372519 2.509475 10.461425 2.504015 10.192009 2.501381 10.860346 
2.487577 10.964038 2.481954 9.967438 2.531058 3.394926 2.475677 2.905453 2.523081 3.009154 
2.515447 10.656452 2.501117 3.354218 2.501489 3.290199 2.505955 7.009677 2.511042 11.193300 
2.505369 11.219008 2.532106 8.975820 2.484404 11.079480 2.509460 5.985974 2.555556 9.738768 
2.506881 10.935085 2.516415 5.774498 2.489471 3.096501 2.519234 11.539380 2.515503 10.016249 
2.506122 2.486422 2.512381 9.455123 2.482371 11.404400 2.472982 7.372733 2.494891 3.308386 
2.494889 3.428965 2.517687 3.197198 2.463650 3.119674 2.521190 9.449409 2.513552 3.211611 
2.467517 7.891848 2.471619 6.981875 2.531364 5.554486 2.508913 10.356679 2.520176 2.872082 
2.499676 10.433763 2.485214 10.941411 2.454529 2.670344 2.516640 6.938537 2.467785 3.250487 
2.506669 3.318485 2.510089 7.309080 2.466655 3.760260 2.557712 2.498889 2.497179 11.177582 
2.509711 3.574661 2.487358 3.138695 2.488182 7.764383 2.474350 2.425431 2.493221 3.110846 
2.478221 10.188755 2.505175 10.969184 2.529348 11.501390 2.490269 10.401838 2.510967 3.904464 
2.489405 7.316399 2.493745 11.320909 2.491873 2.956344 2.495107 3.148668 2.487533 11.081695 
2.518499 11.070107 2.510523 3.995241 2.511528 2.737131 2.508579 10.660523 2.499732 3.169973 
2.507853 7.298097 2.495055 3.487576 2.455331 3.245076 2.479681 4.506358 2.516081 2.711709 
2.428271 11.038637 2.515116 2.152796 2.472277 4.841251 2.483833 11.179176 2.500642 8.753473 
2.516642 6.899417 2.492833 3.029762 2.548105 3.477284 2.449587 11.303814 2.516642 6.185739 
2.497183 4.060424 2.393958 7.809375 2.511689 10.805899 2.501379 2.364105 2.492027 2.699676 
2.452709 3.378528 2.522928 3.318114 2.492622 11.425869 2.484302 3.674260 2.498069 11.574329 
2.473891 2.974283 2.527287 7.221633 2.496368 7.404692 2.410385 8.057911 2.492049 6.693659 
2.507702 11.995308 2.491380 10.384066 2.512700 3.471080 2.485974 2.718964 2.499643 10.063348 
2.498800 10.163648 2.493672 11.078006 2.514074 3.284966 2.475998 11.525638 2.509710 2.540585 
2.516923 2.619629 2.524881 3.236711 2.539416 2.788117 2.481910 3.158939 2.496870 4.919682 
2.494953 10.741971 2.486970 2.839787 2.481281 3.708020 2.500459 2.239952 2.504588 10.407781 
2.532248 7.630421 2.536100 3.174599 2.545669 7.607680 2.530757 7.671927 2.461538 7.183174 
2.514434 6.802448 2.513769 2.359186 2.456565 7.348543 2.515232 11.405747 2.404949 2.610084 
2.513551 11.135048 2.473532 11.082805 2.481605 7.401107 2.522085 7.604313 2.532234 3.536040 
2.520460 9.453807 2.508175 10.746735 2.462030 11.361807 2.510303 2.229951 2.482732 10.271742 
2.526713 7.600108 2.452644 3.119941 2.486913 6.802887 2.512952 11.065030 2.467485 11.710604 
2.459938 4.736830 2.548805 2.416888 2.524790 2.515826 2.476649 3.762838 2.480633 10.722444 
2.463368 6.830862 2.504184 4.114814 2.485098 7.906475 2.447365 6.032154 2.555572 11.740126 
2.495579 3.837639 2.503617 9.384660 2.471122 11.684005 2.470663 11.711563 2.468251 5.390286 
2.532194 11.897959 2.536624 2.807309 2.564309 9.018035 2.436798 6.564468 2.471286 7.703528 
2.481712 2.566874 2.500858 11.395737 2.533731 3.724555 2.546193 2.995755 2.468888 7.999097 
2.493159 8.516004 2.457010 11.246140 2.461529 7.696875 2.556420 11.137316 2.489017 7.765909 
2.531511 2.309361 2.503091 11.483133 2.484760 9.906823 2.520881 2.775789 2.469574 5.499729 
2.549749 2.400940 2.522414 4.198885 2.506779 10.849552 2.488848 11.434398 2.501093 3.171332 
2.497473 11.290736 2.498709 4.742055 2.535542 6.099158 2.522628 3.304773 2.456485 2.604155 
2.413116 2.540228 2.487217 2.812365 2.511050 7.068179 2.524484 11.230825 2.521739 6.186769 
2.457433 11.781503 2.569181 6.043523 2.446405 2.759300 2.474342 5.866343 2.505073 6.054551 
2.540259 11.237015 2.469323 2.580938 2.511178 2.521768 2.500756 2.675071 2.443772 3.704152 
2.499340 3.999717 2.500094 11.440434 2.456833 2.821395 2.467201 7.677003 2.583977 3.410368 
2.537470 2.454147 2.549356 3.268235 2.543726 7.513699 2.540723 10.617165 2.477668 11.453647 
2.520923 2.634686 2.483055 7.116945 2.449483 2.454097 2.463803 5.286874 2.495465 5.771201 
2.504028 2.857670 2.451829 6.515945 2.514099 2.697885 2.440081 6.272910 2.521819 11.449815 
2.513038 11.593138 2.510917 9.980037 2.525016 8.838927 2.469370 11.237056 2.477979 11.297941 
2.458082 7.342567 2.547665 3.677030 2.490791 11.818329 2.506704 6.005599 2.507146 7.063209 
2.469155 11.608073 2.574105 6.951409 2.460168 7.561158 2.485149 11.297030 2.451942 5.960701 
2.486908 9.828903 2.481511 2.129322 2.480911 3.053968 2.494104 6.447731 2.565461 6.352788 
2.505359 2.280709 2.503160 7.507145 2.475405 11.481039 2.498901 10.566090 2.519511 10.840341 
2.500420 11.472292 2.463686 2.269941 2.543451 5.619857 2.561713 8.070529 2.481108 2.604744 
2.487511 10.783930 2.475474 11.903100 2.506169 8.343063 2.524075 5.006470 2.501354 10.953957 
2.483396 10.387873 2.472388 6.707463 2.518843 11.938993 2.520896 11.209701 2.453545 7.271269 
2.530485 11.174324 2.430442 10.180764 2.531773 8.110348 2.549592 11.851009 2.521039 2.293474 
2.523649 10.923108 2.493784 6.966351 2.457703 6.845811 2.541216 2.893108 2.491757 11.295135 
2.474450 11.052792 2.467851 2.110152 2.514890 10.072081 2.484264 11.786971 2.535702 5.505922 
2.513952 10.021305 2.528469 12.040724 2.522813 11.819759 2.542609 10.076169 2.491516 9.714555 

Avg Classes:
2.501062 6.987991 2.500831 7.004122 2.500320 6.993248 2.501601 6.996249 2.500578 6.990609 
2.499498 7.005723 2.498374 7.006795 2.501292 7.002107 2.499690 7.004367 2.498954 6.983451 
2.499895 6.977804 2.500798 6.985700 2.497879 6.992608 2.496556 7.012830 2.497165 6.990719 
2.505279 7.053359 2.508546 7.025330 2.503622 7.027224 2.496757 7.017660 2.492969 7.021495 
2.515058 7.299356 2.473616 7.259717 2.514286 7.283912 2.472844 7.284170 2.470785 7.327413 
2.523547 7.069138 2.523547 7.098196 2.523547 7.013026 2.523547 6.972445 2.523547 6.891283 
2.484551 7.143258 2.502809 7.093399 2.549157 7.078652 2.497893 7.214185 2.465590 7.115169 
2.417391 6.704348 2.482609 6.821739 2.565217 6.452174 2.560870 6.960870 2.504348 6.700000 
2.416667 8.583333 2.416667 7.583333 2.416667 8.166667 2.416667 7.083333 2.416667 7.333333 
3.333333 7.666667 3.333333 7.666667 3.333333 12.000000 3.333333 8.000000 3.333333 11.666667 

Cluster 0 is class 0
Cluster 1 is class 0
Cluster 2 is class 9
Cluster 3 is class 0
Cluster 4 is class 0
Cluster 5 is class 0
Cluster 6 is class 9
Cluster 7 is class 0
Cluster 8 is class 8
Cluster 9 is class 0
Cluster 10 is class 0
Cluster 11 is class 8
Cluster 12 is class 9
Cluster 13 is class 7
Cluster 14 is class 8
Cluster 15 is class 0
Cluster 16 is class 0
Cluster 17 is class 8
Cluster 18 is class 0
Cluster 19 is class 0
Cluster 20 is class 0
Cluster 21 is class 4
Cluster 22 is class 4
Cluster 23 is class 0
Cluster 24 is class 0
Cluster 25 is class 0
Cluster 26 is class 9
Cluster 27 is class 0
Cluster 28 is class 0
Cluster 29 is class 8
Cluster 30 is class 0
Cluster 31 is class 0
Cluster 32 is class 0
Cluster 33 is class 0
Cluster 34 is class 0
Cluster 35 is class 0
Cluster 36 is class 0
Cluster 37 is class 8
Cluster 38 is class 0
Cluster 39 is class 0
Cluster 40 is class 7
Cluster 41 is class 4
Cluster 42 is class 0
Cluster 43 is class 0
Cluster 44 is class 9
Cluster 45 is class 0
Cluster 46 is class 0
Cluster 47 is class 0
Cluster 48 is class 7
Cluster 49 is class 0
Cluster 50 is class 0
Cluster 51 is class 0
Cluster 52 is class 8
Cluster 53 is class 8
Cluster 54 is class 0
Cluster 55 is class 0
Cluster 56 is class 0
Cluster 57 is class 0
Cluster 58 is class 8
Cluster 59 is class 7
Cluster 60 is class 4
Cluster 61 is class 0
Cluster 62 is class 0
Cluster 63 is class 0
Cluster 64 is class 0
Cluster 65 is class 0
Cluster 66 is class 0
Cluster 67 is class 0
Cluster 68 is class 0
Cluster 69 is class 0
Cluster 70 is class 0
Cluster 71 is class 8
Cluster 72 is class 0
Cluster 73 is class 8
Cluster 74 is class 0
Cluster 75 is class 9
Cluster 76 is class 7
Cluster 77 is class 8
Cluster 78 is class 8
Cluster 79 is class 8
Cluster 80 is class 4
Cluster 81 is class 0
Cluster 82 is class 9

Overall Accuracy is 0.338504

