----------------------------For Number of clusters 40----------------------------
Avg Clusters:
2.493003 5.219487 2.506543 4.068368 2.493608 3.717349 2.497257 10.129200 2.500389 4.238080 
2.519025 9.641563 2.476155 10.276915 2.503684 3.659244 2.490198 9.931385 2.506141 9.910066 
2.505278 9.802673 2.497204 9.899230 2.499010 3.866459 2.499887 3.357446 2.502796 9.845674 
2.511765 4.260125 2.501591 4.285511 2.475603 9.756413 2.500362 4.239441 2.489055 6.815791 
2.477812 3.036529 2.525349 10.516641 2.502730 4.144996 2.494942 10.194401 2.500862 9.062942 
2.512539 4.091734 2.483071 10.455046 2.505555 4.396434 2.514012 9.932665 2.524856 2.973597 
2.498753 10.162652 2.479578 9.751721 2.495138 10.034061 2.509301 10.016108 2.500449 3.672127 
2.511186 4.324392 2.485855 3.629344 2.516806 3.631326 2.492941 3.889580 2.521639 10.188260 
2.506207 3.922253 2.521175 4.061006 2.504682 3.823863 2.465170 3.792190 2.473257 3.173760 
2.498566 10.245632 2.492299 3.358569 2.482155 4.201020 2.494025 9.765415 2.507542 10.205800 
2.506180 3.490848 2.518446 9.756046 2.494484 10.402459 2.498435 10.184112 2.510385 10.206272 
2.486048 4.337198 2.497580 10.530040 2.497235 4.108220 2.535633 3.281863 2.467949 4.301156 
2.507604 9.139856 2.527881 11.569787 2.518644 10.748620 2.500732 9.177650 2.487890 9.787597 
2.492672 3.501422 2.500234 9.666895 2.498794 10.868414 2.477691 10.129605 2.514315 3.462314 
2.489037 10.133112 2.507171 3.552907 2.502215 10.184579 2.501080 3.891667 2.504873 10.247425 
2.495690 3.185225 2.485153 3.459251 2.509379 4.338362 2.522669 10.792385 2.497047 10.444844 
2.507977 5.255650 2.463485 3.686697 2.513516 10.632101 2.500000 4.354959 2.522334 2.304041 
2.478993 3.262546 2.501661 4.454035 2.511491 10.260481 2.501795 3.676183 2.503950 11.526349 
2.475655 11.378087 2.517241 9.622383 2.491603 9.991626 2.495225 3.826222 2.498518 10.188220 
2.497066 10.779807 2.515270 4.206300 2.500120 3.803970 2.489460 4.040242 2.479759 3.895712 
2.509545 10.700920 2.494153 10.544114 2.527603 7.402786 2.480996 3.886620 2.497119 3.306432 
2.487596 10.814551 2.497163 3.419179 2.495216 3.358883 2.511236 3.140171 2.506564 10.494493 
2.481686 8.309236 2.549770 3.297155 2.541240 10.817052 2.473310 10.867305 2.517272 4.174341 
2.515956 10.091421 2.533880 9.371311 2.513880 11.733169 2.509235 3.258087 2.518962 4.394699 
2.513030 11.729982 2.472914 3.343985 2.494867 8.810161 2.554936 8.932614 2.478916 3.878336 
2.496000 10.632879 2.497363 10.443692 2.502462 3.185714 2.485187 10.232923 2.497011 3.503692 
2.510578 3.639216 2.485672 3.021782 2.519773 10.803249 2.503348 10.536422 2.497054 9.791510 
2.490076 11.170125 2.510376 4.242980 2.495433 3.211176 2.505639 10.925116 2.494925 3.732773 
2.485421 3.128665 2.507217 10.524463 2.517557 4.272096 2.528227 3.574011 2.492328 10.850118 
2.507529 11.793243 2.482172 8.642818 2.504876 9.590700 2.539284 10.688305 2.493875 10.435047 
2.509403 10.753817 2.478343 3.015857 2.515563 10.537907 2.489942 10.715418 2.506716 10.495970 
2.535136 6.242629 2.515310 10.906891 2.457990 10.399307 2.511788 3.077089 2.475430 10.621201 
2.525810 2.443208 2.491527 3.468486 2.500475 9.249706 2.490968 10.489067 2.470611 3.398244 
2.535914 4.804288 2.490531 7.262952 2.475599 3.129390 2.462001 8.119463 2.475432 11.314841 
2.514631 2.372180 2.525690 10.842129 2.502496 10.779688 2.484421 4.050686 2.488340 8.574038 
2.447429 10.988540 2.470286 3.250673 2.508360 10.440729 2.511178 3.086480 2.501659 3.468220 
2.489052 5.283584 2.504769 10.708960 2.481126 10.782980 2.530360 3.748992 2.534592 2.789629 
2.497280 10.447662 2.481917 10.615995 2.481917 2.305351 2.503675 3.601882 2.510512 3.454205 
2.504686 1.762682 2.481786 9.922408 2.482945 9.591941 2.495507 3.587786 2.478114 3.285535 
2.520652 7.374443 2.520070 6.315203 2.479252 10.624297 2.492825 10.049350 2.474210 11.086678 

Avg Classes:
2.501062 6.987991 2.500831 7.004122 2.500320 6.993248 2.501601 6.996249 2.500578 6.990609 
2.499498 7.005723 2.498374 7.006795 2.501292 7.002107 2.499690 7.004367 2.498954 6.983451 
2.499895 6.977804 2.500798 6.985700 2.497879 6.992608 2.496556 7.012830 2.497165 6.990719 
2.505279 7.053359 2.508546 7.025330 2.503622 7.027224 2.496757 7.017660 2.492969 7.021495 
2.515058 7.299356 2.473616 7.259717 2.514286 7.283912 2.472844 7.284170 2.470785 7.327413 
2.523547 7.069138 2.523547 7.098196 2.523547 7.013026 2.523547 6.972445 2.523547 6.891283 
2.484551 7.143258 2.502809 7.093399 2.549157 7.078652 2.497893 7.214185 2.465590 7.115169 
2.417391 6.704348 2.482609 6.821739 2.565217 6.452174 2.560870 6.960870 2.504348 6.700000 
2.416667 8.583333 2.416667 7.583333 2.416667 8.166667 2.416667 7.083333 2.416667 7.333333 
3.333333 7.666667 3.333333 7.666667 3.333333 12.000000 3.333333 8.000000 3.333333 11.666667 

Cluster 0 is class 7
Cluster 1 is class 0
Cluster 2 is class 0
Cluster 3 is class 0
Cluster 4 is class 7
Cluster 5 is class 7
Cluster 6 is class 8
Cluster 7 is class 7
Cluster 8 is class 7
Cluster 9 is class 4
Cluster 10 is class 9
Cluster 11 is class 0
Cluster 12 is class 8
Cluster 13 is class 0
Cluster 14 is class 8
Cluster 15 is class 0
Cluster 16 is class 0
Cluster 17 is class 0
Cluster 18 is class 8
Cluster 19 is class 7
Cluster 20 is class 5
Cluster 21 is class 0
Cluster 22 is class 0
Cluster 23 is class 8
Cluster 24 is class 8
Cluster 25 is class 0
Cluster 26 is class 0
Cluster 27 is class 7
Cluster 28 is class 0
Cluster 29 is class 9
Cluster 30 is class 9
Cluster 31 is class 8
Cluster 32 is class 0
Cluster 33 is class 0
Cluster 34 is class 0
Cluster 35 is class 8
Cluster 36 is class 0
Cluster 37 is class 0
Cluster 38 is class 0
Cluster 39 is class 9

Overall Accuracy is 0.242542

