----------------------------For Number of clusters 18----------------------------
Avg Clusters:
2.508073 3.855989 2.494598 4.543194 2.489177 4.558693 2.495610 4.621218 2.494689 4.100019 
2.498913 4.341960 2.498595 4.421471 2.502943 3.957149 2.492615 10.267395 2.498051 9.932860 
2.496545 9.714078 2.515633 9.559321 2.492759 10.319246 2.506722 4.035382 2.494688 9.694789 
2.498962 4.349069 2.493413 10.434500 2.501490 4.805965 2.507138 10.352585 2.509030 4.004561 
2.502960 4.078929 2.504985 10.052578 2.501871 10.359965 2.510537 4.027992 2.507715 4.146293 
2.492710 9.938106 2.494795 3.666651 2.501500 4.432437 2.496319 4.368955 2.504852 10.316348 
2.497942 10.230477 2.494079 9.197479 2.494349 10.050594 2.508830 9.942873 2.497846 3.798706 
2.491824 3.931473 2.493694 3.860963 2.494221 10.135488 2.499401 4.338369 2.501063 10.214853 
2.502146 3.513002 2.507689 10.245769 2.510592 3.987579 2.513283 4.469668 2.498557 10.179827 
2.507108 10.306454 2.480629 10.166554 2.500977 3.973250 2.492079 10.335332 2.495445 9.538732 
2.506874 3.991187 2.505887 3.789963 2.514431 10.327189 2.482213 10.401299 2.509980 4.289101 
2.498011 10.782452 2.516918 4.766012 2.496425 3.796400 2.489804 4.514829 2.480992 3.318756 
2.488425 10.188430 2.504006 3.668024 2.496791 4.305329 2.516488 10.985880 2.502855 4.262305 
2.508692 4.061691 2.533024 10.005538 2.490748 10.341997 2.498092 10.192395 2.503257 10.320548 
2.492868 9.995538 2.492975 3.639997 2.518008 10.831700 2.498616 4.058088 2.492246 4.131856 
2.514171 10.216100 2.491533 3.863268 2.506248 10.193462 2.496989 10.331168 2.497532 10.196745 
2.490384 9.734273 2.487435 11.108319 2.511054 4.435689 2.511273 3.995198 2.491213 3.464913 
2.523219 10.375661 2.482866 10.507646 2.503603 3.400440 2.478903 3.271057 2.502482 10.314051 

Avg Classes:
2.501062 6.987991 2.500831 7.004122 2.500320 6.993248 2.501601 6.996249 2.500578 6.990609 
2.499498 7.005723 2.498374 7.006795 2.501292 7.002107 2.499690 7.004367 2.498954 6.983451 
2.499895 6.977804 2.500798 6.985700 2.497879 6.992608 2.496556 7.012830 2.497165 6.990719 
2.505279 7.053359 2.508546 7.025330 2.503622 7.027224 2.496757 7.017660 2.492969 7.021495 
2.515058 7.299356 2.473616 7.259717 2.514286 7.283912 2.472844 7.284170 2.470785 7.327413 
2.523547 7.069138 2.523547 7.098196 2.523547 7.013026 2.523547 6.972445 2.523547 6.891283 
2.484551 7.143258 2.502809 7.093399 2.549157 7.078652 2.497893 7.214185 2.465590 7.115169 
2.417391 6.704348 2.482609 6.821739 2.565217 6.452174 2.560870 6.960870 2.504348 6.700000 
2.416667 8.583333 2.416667 7.583333 2.416667 8.166667 2.416667 7.083333 2.416667 7.333333 
3.333333 7.666667 3.333333 7.666667 3.333333 12.000000 3.333333 8.000000 3.333333 11.666667 

Cluster 0 is class 0
Cluster 1 is class 0
Cluster 2 is class 8
Cluster 3 is class 0
Cluster 4 is class 0
Cluster 5 is class 0
Cluster 6 is class 8
Cluster 7 is class 0
Cluster 8 is class 0
Cluster 9 is class 0
Cluster 10 is class 0
Cluster 11 is class 5
Cluster 12 is class 7
Cluster 13 is class 9
Cluster 14 is class 8
Cluster 15 is class 9
Cluster 16 is class 0
Cluster 17 is class 0

Overall Accuracy is 0.330914

