----------------------------For Number of clusters 68----------------------------
Avg Clusters:
2.509611 4.419271 2.507027 10.080746 2.494849 2.836844 2.524727 3.909908 2.471309 3.597154 
2.483231 11.210467 2.496736 9.095286 2.507113 3.888083 2.499313 4.804790 2.479933 3.280049 
2.483109 10.431261 2.478315 3.574676 2.505842 10.238729 2.509049 4.307785 2.506509 3.270003 
2.510239 9.586746 2.533869 3.166772 2.481516 4.000210 2.477053 3.432262 2.477631 3.031243 
2.506852 10.959837 2.507371 10.520946 2.520081 10.550560 2.519779 7.034629 2.505771 3.532619 
2.512795 3.789503 2.502059 10.282974 2.490056 10.074730 2.498117 2.841318 2.477806 9.841987 
2.490703 2.492786 2.491282 3.556053 2.502276 4.491050 2.492979 9.449618 2.507908 4.014737 
2.503376 7.062941 2.532408 3.691148 2.519805 3.447637 2.478732 4.456752 2.479257 10.543698 
2.518406 9.812102 2.503029 3.865711 2.510584 10.122095 2.490912 10.542795 2.509011 11.104533 
2.514465 10.668428 2.471488 11.277886 2.504775 3.380019 2.503477 10.226101 2.494344 9.430134 
2.500387 2.905521 2.498506 7.508906 2.515488 2.939540 2.506914 3.859830 2.509127 10.664565 
2.507101 3.447012 2.542563 5.720448 2.492407 10.967903 2.499343 7.868371 2.527992 3.556148 
2.478824 3.845482 2.515355 2.976630 2.475449 10.870244 2.509829 5.694550 2.495318 9.948621 
2.517016 3.849439 2.457972 3.132228 2.494052 3.740127 2.494978 10.396490 2.493954 11.126621 
2.495225 11.329713 2.495564 2.880739 2.463082 3.674019 2.496291 9.472391 2.514132 9.190672 
2.513207 10.512004 2.540975 10.143702 2.489600 10.344995 2.484537 2.433111 2.528094 5.598065 
2.504079 10.255888 2.489929 10.079458 2.487625 3.518874 2.473844 11.045767 2.497258 3.044983 
2.532064 3.553393 2.468844 3.364832 2.485486 9.867869 2.492946 2.748410 2.486969 3.876763 
2.471281 10.551312 2.485640 10.492533 2.506749 7.259860 2.514168 3.914944 2.485832 10.920065 
2.446854 10.132646 2.510537 3.535661 2.486694 10.686817 2.498231 2.805517 2.498693 9.473004 
2.488624 10.374066 2.530205 4.055776 2.495637 10.297458 2.506158 11.118232 2.498059 3.449672 
2.498072 4.326069 2.478793 4.102096 2.508801 9.538223 2.501090 1.999916 2.530176 11.153982 
2.498576 5.060048 2.517700 11.030809 2.536825 11.012905 2.492240 8.059873 2.521479 6.818985 
2.561850 11.206015 2.488918 3.252184 2.520464 7.832429 2.495263 4.263957 2.503357 11.611791 
2.545488 10.204387 2.485334 10.679468 2.496396 2.818543 2.486142 3.273366 2.505717 7.826808 
2.508051 9.961128 2.511073 10.821166 2.490230 10.489552 2.525142 10.812204 2.490282 10.396592 
2.493567 10.915516 2.493686 3.279421 2.528369 3.379854 2.527183 10.390704 2.506433 3.129721 
2.512433 3.493272 2.508774 11.848949 2.523160 3.651764 2.544367 4.630495 2.510572 9.900539 
2.494584 5.766333 2.508107 8.042522 2.458050 3.419027 2.443585 9.946915 2.513019 7.525870 
2.509208 3.145182 2.511122 10.853354 2.475080 10.389762 2.519232 3.150476 2.493946 3.199640 
2.497215 3.242562 2.531721 3.491645 2.494974 3.225105 2.496060 3.171852 2.476769 4.124032 
2.457046 7.005671 2.510443 7.135526 2.549286 10.375862 2.500236 3.183726 2.465740 2.935734 
2.507149 6.060599 2.506484 10.045470 2.522028 4.949709 2.508063 10.793932 2.463757 11.676725 
2.499180 9.363291 2.461590 10.581966 2.505072 10.609263 2.492989 11.733144 2.497837 3.480087 
2.528171 3.831238 2.482405 2.548460 2.523781 10.564491 2.484534 11.168829 2.486397 3.878467 
2.501996 3.690670 2.490611 7.005545 2.472202 10.337794 2.486471 11.533713 2.487801 7.970353 
2.504111 2.611335 2.538219 11.555886 2.474462 7.942715 2.489592 11.095942 2.511894 6.512157 
2.490624 7.879840 2.512455 3.298815 2.557888 7.281276 2.505178 7.189477 2.454800 6.063719 
2.497840 11.249362 2.472119 7.247889 2.463479 11.237286 2.511486 7.048694 2.547320 9.235323 
2.521096 3.177167 2.460290 10.546964 2.509737 10.911989 2.471840 10.916285 2.494368 2.344979 
2.458190 11.531466 2.498534 4.785172 2.481638 3.012845 2.526897 2.907328 2.519310 10.621552 
2.505267 3.227191 2.493938 10.639104 2.479361 2.767376 2.486186 10.865103 2.524217 3.416749 
2.523048 6.687507 2.488996 4.578890 2.447279 2.748166 2.461294 7.571335 2.520530 2.617103 
2.473012 6.472648 2.526137 11.197544 2.477024 8.051909 2.469244 7.115487 2.571967 2.481036 
2.511546 5.792312 2.431287 9.242044 2.599690 6.559420 2.539144 11.660800 2.564207 2.921431 
2.487197 8.131835 2.454769 11.329755 2.534496 6.416527 2.523091 2.394275 2.511014 3.161355 
2.476214 6.913120 2.527917 4.307336 2.445418 5.950801 2.566099 11.599399 2.408863 2.747121 
2.473942 8.481697 2.497434 10.704185 2.476109 2.758923 2.517277 3.178812 2.485574 11.910138 
2.489914 11.008693 2.472083 3.245291 2.504179 3.025632 2.465953 3.168394 2.507188 6.538059 
2.494001 6.070659 2.477489 7.981233 2.524562 10.473695 2.502820 6.562814 2.484668 11.643011 
2.462171 2.037218 2.527608 7.286413 2.498056 3.360738 2.529163 11.159205 2.502500 9.808021 
2.517568 6.147616 2.544946 2.499201 2.505590 7.206822 2.543806 11.536961 2.515514 8.975245 
2.503443 2.846027 2.524206 8.458423 2.489156 10.253880 2.485867 11.006373 2.534073 11.926714 
2.461398 11.460323 2.527849 7.085914 2.510323 6.520000 2.476129 11.028710 2.474624 7.336774 
2.536109 10.160433 2.517408 10.054458 2.456951 11.856857 2.492237 2.788520 2.472359 11.083863 
2.522504 2.475738 2.495195 6.440811 2.509962 7.084388 2.488162 5.934482 2.514065 10.302625 
2.533569 10.938599 2.415894 2.372070 2.549683 11.375000 2.481079 8.290283 2.509766 6.994019 
2.533772 10.898292 2.451044 7.812995 2.515351 3.511667 2.465223 7.559004 2.549403 11.469242 
2.518295 2.567298 2.485462 11.870957 2.496570 6.148971 2.516661 9.811663 2.542960 11.030056 
2.499787 2.547417 2.479906 2.137997 2.497129 4.643738 2.513077 3.624282 2.540081 10.202849 
2.532449 8.264110 2.494385 11.700452 2.482281 5.543532 2.544699 8.347382 2.455884 6.548345 
2.430561 2.207402 2.475999 9.528277 2.558813 5.855625 2.538292 7.344204 2.477953 3.178820 
2.503022 2.893027 2.478303 2.652094 2.554728 11.042638 2.493847 11.063256 2.451965 10.425950 
2.504703 2.693269 2.592740 11.463257 2.494709 11.363757 2.507202 7.289389 2.449882 11.112434 
2.496971 3.243327 2.481906 11.519568 2.532340 1.852464 2.509579 10.301621 2.497789 10.295726 
2.498170 10.003155 2.532240 5.857035 2.528580 2.851230 2.496530 11.840757 2.498675 11.311798 
2.467415 6.191184 2.505138 3.049486 2.518118 2.136019 2.480530 11.462142 2.535425 5.992158 
2.486124 3.581491 2.448260 8.244356 2.476599 6.363594 2.501176 2.522578 2.524459 6.460019 

Avg Classes:
2.501062 6.987991 2.500831 7.004122 2.500320 6.993248 2.501601 6.996249 2.500578 6.990609 
2.499498 7.005723 2.498374 7.006795 2.501292 7.002107 2.499690 7.004367 2.498954 6.983451 
2.499895 6.977804 2.500798 6.985700 2.497879 6.992608 2.496556 7.012830 2.497165 6.990719 
2.505279 7.053359 2.508546 7.025330 2.503622 7.027224 2.496757 7.017660 2.492969 7.021495 
2.515058 7.299356 2.473616 7.259717 2.514286 7.283912 2.472844 7.284170 2.470785 7.327413 
2.523547 7.069138 2.523547 7.098196 2.523547 7.013026 2.523547 6.972445 2.523547 6.891283 
2.484551 7.143258 2.502809 7.093399 2.549157 7.078652 2.497893 7.214185 2.465590 7.115169 
2.417391 6.704348 2.482609 6.821739 2.565217 6.452174 2.560870 6.960870 2.504348 6.700000 
2.416667 8.583333 2.416667 7.583333 2.416667 8.166667 2.416667 7.083333 2.416667 7.333333 
3.333333 7.666667 3.333333 7.666667 3.333333 12.000000 3.333333 8.000000 3.333333 11.666667 

Cluster 0 is class 7
Cluster 1 is class 5
Cluster 2 is class 8
Cluster 3 is class 0
Cluster 4 is class 8
Cluster 5 is class 0
Cluster 6 is class 7
Cluster 7 is class 0
Cluster 8 is class 9
Cluster 9 is class 0
Cluster 10 is class 0
Cluster 11 is class 0
Cluster 12 is class 0
Cluster 13 is class 2
Cluster 14 is class 0
Cluster 15 is class 8
Cluster 16 is class 1
Cluster 17 is class 0
Cluster 18 is class 4
Cluster 19 is class 8
Cluster 20 is class 0
Cluster 21 is class 0
Cluster 22 is class 4
Cluster 23 is class 0
Cluster 24 is class 0
Cluster 25 is class 9
Cluster 26 is class 0
Cluster 27 is class 0
Cluster 28 is class 0
Cluster 29 is class 0
Cluster 30 is class 0
Cluster 31 is class 0
Cluster 32 is class 4
Cluster 33 is class 4
Cluster 34 is class 0
Cluster 35 is class 0
Cluster 36 is class 0
Cluster 37 is class 0
Cluster 38 is class 8
Cluster 39 is class 0
Cluster 40 is class 0
Cluster 41 is class 0
Cluster 42 is class 7
Cluster 43 is class 0
Cluster 44 is class 0
Cluster 45 is class 0
Cluster 46 is class 0
Cluster 47 is class 0
Cluster 48 is class 0
Cluster 49 is class 9
Cluster 50 is class 0
Cluster 51 is class 0
Cluster 52 is class 9
Cluster 53 is class 3
Cluster 54 is class 9
Cluster 55 is class 0
Cluster 56 is class 8
Cluster 57 is class 0
Cluster 58 is class 0
Cluster 59 is class 0
Cluster 60 is class 0
Cluster 61 is class 0
Cluster 62 is class 9
Cluster 63 is class 9
Cluster 64 is class 7
Cluster 65 is class 0
Cluster 66 is class 0
Cluster 67 is class 0

Overall Accuracy is 0.314797

