----------------------------For Number of clusters 78----------------------------
Avg Clusters:
2.511908 3.679921 2.452210 3.955686 2.491091 10.292700 2.492432 3.937127 2.486787 3.516177 
2.496962 3.701886 2.507394 4.869402 2.514735 3.085005 2.512031 4.035793 2.527486 10.597492 
2.499330 10.512518 2.478312 10.825360 2.510124 3.756218 2.493447 4.061635 2.501562 3.036478 
2.494212 3.569667 2.504657 11.119725 2.510653 3.384102 2.538595 3.940948 2.482786 9.696746 
2.520335 9.272329 2.509197 3.729935 2.503629 10.224366 2.509736 10.545125 2.498850 10.999281 
2.493526 10.749717 2.499680 3.519667 2.498006 2.721361 2.495299 3.617142 2.506129 9.837001 
2.502323 10.881401 2.489020 5.158556 2.509561 2.887759 2.503252 10.515919 2.507898 3.479484 
2.515887 3.035443 2.483336 10.436151 2.476343 2.911760 2.514419 9.252245 2.521110 3.808107 
2.470331 10.435319 2.452256 3.110890 2.499034 4.226952 2.496192 8.421053 2.507559 11.182278 
2.517559 2.760953 2.502766 4.237240 2.479675 9.181798 2.489950 2.800982 2.492265 9.831244 
2.497960 4.028602 2.520659 10.353999 2.505685 3.851999 2.482867 11.003447 2.500297 10.791586 
2.520083 3.380731 2.503595 2.937535 2.514572 10.034913 2.484136 10.908864 2.501528 4.529381 
2.507127 3.097304 2.496315 5.724086 2.483467 10.093038 2.495927 11.209638 2.479201 10.396054 
2.505303 11.124800 2.476536 3.886580 2.486125 9.754032 2.492905 5.905807 2.498475 2.898300 
2.518366 10.652088 2.444365 10.982757 2.511810 3.925550 2.485541 10.204805 2.507454 10.492456 
2.445171 7.577919 2.483585 10.631249 2.507560 3.557349 2.451778 11.274826 2.511102 3.653453 
2.496416 3.675815 2.498528 9.128174 2.493694 3.146397 2.515473 2.842380 2.458137 3.419523 
2.483120 10.871018 2.481417 11.286716 2.501403 9.125826 2.491334 3.978662 2.491184 8.675416 
2.487927 5.042436 2.550284 10.794157 2.513159 11.157129 2.481347 10.056381 2.531571 10.857177 
2.443808 9.628285 2.523716 11.129969 2.519068 10.500741 2.516507 10.688654 2.475677 7.336680 
2.529835 10.774627 2.511960 10.451453 2.491062 10.455440 2.508488 6.937950 2.514339 2.905028 
2.529146 3.455742 2.460882 10.498664 2.484887 10.850879 2.487920 3.497738 2.493420 7.366917 
2.456281 11.126032 2.481370 6.475952 2.464199 10.527382 2.502376 11.144953 2.463699 5.590814 
2.552620 6.612236 2.446772 10.623186 2.552707 8.782046 2.493526 10.979230 2.526897 3.130355 
2.477283 2.963447 2.506191 3.860142 2.477713 3.342323 2.526324 9.196867 2.511628 3.256621 
2.490480 3.617082 2.524021 10.555427 2.504448 8.801868 2.467883 2.751068 2.501512 11.744662 
2.515239 3.716858 2.494885 3.288896 2.516038 3.496377 2.505754 10.734601 2.493713 10.871963 
2.494110 2.669083 2.465195 9.209408 2.505396 7.323008 2.484719 10.471456 2.469890 6.309004 
2.513342 10.085443 2.551232 4.497263 2.480243 2.734861 2.503592 11.868115 2.500428 9.993072 
2.503841 10.353060 2.521094 2.795443 2.482943 3.047331 2.516276 5.317513 2.517187 3.329167 
2.521504 10.205769 2.524576 4.618500 2.528502 11.171009 2.460405 4.999317 2.498578 9.378484 
2.478622 3.767058 2.482769 2.774267 2.491557 4.003160 2.469438 10.852869 2.508245 6.815839 
2.484885 10.211982 2.488836 2.082330 2.526785 11.233116 2.484425 10.530920 2.517412 5.196361 
2.513439 3.984934 2.475004 2.594419 2.481424 8.706557 2.514724 7.566855 2.491269 11.383154 
2.482675 6.398029 2.524845 3.060969 2.419673 11.407377 2.532974 2.670562 2.498730 9.986383 
2.483670 9.161070 2.489049 4.317452 2.505802 4.781603 2.472681 2.000615 2.447476 3.288173 
2.510427 10.253158 2.479326 10.912595 2.499404 3.059283 2.470448 3.192207 2.504528 10.755541 
2.490370 10.400297 2.525138 7.677100 2.533494 10.434074 2.517561 2.305268 2.533919 4.176179 
2.525513 11.738208 2.503945 11.084429 2.485271 4.028143 2.528932 10.416272 2.466421 3.411976 
2.514429 2.960672 2.513461 7.278374 2.490938 11.302041 2.456889 9.953370 2.508534 2.862749 
2.501346 6.674296 2.493476 5.441798 2.525166 6.983223 2.519470 10.028583 2.506732 2.563587 
2.458432 8.573074 2.570160 4.823040 2.558223 11.567384 2.521582 10.619709 2.491187 1.914504 
2.462906 10.837988 2.536985 8.819441 2.479926 2.532839 2.545276 7.124264 2.537421 7.066005 
2.486526 11.087969 2.450337 2.864100 2.467757 7.245813 2.482868 3.063234 2.497690 7.508085 
2.523506 11.322070 2.423115 10.795299 2.527751 10.425073 2.525628 11.660464 2.547339 2.621123 
2.527253 6.865642 2.520679 10.959809 2.508165 4.861718 2.538282 6.094486 2.493425 6.825557 
2.412407 11.386244 2.465138 2.727849 2.527579 10.256237 2.513958 2.783412 2.489144 11.569791 
2.472021 7.029005 2.516487 6.778629 2.513613 2.876727 2.487618 6.080859 2.500205 3.277603 
2.527401 2.743494 2.566495 11.569613 2.514690 11.269337 2.537834 9.603070 2.476076 6.195707 
2.490972 2.509117 2.547104 10.814802 2.519128 7.666696 2.523865 3.950751 2.506614 3.464962 
2.500907 2.457694 2.532740 11.237671 2.478311 7.272802 2.519875 10.761669 2.542636 2.297707 
2.465046 3.752661 2.483914 7.256531 2.594098 11.287494 2.594823 4.491292 2.456701 11.557571 
2.525347 10.220145 2.484848 7.295950 2.483055 6.739356 2.539790 3.299726 2.499481 11.499198 
2.478267 6.713407 2.502226 2.496989 2.539146 6.147814 2.445143 3.015056 2.517020 11.107620 
2.534895 11.300295 2.497953 9.914786 2.500428 10.305817 2.512806 9.803485 2.527849 11.678949 
2.520604 10.410499 2.514436 6.904856 2.477953 5.996457 2.472572 10.892651 2.425459 7.974278 
2.522055 7.583631 2.571902 7.427333 2.465961 2.668536 2.480367 7.246940 2.482024 11.348802 
2.535638 11.204869 2.507380 2.780623 2.523653 6.964804 2.511543 10.938186 2.496026 2.919768 
2.490144 8.882503 2.504540 11.655482 2.500997 10.915615 2.504983 2.549945 2.504430 3.018605 
2.529474 4.206910 2.410392 8.172227 2.470394 6.505341 2.481076 7.282606 2.500066 11.006989 
2.465642 2.899570 2.501905 2.917640 2.526982 11.972956 2.513952 7.279164 2.527105 8.810695 
2.530413 6.416533 2.540901 2.643924 2.520543 7.100555 2.542505 6.438248 2.477730 6.133374 
2.446537 9.245461 2.528469 2.520847 2.514907 11.404618 2.499664 2.601210 2.518157 3.881641 
2.503392 5.191618 2.518167 7.189356 2.504447 2.224634 2.467963 11.249661 2.461028 7.153777 
2.452672 5.582443 2.577481 10.308524 2.501527 11.003435 2.534351 6.224936 2.593257 2.675191 
2.513782 3.029860 2.488148 3.147924 2.518008 3.030963 2.461779 3.163635 2.496968 5.873392 
2.523909 2.638479 2.506258 11.843068 2.468870 8.528562 2.530809 7.813864 2.498395 11.134628 
2.509721 6.852884 2.562865 6.661212 2.536779 11.273331 2.486066 7.844297 2.508425 6.313837 
2.490620 6.623810 2.508369 10.368254 2.448629 6.828283 2.520635 2.528427 2.476190 3.114574 
2.519200 10.924788 2.555879 7.786017 2.523570 3.193194 2.471398 2.300053 2.461600 6.492982 
2.479341 10.962037 2.488794 2.176094 2.493520 5.870560 2.511663 11.021192 2.518829 7.571886 
2.540149 11.597682 2.572848 8.688535 2.535389 7.036424 2.475993 6.480132 2.471440 7.022144 
2.451336 6.875176 2.509139 2.182471 2.452273 4.011873 2.523512 11.284799 2.475082 2.732229 
2.523354 10.580832 2.514201 9.096648 2.432225 11.930273 2.497644 2.932562 2.520662 11.015749 
2.535145 3.255444 2.520094 2.913488 2.514394 5.240392 2.464124 3.603536 2.514687 2.134298 
2.532520 7.451510 2.559233 11.751016 2.479530 10.649390 2.516260 3.629501 2.475900 10.971254 
2.493088 2.810106 2.491657 9.713809 2.469728 11.774511 2.492929 2.690450 2.512474 2.519148 
2.472396 3.608854 2.434115 11.550260 2.484375 11.975000 2.481771 10.556510 2.418490 2.182552 

Avg Classes:
2.501062 6.987991 2.500831 7.004122 2.500320 6.993248 2.501601 6.996249 2.500578 6.990609 
2.499498 7.005723 2.498374 7.006795 2.501292 7.002107 2.499690 7.004367 2.498954 6.983451 
2.499895 6.977804 2.500798 6.985700 2.497879 6.992608 2.496556 7.012830 2.497165 6.990719 
2.505279 7.053359 2.508546 7.025330 2.503622 7.027224 2.496757 7.017660 2.492969 7.021495 
2.515058 7.299356 2.473616 7.259717 2.514286 7.283912 2.472844 7.284170 2.470785 7.327413 
2.523547 7.069138 2.523547 7.098196 2.523547 7.013026 2.523547 6.972445 2.523547 6.891283 
2.484551 7.143258 2.502809 7.093399 2.549157 7.078652 2.497893 7.214185 2.465590 7.115169 
2.417391 6.704348 2.482609 6.821739 2.565217 6.452174 2.560870 6.960870 2.504348 6.700000 
2.416667 8.583333 2.416667 7.583333 2.416667 8.166667 2.416667 7.083333 2.416667 7.333333 
3.333333 7.666667 3.333333 7.666667 3.333333 12.000000 3.333333 8.000000 3.333333 11.666667 

Cluster 0 is class 0
Cluster 1 is class 7
Cluster 2 is class 0
Cluster 3 is class 0
Cluster 4 is class 9
Cluster 5 is class 3
Cluster 6 is class 0
Cluster 7 is class 0
Cluster 8 is class 0
Cluster 9 is class 0
Cluster 10 is class 0
Cluster 11 is class 0
Cluster 12 is class 9
Cluster 13 is class 8
Cluster 14 is class 0
Cluster 15 is class 0
Cluster 16 is class 0
Cluster 17 is class 8
Cluster 18 is class 9
Cluster 19 is class 8
Cluster 20 is class 8
Cluster 21 is class 0
Cluster 22 is class 8
Cluster 23 is class 0
Cluster 24 is class 0
Cluster 25 is class 0
Cluster 26 is class 7
Cluster 27 is class 6
Cluster 28 is class 0
Cluster 29 is class 0
Cluster 30 is class 8
Cluster 31 is class 7
Cluster 32 is class 8
Cluster 33 is class 0
Cluster 34 is class 0
Cluster 35 is class 0
Cluster 36 is class 0
Cluster 37 is class 8
Cluster 38 is class 0
Cluster 39 is class 0
Cluster 40 is class 0
Cluster 41 is class 8
Cluster 42 is class 0
Cluster 43 is class 8
Cluster 44 is class 4
Cluster 45 is class 0
Cluster 46 is class 8
Cluster 47 is class 0
Cluster 48 is class 4
Cluster 49 is class 0
Cluster 50 is class 0
Cluster 51 is class 9
Cluster 52 is class 0
Cluster 53 is class 0
Cluster 54 is class 9
Cluster 55 is class 4
Cluster 56 is class 0
Cluster 57 is class 0
Cluster 58 is class 8
Cluster 59 is class 4
Cluster 60 is class 0
Cluster 61 is class 0
Cluster 62 is class 0
Cluster 63 is class 0
Cluster 64 is class 0
Cluster 65 is class 0
Cluster 66 is class 0
Cluster 67 is class 8
Cluster 68 is class 0
Cluster 69 is class 0
Cluster 70 is class 0
Cluster 71 is class 8
Cluster 72 is class 7
Cluster 73 is class 9
Cluster 74 is class 7
Cluster 75 is class 9
Cluster 76 is class 0
Cluster 77 is class 0

Overall Accuracy is 0.311806

