----------------------------For Number of clusters 22----------------------------
Avg Clusters:
2.498123 5.124337 2.498974 10.227627 2.514870 10.152162 2.507271 10.276514 2.504050 4.681149 
2.504203 10.151790 2.487421 4.327489 2.498457 4.381099 2.500382 9.453254 2.507010 10.404964 
2.493820 9.881912 2.501521 4.396385 2.493180 10.304329 2.502994 3.770132 2.498015 9.931398 
2.495329 10.497298 2.481676 10.317007 2.492896 4.328335 2.495723 9.880445 2.491196 4.398805 
2.504088 3.960745 2.520043 4.337173 2.506259 4.068617 2.485735 4.983743 2.492646 3.729140 
2.515191 3.737480 2.505601 3.520051 2.503279 9.747221 2.489776 10.379534 2.506633 4.215903 
2.509071 4.389509 2.508795 10.197763 2.499345 4.732157 2.489138 10.171868 2.509127 10.696610 
2.497380 4.389422 2.508829 4.087680 2.508949 10.410123 2.495223 9.468556 2.485810 10.925945 
2.505415 10.504962 2.513038 9.648347 2.513219 10.138405 2.508511 3.923328 2.502861 4.088841 
2.500682 10.259864 2.490688 10.023966 2.500048 4.116411 2.495762 3.916992 2.501566 10.316350 
2.504346 4.077948 2.477829 3.761656 2.511832 5.089253 2.498749 3.423698 2.518856 10.594784 
2.512479 4.099745 2.515392 10.187343 2.484008 10.478716 2.501382 3.874890 2.494248 10.198847 
2.487022 3.496360 2.493657 3.618092 2.501213 3.044939 2.488650 10.781201 2.499739 8.254984 
2.483567 7.847803 2.493572 10.280001 2.496208 3.407455 2.516567 3.257167 2.485880 3.420661 
2.490404 10.779184 2.506754 3.879721 2.505121 10.332103 2.489874 9.655724 2.504443 4.230740 
2.502547 10.958716 2.496418 3.348527 2.491589 4.197851 2.494402 3.538604 2.475113 4.954895 
2.502764 3.251075 2.480776 10.080948 2.496530 3.426760 2.505036 9.920679 2.512683 3.502794 
2.492881 9.761534 2.514832 3.597334 2.500942 3.410205 2.509772 10.543240 2.509737 3.204788 
2.497163 3.145618 2.517622 10.442802 2.501530 3.284874 2.524774 3.636798 2.483238 9.521954 
2.510338 10.474970 2.503389 10.113141 2.502056 10.333920 2.511728 10.032476 2.497547 10.294807 
2.496455 4.755829 2.477070 3.693714 2.493132 10.765550 2.509914 3.287233 2.491443 4.009083 
2.497500 3.149677 2.507812 10.529755 2.492952 9.766822 2.508541 3.685786 2.508229 3.403930 

Avg Classes:
2.501062 6.987991 2.500831 7.004122 2.500320 6.993248 2.501601 6.996249 2.500578 6.990609 
2.499498 7.005723 2.498374 7.006795 2.501292 7.002107 2.499690 7.004367 2.498954 6.983451 
2.499895 6.977804 2.500798 6.985700 2.497879 6.992608 2.496556 7.012830 2.497165 6.990719 
2.505279 7.053359 2.508546 7.025330 2.503622 7.027224 2.496757 7.017660 2.492969 7.021495 
2.515058 7.299356 2.473616 7.259717 2.514286 7.283912 2.472844 7.284170 2.470785 7.327413 
2.523547 7.069138 2.523547 7.098196 2.523547 7.013026 2.523547 6.972445 2.523547 6.891283 
2.484551 7.143258 2.502809 7.093399 2.549157 7.078652 2.497893 7.214185 2.465590 7.115169 
2.417391 6.704348 2.482609 6.821739 2.565217 6.452174 2.560870 6.960870 2.504348 6.700000 
2.416667 8.583333 2.416667 7.583333 2.416667 8.166667 2.416667 7.083333 2.416667 7.333333 
3.333333 7.666667 3.333333 7.666667 3.333333 12.000000 3.333333 8.000000 3.333333 11.666667 

Cluster 0 is class 0
Cluster 1 is class 0
Cluster 2 is class 8
Cluster 3 is class 0
Cluster 4 is class 7
Cluster 5 is class 7
Cluster 6 is class 0
Cluster 7 is class 9
Cluster 8 is class 8
Cluster 9 is class 0
Cluster 10 is class 0
Cluster 11 is class 4
Cluster 12 is class 0
Cluster 13 is class 7
Cluster 14 is class 4
Cluster 15 is class 0
Cluster 16 is class 0
Cluster 17 is class 0
Cluster 18 is class 0
Cluster 19 is class 8
Cluster 20 is class 0
Cluster 21 is class 0

Overall Accuracy is 0.293049

