----------------------------For Number of clusters 13----------------------------
Avg Clusters:
2.495516 3.534195 2.508548 10.502648 2.505292 4.006988 2.508820 6.778127 2.492379 7.625996 
2.508995 6.273852 2.519627 8.528636 2.499082 10.474056 2.502444 9.501667 2.501715 10.681131 
2.510784 9.641410 2.503809 4.697105 2.490218 3.919383 2.498481 4.651320 2.495383 3.911897 
2.494344 10.155203 2.468744 10.042270 2.493074 4.721135 2.498644 10.356513 2.496646 4.349884 
2.500428 3.507282 2.507722 3.542386 2.496000 6.127962 2.495787 10.514980 2.485976 5.085891 
2.491741 8.723299 2.514010 10.327855 2.507109 10.120949 2.512338 3.531915 2.510500 4.696750 
2.493972 8.449878 2.490726 3.950482 2.494895 9.953680 2.497773 3.767961 2.492408 10.226011 
2.509084 3.431293 2.493660 4.973429 2.495241 9.839767 2.487381 3.815955 2.492822 4.065095 
2.488950 10.273088 2.510209 3.951139 2.514383 10.453129 2.496214 9.891665 2.499143 4.350521 
2.502312 3.978543 2.495376 10.350917 2.509268 10.064635 2.505232 10.210331 2.514075 3.599335 
2.501303 10.124431 2.490910 10.012905 2.494600 4.150868 2.500330 4.150256 2.497614 10.471475 
2.514104 3.644716 2.487948 3.932364 2.525778 4.049722 2.494878 5.010160 2.517788 10.569561 
2.494937 9.893169 2.485573 4.090084 2.495682 4.170042 2.498493 10.404142 2.511227 10.400247 

Avg Classes:
2.501062 6.987991 2.500831 7.004122 2.500320 6.993248 2.501601 6.996249 2.500578 6.990609 
2.499498 7.005723 2.498374 7.006795 2.501292 7.002107 2.499690 7.004367 2.498954 6.983451 
2.499895 6.977804 2.500798 6.985700 2.497879 6.992608 2.496556 7.012830 2.497165 6.990719 
2.505279 7.053359 2.508546 7.025330 2.503622 7.027224 2.496757 7.017660 2.492969 7.021495 
2.515058 7.299356 2.473616 7.259717 2.514286 7.283912 2.472844 7.284170 2.470785 7.327413 
2.523547 7.069138 2.523547 7.098196 2.523547 7.013026 2.523547 6.972445 2.523547 6.891283 
2.484551 7.143258 2.502809 7.093399 2.549157 7.078652 2.497893 7.214185 2.465590 7.115169 
2.417391 6.704348 2.482609 6.821739 2.565217 6.452174 2.560870 6.960870 2.504348 6.700000 
2.416667 8.583333 2.416667 7.583333 2.416667 8.166667 2.416667 7.083333 2.416667 7.333333 
3.333333 7.666667 3.333333 7.666667 3.333333 12.000000 3.333333 8.000000 3.333333 11.666667 

Cluster 0 is class 0
Cluster 1 is class 9
Cluster 2 is class 7
Cluster 3 is class 0
Cluster 4 is class 0
Cluster 5 is class 8
Cluster 6 is class 8
Cluster 7 is class 0
Cluster 8 is class 0
Cluster 9 is class 0
Cluster 10 is class 0
Cluster 11 is class 0
Cluster 12 is class 0

Overall Accuracy is 0.326572

