----------------------------For Number of clusters 57----------------------------
Avg Clusters:
2.483928 10.222589 2.520669 3.946268 2.500170 10.092516 2.501907 11.072119 2.500545 3.452533 
2.507603 7.359818 2.482124 4.379736 2.491517 4.159095 2.483129 4.162488 2.499811 4.060603 
2.497762 9.433561 2.494457 3.936676 2.494106 3.863289 2.499108 9.831466 2.499049 11.191377 
2.487306 10.066625 2.494284 3.923767 2.492426 6.768076 2.515078 3.180483 2.507609 10.632828 
2.524028 4.403391 2.522607 10.924577 2.489721 10.334909 2.502776 4.218370 2.499934 10.790521 
2.501535 3.958626 2.468825 3.997872 2.503450 10.549536 2.491138 3.836753 2.496124 3.459036 
2.493042 9.928229 2.513679 10.472035 2.509356 9.650534 2.518677 10.331566 2.484396 10.321467 
2.493190 5.889444 2.545111 3.538473 2.497005 9.995193 2.519666 10.708084 2.496280 10.570175 
2.526650 2.872071 2.500111 4.000887 2.498558 9.775967 2.503327 10.787906 2.497302 3.746359 
2.480464 10.185064 2.522121 4.904005 2.494025 2.160382 2.463977 3.493098 2.511829 9.938686 
2.462655 3.384575 2.528351 9.830849 2.527786 3.346252 2.532305 3.862438 2.515273 11.289246 
2.487388 3.448667 2.512876 9.361686 2.499302 3.337933 2.496814 11.302040 2.504128 9.862610 
2.494922 8.740551 2.525245 11.063003 2.496409 10.333406 2.527312 4.291585 2.526115 3.147225 
2.490682 10.576389 2.499020 4.193831 2.495968 3.133276 2.529731 9.993348 2.514421 2.760195 
2.492680 10.737911 2.497166 10.469611 2.458422 10.130034 2.499384 3.203234 2.484399 10.472519 
2.488933 9.957357 2.483613 10.642976 2.513788 3.360517 2.503066 3.637737 2.491532 3.216261 
2.513198 4.084489 2.484125 5.739948 2.491407 10.690261 2.526423 2.866627 2.473898 10.298656 
2.509923 2.738952 2.460200 3.196965 2.498393 3.613271 2.496121 9.543787 2.500021 9.924643 
2.511331 3.068335 2.522611 10.329389 2.480497 7.596561 2.508623 3.710619 2.513035 2.995738 
2.494912 3.188574 2.527959 10.603155 2.508308 10.313854 2.478715 10.897778 2.515683 9.986744 
2.473799 10.929686 2.483951 3.133845 2.513566 10.126175 2.518532 3.759576 2.499246 3.440326 
2.468515 3.138515 2.514420 5.588322 2.495045 3.021730 2.512198 10.310314 2.507177 3.237435 
2.501465 3.650906 2.497591 2.998113 2.520834 3.844897 2.523119 3.284579 2.515272 10.220363 
2.516429 10.395969 2.464938 11.106655 2.500367 3.294667 2.489502 3.770208 2.499790 10.705805 
2.531814 11.533238 2.479066 3.525662 2.514896 10.393050 2.502649 10.103560 2.502934 10.309712 
2.513524 10.677104 2.447419 10.760325 2.510999 3.288833 2.489226 10.725421 2.514141 10.288384 
2.492772 3.589881 2.484554 10.415540 2.497377 2.516029 2.540744 4.982222 2.470739 3.129751 
2.473076 9.814355 2.512214 3.064815 2.509391 11.661676 2.492317 3.404190 2.491003 9.960271 
2.505411 2.143052 2.455601 3.580305 2.513223 11.037555 2.498674 9.427005 2.495091 9.966530 
2.519640 11.682013 2.508900 3.705445 2.508074 3.453173 2.481487 3.185956 2.459932 3.624409 
2.470826 11.268700 2.503569 2.782278 2.487353 4.851257 2.515673 9.175047 2.500155 7.055323 
2.515149 4.118605 2.477302 10.999106 2.502185 6.059452 2.509188 11.069882 2.531737 3.111006 
2.518450 10.871962 2.451784 10.442642 2.490301 7.431327 2.543645 10.255240 2.502174 3.286343 
2.510920 10.778530 2.525761 7.545832 2.520994 10.918025 2.434482 6.860043 2.488850 4.030145 
2.452575 7.353170 2.519212 10.900669 2.500624 2.537506 2.456322 10.415473 2.506723 4.650577 
2.502306 10.689496 2.505439 7.832129 2.513445 9.960665 2.520146 2.047080 2.532069 4.572187 
2.504925 11.152536 2.591733 9.100064 2.464328 3.455491 2.549020 6.924883 2.482003 6.839915 
2.499888 10.648473 2.500449 7.074573 2.505279 3.460916 2.448787 11.896339 2.448338 6.484164 
2.496881 6.251479 2.527830 10.540144 2.536093 5.695455 2.484404 3.109860 2.487402 7.546545 
2.465571 2.778926 2.508328 10.910693 2.482153 11.669542 2.506023 4.279819 2.475089 4.894854 
2.522737 2.547134 2.540205 3.271113 2.505775 3.769092 2.470117 3.773134 2.475964 3.621120 
2.543474 10.812795 2.500537 7.057106 2.505474 10.821275 2.516638 6.342422 2.561936 10.526299 
2.517679 11.557760 2.472065 10.952092 2.503239 2.617274 2.504858 10.067881 2.485560 2.491768 
2.551810 2.589462 2.444456 9.800436 2.471009 2.703350 2.465304 4.168447 2.516233 7.229126 
2.475080 6.387593 2.478968 7.712973 2.537999 9.674885 2.479586 10.940262 2.505214 5.889449 
2.510047 3.995189 2.478633 10.646243 2.522782 11.515212 2.469223 10.366917 2.507500 2.900099 
2.524913 8.441870 2.492618 2.535165 2.480828 11.025425 2.463605 7.478880 2.503281 5.922493 
2.559013 2.858474 2.496136 11.323171 2.528104 6.071769 2.564200 8.467450 2.462157 7.439399 
2.488139 10.458773 2.509144 11.115268 2.494305 11.841781 2.468597 10.809384 2.516773 4.408089 
2.469841 3.301590 2.536008 1.998629 2.490678 10.209011 2.461524 3.856059 2.517273 10.467099 
2.568143 6.458337 2.509109 10.540866 2.467198 3.407068 2.468890 7.928223 2.442807 11.143554 
2.502386 6.251973 2.510828 2.487429 2.542393 3.597449 2.465682 11.208846 2.521380 6.211323 
2.525288 11.616091 2.469150 11.145777 2.511059 6.900013 2.440305 3.158582 2.486742 6.453887 
2.527618 3.906263 2.433470 6.611396 2.477002 7.241478 2.483881 7.471663 2.541068 11.298049 
2.487626 6.236644 2.539883 2.750823 2.506851 6.638449 2.478810 9.013277 2.441636 2.382369 
2.529179 3.435460 2.531405 7.309594 2.517681 11.293027 2.482567 7.337661 2.464515 6.672849 
2.495874 2.469550 2.452760 7.135174 2.495162 7.157228 2.543398 2.832669 2.462009 7.569437 

Avg Classes:
2.501062 6.987991 2.500831 7.004122 2.500320 6.993248 2.501601 6.996249 2.500578 6.990609 
2.499498 7.005723 2.498374 7.006795 2.501292 7.002107 2.499690 7.004367 2.498954 6.983451 
2.499895 6.977804 2.500798 6.985700 2.497879 6.992608 2.496556 7.012830 2.497165 6.990719 
2.505279 7.053359 2.508546 7.025330 2.503622 7.027224 2.496757 7.017660 2.492969 7.021495 
2.515058 7.299356 2.473616 7.259717 2.514286 7.283912 2.472844 7.284170 2.470785 7.327413 
2.523547 7.069138 2.523547 7.098196 2.523547 7.013026 2.523547 6.972445 2.523547 6.891283 
2.484551 7.143258 2.502809 7.093399 2.549157 7.078652 2.497893 7.214185 2.465590 7.115169 
2.417391 6.704348 2.482609 6.821739 2.565217 6.452174 2.560870 6.960870 2.504348 6.700000 
2.416667 8.583333 2.416667 7.583333 2.416667 8.166667 2.416667 7.083333 2.416667 7.333333 
3.333333 7.666667 3.333333 7.666667 3.333333 12.000000 3.333333 8.000000 3.333333 11.666667 

Cluster 0 is class 0
Cluster 1 is class 0
Cluster 2 is class 4
Cluster 3 is class 0
Cluster 4 is class 9
Cluster 5 is class 0
Cluster 6 is class 8
Cluster 7 is class 0
Cluster 8 is class 0
Cluster 9 is class 0
Cluster 10 is class 0
Cluster 11 is class 0
Cluster 12 is class 8
Cluster 13 is class 0
Cluster 14 is class 8
Cluster 15 is class 0
Cluster 16 is class 0
Cluster 17 is class 0
Cluster 18 is class 0
Cluster 19 is class 9
Cluster 20 is class 0
Cluster 21 is class 0
Cluster 22 is class 0
Cluster 23 is class 8
Cluster 24 is class 8
Cluster 25 is class 4
Cluster 26 is class 0
Cluster 27 is class 8
Cluster 28 is class 9
Cluster 29 is class 0
Cluster 30 is class 0
Cluster 31 is class 0
Cluster 32 is class 4
Cluster 33 is class 8
Cluster 34 is class 7
Cluster 35 is class 8
Cluster 36 is class 0
Cluster 37 is class 4
Cluster 38 is class 0
Cluster 39 is class 0
Cluster 40 is class 7
Cluster 41 is class 8
Cluster 42 is class 0
Cluster 43 is class 7
Cluster 44 is class 0
Cluster 45 is class 0
Cluster 46 is class 8
Cluster 47 is class 0
Cluster 48 is class 8
Cluster 49 is class 0
Cluster 50 is class 0
Cluster 51 is class 7
Cluster 52 is class 8
Cluster 53 is class 0
Cluster 54 is class 0
Cluster 55 is class 0
Cluster 56 is class 0

Overall Accuracy is 0.320088

