----------------------------For Number of clusters 24----------------------------
Avg Clusters:
2.493498 10.207233 2.504974 9.520103 2.493647 10.298860 2.504397 9.488859 2.494839 9.534356 
2.502662 10.021970 2.510817 4.032301 2.511348 10.044843 2.493517 10.009110 2.497196 4.129787 
2.499511 3.690566 2.497293 9.417602 2.491095 9.475209 2.511287 3.635634 2.492856 3.897916 
2.481410 9.302880 2.503431 9.560840 2.496874 3.458223 2.508163 3.983202 2.481714 3.933482 
2.494575 4.082821 2.496083 3.823740 2.504000 3.655977 2.493714 9.811201 2.497739 9.321893 
2.504524 3.749816 2.492092 9.564131 2.502765 3.893643 2.507695 10.088260 2.503867 3.731604 
2.490833 9.936207 2.509835 3.699878 2.483494 3.181417 2.511307 9.409211 2.504497 3.666130 
2.514044 4.860669 2.516796 9.890599 2.482315 10.095379 2.510338 3.507282 2.502124 10.680356 
2.504253 10.766637 2.512924 9.932489 2.517671 10.454249 2.504629 4.152317 2.511608 4.039289 
2.495843 4.209270 2.485538 3.098447 2.493414 9.255333 2.491023 3.904893 2.507079 9.672924 
2.518156 4.051042 2.503481 10.584650 2.503347 4.029109 2.489824 9.689331 2.513604 10.588185 
2.504613 4.697016 2.497732 3.842336 2.509509 10.620168 2.494897 10.784893 2.486264 10.065844 
2.512667 10.893542 2.497008 3.649175 2.496254 4.989516 2.503396 9.708657 2.513395 10.728601 
2.484251 9.189541 2.482161 3.001813 2.498552 8.877936 2.505904 3.232621 2.495430 3.452627 
2.504924 3.062024 2.511940 3.756866 2.504274 9.600182 2.496947 9.526153 2.503625 3.263297 
2.503726 3.484002 2.516678 3.967530 2.499793 3.345458 2.485007 3.918885 2.499704 4.099568 
2.515233 10.661479 2.470023 10.669513 2.491509 5.134432 2.508554 10.749819 2.497590 3.643584 
2.506579 4.877070 2.483756 10.721621 2.520808 10.762545 2.491784 10.448845 2.512907 3.734024 
2.501909 10.324791 2.484782 10.178822 2.503868 4.396096 2.489236 3.691215 2.499491 10.672104 
2.495567 3.271307 2.501331 9.182919 2.518037 3.245121 2.524679 3.231195 2.488692 9.797068 
2.494706 10.937746 2.500030 4.298233 2.503025 10.542078 2.505626 3.906467 2.492831 10.391736 
2.496628 9.862667 2.506134 3.343300 2.507226 3.165307 2.479027 3.241874 2.487667 9.486479 
2.516686 10.450595 2.470488 10.300092 2.501156 3.213846 2.489290 10.581163 2.510448 10.185534 
2.498608 3.162159 2.538789 10.534354 2.503435 10.514307 2.489607 10.082667 2.509436 10.295704 

Avg Classes:
2.501062 6.987991 2.500831 7.004122 2.500320 6.993248 2.501601 6.996249 2.500578 6.990609 
2.499498 7.005723 2.498374 7.006795 2.501292 7.002107 2.499690 7.004367 2.498954 6.983451 
2.499895 6.977804 2.500798 6.985700 2.497879 6.992608 2.496556 7.012830 2.497165 6.990719 
2.505279 7.053359 2.508546 7.025330 2.503622 7.027224 2.496757 7.017660 2.492969 7.021495 
2.515058 7.299356 2.473616 7.259717 2.514286 7.283912 2.472844 7.284170 2.470785 7.327413 
2.523547 7.069138 2.523547 7.098196 2.523547 7.013026 2.523547 6.972445 2.523547 6.891283 
2.484551 7.143258 2.502809 7.093399 2.549157 7.078652 2.497893 7.214185 2.465590 7.115169 
2.417391 6.704348 2.482609 6.821739 2.565217 6.452174 2.560870 6.960870 2.504348 6.700000 
2.416667 8.583333 2.416667 7.583333 2.416667 8.166667 2.416667 7.083333 2.416667 7.333333 
3.333333 7.666667 3.333333 7.666667 3.333333 12.000000 3.333333 8.000000 3.333333 11.666667 

Cluster 0 is class 8
Cluster 1 is class 0
Cluster 2 is class 0
Cluster 3 is class 0
Cluster 4 is class 0
Cluster 5 is class 0
Cluster 6 is class 7
Cluster 7 is class 0
Cluster 8 is class 8
Cluster 9 is class 0
Cluster 10 is class 4
Cluster 11 is class 9
Cluster 12 is class 4
Cluster 13 is class 0
Cluster 14 is class 0
Cluster 15 is class 7
Cluster 16 is class 0
Cluster 17 is class 0
Cluster 18 is class 8
Cluster 19 is class 0
Cluster 20 is class 8
Cluster 21 is class 0
Cluster 22 is class 0
Cluster 23 is class 9

Overall Accuracy is 0.321230

