----------------------------For Number of clusters 54----------------------------
Avg Clusters:
2.494852 4.052142 2.493351 9.775733 2.507490 11.175577 2.481884 10.019452 2.493591 4.464233 
2.489545 3.905593 2.498353 9.455568 2.496345 4.245147 2.517845 3.330558 2.493213 4.227797 
2.503531 4.061405 2.526580 9.954404 2.494282 10.012588 2.498715 3.668745 2.492273 10.941462 
2.497621 4.548406 2.476243 3.074512 2.500387 9.630590 2.478740 4.229632 2.494618 3.319547 
2.507333 10.948735 2.497305 9.925268 2.485640 3.740501 2.494099 9.875605 2.484992 3.348182 
2.493041 3.792862 2.523789 10.435983 2.496495 8.507162 2.498290 10.615827 2.519386 10.557380 
2.520888 11.118063 2.469796 3.430222 2.507097 9.129837 2.498405 10.035833 2.498405 10.494884 
2.500189 6.607693 2.533200 4.024512 2.503205 3.830389 2.474487 3.793984 2.491109 10.247991 
2.525854 2.203894 2.448935 3.979702 2.525946 4.990219 2.530768 4.355759 2.546014 10.051800 
2.499925 10.403392 2.510411 4.247835 2.502442 3.588399 2.484286 3.567487 2.490428 3.797615 
2.502832 9.620802 2.485912 10.646380 2.490133 2.702334 2.484072 4.028248 2.518092 10.095566 
2.501876 11.309317 2.501501 7.453576 2.524124 6.004342 2.470784 5.863139 2.453093 9.642918 
2.477702 9.612152 2.541321 3.741307 2.512229 10.755244 2.493171 10.608215 2.502718 3.199603 
2.499348 3.147818 2.486918 3.169680 2.501869 10.328451 2.489830 10.536639 2.511996 6.111787 
2.480601 10.230333 2.503680 3.741642 2.491489 10.524919 2.512996 2.931644 2.502990 10.210052 
2.514727 6.879358 2.506107 3.706030 2.501276 3.651836 2.485620 10.362505 2.457712 4.110785 
2.508637 9.988009 2.479134 6.069046 2.493790 2.826410 2.486938 10.970973 2.508494 10.734618 
2.501247 10.711244 2.475232 10.873975 2.514478 5.157297 2.494699 2.970866 2.499243 3.720198 
2.498763 10.686602 2.479276 10.832169 2.511306 10.558135 2.507096 10.007161 2.526887 4.110759 
2.520913 2.951230 2.505733 11.262314 2.489422 10.266297 2.506594 3.764278 2.480110 5.511385 
2.513770 4.197260 2.516769 10.623703 2.517784 2.823730 2.484523 9.722748 2.494349 10.762144 
2.551361 3.077775 2.521745 4.939568 2.516142 8.387073 2.514274 10.381737 2.491529 2.136606 
2.479029 6.370857 2.508457 2.508519 2.485534 4.019701 2.493278 10.412862 2.509882 10.775726 
2.505769 2.709502 2.480486 9.279864 2.503054 3.359502 2.516290 10.426244 2.510294 6.036765 
2.477235 11.576665 2.499170 2.730789 2.475215 3.505448 2.517209 9.224692 2.528465 7.037737 
2.511455 3.616354 2.468516 10.208718 2.488617 3.240706 2.480908 9.811383 2.509870 2.061095 
2.485872 11.460413 2.483434 3.222246 2.477697 3.275674 2.511690 3.320640 2.524598 10.663439 
2.458489 10.730469 2.478863 4.459321 2.511019 10.692215 2.517995 3.062370 2.504135 3.335505 
2.520440 5.265849 2.506415 9.952075 2.493082 10.767925 2.503522 3.601824 2.561509 2.240881 
2.500089 3.313083 2.523071 3.263199 2.488390 3.140685 2.494685 4.080884 2.469683 3.583942 
2.484361 3.835369 2.498789 2.829185 2.498480 10.850415 2.495852 3.801618 2.472922 10.433452 
2.541295 7.401817 2.504870 11.161333 2.439961 6.761562 2.538348 7.267660 2.486126 6.757633 
2.513293 10.601806 2.506924 10.460507 2.507699 11.209427 2.483217 3.262546 2.499501 8.525091 
2.458209 7.256998 2.514294 10.752829 2.510820 2.479452 2.506254 5.761366 2.469526 2.919992 
2.502862 2.414881 2.485854 4.698365 2.476370 2.604415 2.483647 9.899264 2.504579 10.541047 
2.544052 2.766633 2.484735 3.437365 2.500664 7.225734 2.560229 11.116808 2.455948 10.557408 
2.509707 3.898746 2.511008 11.448490 2.525778 7.695030 2.519368 10.981607 2.526428 3.066791 
2.473709 10.440446 2.536808 10.863831 2.497780 10.651632 2.513905 7.866791 2.544364 11.270001 
2.434245 7.717822 2.499677 10.952755 2.524430 2.930263 2.498386 11.607942 2.556823 5.883986 
2.518774 11.165751 2.472943 11.491136 2.512658 3.890222 2.506387 10.495549 2.487420 10.252071 
2.444713 2.416814 2.501255 3.145076 2.493630 3.043058 2.510648 10.656933 2.540221 4.052543 
2.493469 2.838621 2.508323 5.452639 2.526984 11.438830 2.494887 8.920281 2.511906 11.045085 
2.542007 10.501952 2.494796 6.733736 2.491636 8.038662 2.488755 6.955576 2.496375 2.755855 
2.481902 6.938609 2.526171 3.553052 2.513307 11.145050 2.486160 11.281139 2.505412 10.694021 
2.465999 10.795905 2.531385 10.942731 2.495851 11.109488 2.526154 3.757937 2.503066 2.796627 
2.477750 2.975097 2.512668 10.664628 2.515158 3.522954 2.548506 3.465894 2.480565 10.524199 
2.546111 10.435781 2.488423 10.756283 2.505739 7.131506 2.534633 2.467643 2.483970 11.255690 
2.525045 9.936661 2.482305 10.174410 2.509891 10.256987 2.509891 11.948004 2.466515 10.251270 
2.515591 7.391582 2.506226 5.975713 2.496141 11.208809 2.519399 6.683030 2.512298 6.825358 
2.527255 7.757563 2.508713 6.384637 2.479855 10.523909 2.491008 7.299038 2.505786 11.763697 
2.503287 11.485026 2.495617 3.400201 2.522096 3.851443 2.545380 10.472790 2.516892 2.323229 
2.528464 10.876477 2.493214 2.194415 2.525632 10.033200 2.452983 6.459135 2.489698 6.339127 
2.442959 10.368172 2.480986 6.369786 2.480410 7.722171 2.519705 11.747177 2.462664 6.051510 
2.534263 2.878713 2.499089 6.201385 2.459358 10.321396 2.522143 2.643886 2.462457 6.299526 

Avg Classes:
2.501062 6.987991 2.500831 7.004122 2.500320 6.993248 2.501601 6.996249 2.500578 6.990609 
2.499498 7.005723 2.498374 7.006795 2.501292 7.002107 2.499690 7.004367 2.498954 6.983451 
2.499895 6.977804 2.500798 6.985700 2.497879 6.992608 2.496556 7.012830 2.497165 6.990719 
2.505279 7.053359 2.508546 7.025330 2.503622 7.027224 2.496757 7.017660 2.492969 7.021495 
2.515058 7.299356 2.473616 7.259717 2.514286 7.283912 2.472844 7.284170 2.470785 7.327413 
2.523547 7.069138 2.523547 7.098196 2.523547 7.013026 2.523547 6.972445 2.523547 6.891283 
2.484551 7.143258 2.502809 7.093399 2.549157 7.078652 2.497893 7.214185 2.465590 7.115169 
2.417391 6.704348 2.482609 6.821739 2.565217 6.452174 2.560870 6.960870 2.504348 6.700000 
2.416667 8.583333 2.416667 7.583333 2.416667 8.166667 2.416667 7.083333 2.416667 7.333333 
3.333333 7.666667 3.333333 7.666667 3.333333 12.000000 3.333333 8.000000 3.333333 11.666667 

Cluster 0 is class 4
Cluster 1 is class 0
Cluster 2 is class 9
Cluster 3 is class 7
Cluster 4 is class 0
Cluster 5 is class 4
Cluster 6 is class 8
Cluster 7 is class 0
Cluster 8 is class 7
Cluster 9 is class 7
Cluster 10 is class 0
Cluster 11 is class 8
Cluster 12 is class 0
Cluster 13 is class 0
Cluster 14 is class 8
Cluster 15 is class 7
Cluster 16 is class 0
Cluster 17 is class 0
Cluster 18 is class 8
Cluster 19 is class 0
Cluster 20 is class 0
Cluster 21 is class 0
Cluster 22 is class 0
Cluster 23 is class 7
Cluster 24 is class 0
Cluster 25 is class 7
Cluster 26 is class 0
Cluster 27 is class 0
Cluster 28 is class 0
Cluster 29 is class 0
Cluster 30 is class 9
Cluster 31 is class 4
Cluster 32 is class 8
Cluster 33 is class 7
Cluster 34 is class 7
Cluster 35 is class 0
Cluster 36 is class 0
Cluster 37 is class 9
Cluster 38 is class 0
Cluster 39 is class 4
Cluster 40 is class 0
Cluster 41 is class 9
Cluster 42 is class 0
Cluster 43 is class 9
Cluster 44 is class 8
Cluster 45 is class 0
Cluster 46 is class 4
Cluster 47 is class 9
Cluster 48 is class 8
Cluster 49 is class 9
Cluster 50 is class 0
Cluster 51 is class 0
Cluster 52 is class 0
Cluster 53 is class 0

Overall Accuracy is 0.263504

