----------------------------For Number of clusters 51----------------------------
Avg Clusters:
2.517400 6.389618 2.515155 3.755195 2.488295 4.457547 2.494510 9.860855 2.470881 3.685678 
2.505945 2.820191 2.490809 3.166132 2.497739 9.116712 2.497301 4.252462 2.499964 4.119666 
2.494513 3.044016 2.522679 9.798269 2.492227 3.540938 2.497775 10.187801 2.523959 10.358227 
2.495745 10.633861 2.512580 4.201014 2.488493 3.170157 2.512728 4.053278 2.464444 3.349304 
2.462902 2.148605 2.481996 4.721285 2.501516 3.806800 2.506001 10.508863 2.527701 4.559352 
2.522927 10.699802 2.478062 4.448345 2.506845 10.135227 2.514845 8.935809 2.505608 10.287580 
2.506514 3.696244 2.508474 7.070368 2.506623 10.767338 2.495337 4.043985 2.494212 10.626529 
2.500136 10.545050 2.512930 10.703203 2.475910 9.993225 2.507788 3.708617 2.508817 9.402958 
2.502264 10.918365 2.472466 9.956985 2.499101 3.593787 2.500333 9.905347 2.510687 10.122253 
2.496651 10.041979 2.487020 11.064944 2.506189 4.294719 2.511930 4.468531 2.492885 3.432355 
2.481232 10.053666 2.527651 4.356225 2.497423 10.712692 2.494755 10.442453 2.486053 3.564429 
2.507530 4.119739 2.489346 10.930144 2.502650 4.205708 2.504686 10.343420 2.513217 3.350616 
2.499478 10.787524 2.515682 9.364698 2.518119 10.674634 2.499052 3.894535 2.490544 3.253858 
2.512500 3.667076 2.518973 10.012184 2.497195 10.799276 2.485807 10.519770 2.501710 9.678032 
2.491183 3.936644 2.511668 10.424871 2.504382 3.316004 2.521735 3.368766 2.486326 10.032734 
2.490764 6.794048 2.526629 3.209287 2.497229 9.115136 2.494664 11.594305 2.533350 10.235557 
2.496992 10.655488 2.465528 10.647967 2.511911 9.172358 2.511870 10.901220 2.498740 4.107846 
2.502462 2.375264 2.477557 3.250410 2.513344 9.575489 2.524459 9.960274 2.477979 10.305286 
2.494672 10.699858 2.493045 9.643431 2.487953 2.873655 2.497979 10.873445 2.492835 3.499869 
2.498526 3.575097 2.513650 4.317131 2.513127 2.793589 2.478265 3.508323 2.488443 4.257538 
2.504940 4.643368 2.488461 3.304151 2.509157 2.952478 2.479363 9.373345 2.482135 10.768363 
2.468521 5.085097 2.510961 11.357127 2.484881 9.827538 2.518305 3.376620 2.537581 3.316901 
2.485548 3.716123 2.489339 10.527091 2.481262 3.080503 2.532696 3.815969 2.472524 3.287229 
2.496309 10.575631 2.508171 3.619221 2.498623 3.602365 2.494069 3.900995 2.508905 10.700305 
2.516323 10.456035 2.517323 10.657598 2.511820 10.695184 2.519762 10.501438 2.489556 10.614321 
2.508453 3.184391 2.490032 11.729564 2.505484 10.159183 2.506999 3.674302 2.469733 10.128764 
2.525097 3.339907 2.512603 4.516564 2.504593 10.766271 2.482260 10.763876 2.506595 3.299116 
2.507406 3.509539 2.486432 11.052080 2.503318 10.535549 2.474819 10.614943 2.508828 3.322906 
2.497266 10.734720 2.490403 3.477375 2.493620 3.452069 2.495336 10.670545 2.520159 10.563854 
2.514198 2.349698 2.532660 9.260038 2.483235 10.510638 2.488534 5.813147 2.448630 3.387367 
2.560445 3.152800 2.496841 9.417497 2.524360 7.110290 2.497484 2.312774 2.475961 5.371346 
2.504257 5.156178 2.498447 2.868615 2.496721 4.477048 2.507421 2.936896 2.509089 10.017602 
2.478534 11.271483 2.486001 3.223228 2.485033 3.720567 2.499620 10.457103 2.497546 5.587349 
2.481421 4.581576 2.471834 7.548708 2.517575 6.721264 2.487446 7.380444 2.481147 7.272163 
2.510227 10.534293 2.484514 10.806938 2.512936 3.287308 2.481964 3.281199 2.482654 10.520215 
2.496145 7.573014 2.524007 3.561098 2.494451 11.245444 2.500818 4.208178 2.468633 4.090888 
2.533934 3.655960 2.420911 7.584464 2.481118 11.820051 2.485553 2.038973 2.528155 4.400215 
2.519869 1.998688 2.455670 5.122493 2.523524 4.146204 2.527648 3.622587 2.538894 11.188379 
2.505848 11.270705 2.480089 2.891353 2.522209 8.287743 2.497668 4.632412 2.464607 6.365087 
2.490798 10.592556 2.511329 7.304703 2.508957 3.577751 2.433129 3.223722 2.514683 6.842781 
2.525287 6.916675 2.520374 11.146325 2.532608 2.598690 2.466814 8.731818 2.511704 7.657547 
2.482468 7.510993 2.571740 10.609363 2.519807 11.057335 2.509098 8.103487 2.563306 3.819655 
2.541121 7.719984 2.476706 4.387275 2.511080 6.914705 2.503595 2.805772 2.550182 2.715552 
2.453256 5.155658 2.522920 2.312789 2.475540 10.468781 2.496687 3.379843 2.494077 10.932678 
2.517227 11.320745 2.496534 3.811795 2.531092 4.951888 2.562235 10.246353 2.549612 1.890843 
2.457716 11.605602 2.454228 3.029861 2.496404 11.047951 2.482563 3.102768 2.559285 3.044137 
2.504665 6.763550 2.517173 9.442525 2.503971 6.437860 2.490073 11.665376 2.437066 10.010820 
2.499122 10.925753 2.493920 4.143021 2.516214 10.832050 2.503851 2.776314 2.483313 10.694839 
2.529199 6.879380 2.460395 10.783181 2.496390 6.972818 2.513166 6.753982 2.495434 11.676577 
2.473630 4.992953 2.452376 2.800864 2.499545 11.544556 2.497272 7.329848 2.555467 7.677086 
2.471167 7.691150 2.558213 7.351463 2.459998 7.191696 2.502853 2.729149 2.528348 10.933714 

Avg Classes:
2.501062 6.987991 2.500831 7.004122 2.500320 6.993248 2.501601 6.996249 2.500578 6.990609 
2.499498 7.005723 2.498374 7.006795 2.501292 7.002107 2.499690 7.004367 2.498954 6.983451 
2.499895 6.977804 2.500798 6.985700 2.497879 6.992608 2.496556 7.012830 2.497165 6.990719 
2.505279 7.053359 2.508546 7.025330 2.503622 7.027224 2.496757 7.017660 2.492969 7.021495 
2.515058 7.299356 2.473616 7.259717 2.514286 7.283912 2.472844 7.284170 2.470785 7.327413 
2.523547 7.069138 2.523547 7.098196 2.523547 7.013026 2.523547 6.972445 2.523547 6.891283 
2.484551 7.143258 2.502809 7.093399 2.549157 7.078652 2.497893 7.214185 2.465590 7.115169 
2.417391 6.704348 2.482609 6.821739 2.565217 6.452174 2.560870 6.960870 2.504348 6.700000 
2.416667 8.583333 2.416667 7.583333 2.416667 8.166667 2.416667 7.083333 2.416667 7.333333 
3.333333 7.666667 3.333333 7.666667 3.333333 12.000000 3.333333 8.000000 3.333333 11.666667 

Cluster 0 is class 7
Cluster 1 is class 0
Cluster 2 is class 0
Cluster 3 is class 0
Cluster 4 is class 0
Cluster 5 is class 8
Cluster 6 is class 0
Cluster 7 is class 8
Cluster 8 is class 4
Cluster 9 is class 0
Cluster 10 is class 8
Cluster 11 is class 0
Cluster 12 is class 8
Cluster 13 is class 9
Cluster 14 is class 0
Cluster 15 is class 4
Cluster 16 is class 8
Cluster 17 is class 0
Cluster 18 is class 5
Cluster 19 is class 7
Cluster 20 is class 0
Cluster 21 is class 0
Cluster 22 is class 0
Cluster 23 is class 0
Cluster 24 is class 9
Cluster 25 is class 0
Cluster 26 is class 0
Cluster 27 is class 0
Cluster 28 is class 4
Cluster 29 is class 0
Cluster 30 is class 0
Cluster 31 is class 0
Cluster 32 is class 0
Cluster 33 is class 0
Cluster 34 is class 8
Cluster 35 is class 0
Cluster 36 is class 0
Cluster 37 is class 7
Cluster 38 is class 0
Cluster 39 is class 0
Cluster 40 is class 0
Cluster 41 is class 8
Cluster 42 is class 0
Cluster 43 is class 9
Cluster 44 is class 0
Cluster 45 is class 8
Cluster 46 is class 4
Cluster 47 is class 8
Cluster 48 is class 3
Cluster 49 is class 0
Cluster 50 is class 0

Overall Accuracy is 0.298278

