----------------------------For Number of clusters 67----------------------------
Avg Clusters:
2.512413 2.750128 2.482456 7.695939 2.529108 3.696136 2.507834 4.195524 2.511702 9.967557 
2.508852 10.627011 2.501540 3.395582 2.469979 3.265992 2.520514 8.437072 2.542760 3.219652 
2.532710 2.971733 2.497557 5.357731 2.501295 9.470700 2.488801 10.690867 2.512182 4.049156 
2.485270 10.692347 2.480240 3.273335 2.503601 8.584330 2.510905 3.426145 2.499466 9.971402 
2.486022 10.012837 2.466517 9.894416 2.516938 10.853445 2.517401 10.537192 2.504600 4.650335 
2.509405 9.672266 2.478906 11.574235 2.501694 5.727125 2.487943 9.058691 2.513089 3.691862 
2.499336 10.038272 2.513987 6.236265 2.512182 11.682414 2.500557 4.988641 2.527947 9.896651 
2.514477 3.690549 2.488319 9.262812 2.493461 10.720696 2.500699 2.612322 2.502221 9.662581 
2.495307 9.700354 2.502462 4.522082 2.527352 4.269178 2.494960 2.598330 2.467223 3.462838 
2.467196 3.391422 2.506174 3.111088 2.508767 10.565155 2.466497 5.098905 2.510290 10.541118 
2.518070 3.288165 2.506380 10.916679 2.493658 5.402812 2.502827 10.119919 2.501337 8.571172 
2.465414 10.355326 2.529511 10.279010 2.508145 1.977506 2.498434 10.280576 2.503947 4.264286 
2.496472 4.550336 2.526995 9.830306 2.491879 10.467994 2.493674 10.910769 2.511796 10.639025 
2.514419 7.357124 2.496530 3.524663 2.479828 4.245704 2.471662 10.593030 2.501949 10.570872 
2.484787 10.554816 2.476064 3.143076 2.511906 10.714427 2.500868 4.289500 2.502191 3.293716 
2.500222 3.137354 2.516146 4.056845 2.494662 3.769771 2.473090 4.242194 2.480874 3.152655 
2.471371 3.515386 2.515256 9.045183 2.486822 2.727798 2.491496 10.343872 2.522397 11.389834 
2.485669 11.528437 2.493987 3.902608 2.498595 3.263684 2.531640 7.786951 2.524278 10.710858 
2.458384 3.331622 2.504026 3.961554 2.493710 2.732186 2.492804 11.070048 2.536584 4.608746 
2.518746 10.895742 2.522658 11.107909 2.531851 10.715916 2.502054 9.667797 2.496316 10.286301 
2.483781 5.456941 2.526383 2.430649 2.517984 11.413426 2.485302 9.908405 2.488771 4.482746 
2.471949 10.979324 2.506863 3.124395 2.509711 10.061799 2.475423 10.843139 2.481517 6.606311 
2.518277 4.708583 2.534029 11.751531 2.492696 6.201616 2.516863 3.373881 2.459374 10.399865 
2.494657 10.928440 2.530548 3.837718 2.473285 2.742722 2.483234 2.884074 2.501142 8.515734 
2.520807 10.653496 2.506936 10.402970 2.488581 9.511326 2.488908 2.988557 2.497501 6.333894 
2.483198 6.415452 2.487539 10.099209 2.503004 7.469875 2.531969 3.159579 2.544341 2.959971 
2.491716 10.225394 2.540928 4.128117 2.483924 10.177657 2.546752 10.851378 2.524934 2.007054 
2.517807 3.350566 2.503091 11.030800 2.504568 10.095410 2.483724 10.709886 2.499316 3.215493 
2.527500 10.995234 2.524766 6.903594 2.488125 7.714609 2.483203 10.803672 2.498672 10.921094 
2.479346 10.929305 2.523952 10.211860 2.514206 10.958768 2.492616 4.038609 2.503636 2.269061 
2.532402 2.388761 2.479935 3.285385 2.500746 4.683433 2.534572 10.482036 2.475258 10.984002 
2.518859 11.345452 2.452887 10.961874 2.501566 3.464393 2.478145 3.758647 2.521650 8.279139 
2.502617 3.329998 2.469485 3.437546 2.536479 10.764032 2.514545 11.124047 2.488503 10.314094 
2.520215 8.223384 2.493834 10.598111 2.517640 3.160084 2.491727 11.309085 2.455667 9.974633 
2.515777 4.003167 2.490613 3.031045 2.457928 9.411954 2.491914 2.859421 2.474610 4.491574 
2.520338 2.863082 2.448096 6.142938 2.524162 11.278962 2.506427 4.233973 2.525870 2.655955 
2.522460 12.025069 2.445718 10.141922 2.509772 3.063031 2.505270 10.188888 2.537808 10.520925 
2.511739 7.601412 2.525596 7.350927 2.498764 3.109356 2.446778 6.306884 2.513857 7.078199 
2.447760 9.878769 2.459694 11.147718 2.486914 6.772090 2.518321 7.003664 2.493090 11.193049 
2.524560 3.143991 2.451031 9.980461 2.494619 3.223411 2.549871 7.877472 2.513918 3.116095 
2.487609 3.828380 2.506446 10.727862 2.482668 2.645796 2.514321 2.849842 2.463908 3.709488 
2.559248 7.740887 2.517188 4.481878 2.453734 11.385710 2.503168 10.336899 2.478035 11.101257 
2.551598 7.927498 2.467980 10.911456 2.467728 2.186308 2.503979 5.618921 2.458002 11.359227 
2.497907 3.203612 2.493102 10.563479 2.506898 10.945512 2.509456 6.647652 2.443962 6.704929 
2.531223 6.734145 2.497321 6.592694 2.495275 6.999415 2.486313 4.089722 2.524793 11.433220 
2.441390 6.995509 2.460523 7.245397 2.521602 4.390102 2.478936 11.513698 2.480733 2.843618 
2.463074 7.335337 2.584231 6.368009 2.505048 10.606807 2.511855 5.577765 2.545434 3.577992 
2.469656 10.879181 2.505235 3.468544 2.548874 3.279811 2.476142 11.732512 2.463263 6.857222 
2.438721 4.592431 2.522749 11.184178 2.518513 2.032928 2.533270 2.647766 2.517694 10.049050 
2.486186 7.328987 2.529406 3.056260 2.532780 3.144798 2.465031 3.097292 2.486095 11.437585 
2.491280 11.102385 2.492822 9.332186 2.493653 4.136790 2.513110 2.413572 2.500534 11.908886 
2.512062 3.505913 2.505558 11.474456 2.508988 3.437796 2.469489 11.811258 2.519158 3.488292 
2.511565 10.053131 2.516501 10.998548 2.455240 10.939901 2.513017 3.033388 2.479822 11.410433 
2.521045 11.025482 2.468778 10.600749 2.468371 3.149719 2.530652 3.883579 2.495156 2.533827 
2.507386 2.756754 2.477551 2.761516 2.473178 5.559961 2.562488 2.829155 2.520797 10.600389 
2.566536 11.423859 2.502970 6.772147 2.500190 7.155693 2.474915 7.245798 2.473777 3.478580 
2.477425 8.166818 2.574433 10.821759 2.617588 3.136355 2.495920 2.729102 2.412511 5.737443 
2.478967 3.896776 2.483653 2.622657 2.517718 2.136031 2.480567 5.482510 2.470622 8.764746 
2.520900 2.088122 2.538657 10.717657 2.523768 7.608139 2.509871 3.288188 2.439175 4.089335 
2.462203 11.603242 2.473868 7.785336 2.430238 6.299197 2.535525 11.945614 2.491592 3.695501 
2.491278 2.848934 2.545434 10.412610 2.509406 10.824193 2.524912 6.603466 2.496979 11.774826 
2.485750 7.045281 2.530537 3.035040 2.465145 11.607526 2.485750 2.901295 2.443800 7.955213 
2.469504 3.725210 2.499162 11.254803 2.451064 11.867054 2.475951 2.942618 2.544294 3.071567 
2.535182 3.516927 2.505026 2.906759 2.482149 6.370537 2.573541 7.709070 2.506181 6.489428 
2.509685 6.479801 2.542114 2.351633 2.511455 6.127504 2.480908 9.390481 2.393913 2.665191 
2.509852 11.349028 2.465328 2.277124 2.549770 10.254478 2.525844 9.687180 2.495522 11.555527 
2.484906 6.430189 2.532801 11.080406 2.520755 10.934833 2.495210 7.635414 2.551234 2.568650 

Avg Classes:
2.501062 6.987991 2.500831 7.004122 2.500320 6.993248 2.501601 6.996249 2.500578 6.990609 
2.499498 7.005723 2.498374 7.006795 2.501292 7.002107 2.499690 7.004367 2.498954 6.983451 
2.499895 6.977804 2.500798 6.985700 2.497879 6.992608 2.496556 7.012830 2.497165 6.990719 
2.505279 7.053359 2.508546 7.025330 2.503622 7.027224 2.496757 7.017660 2.492969 7.021495 
2.515058 7.299356 2.473616 7.259717 2.514286 7.283912 2.472844 7.284170 2.470785 7.327413 
2.523547 7.069138 2.523547 7.098196 2.523547 7.013026 2.523547 6.972445 2.523547 6.891283 
2.484551 7.143258 2.502809 7.093399 2.549157 7.078652 2.497893 7.214185 2.465590 7.115169 
2.417391 6.704348 2.482609 6.821739 2.565217 6.452174 2.560870 6.960870 2.504348 6.700000 
2.416667 8.583333 2.416667 7.583333 2.416667 8.166667 2.416667 7.083333 2.416667 7.333333 
3.333333 7.666667 3.333333 7.666667 3.333333 12.000000 3.333333 8.000000 3.333333 11.666667 

Cluster 0 is class 0
Cluster 1 is class 0
Cluster 2 is class 0
Cluster 3 is class 8
Cluster 4 is class 8
Cluster 5 is class 0
Cluster 6 is class 9
Cluster 7 is class 0
Cluster 8 is class 7
Cluster 9 is class 0
Cluster 10 is class 0
Cluster 11 is class 7
Cluster 12 is class 9
Cluster 13 is class 0
Cluster 14 is class 0
Cluster 15 is class 7
Cluster 16 is class 6
Cluster 17 is class 0
Cluster 18 is class 0
Cluster 19 is class 9
Cluster 20 is class 0
Cluster 21 is class 8
Cluster 22 is class 0
Cluster 23 is class 0
Cluster 24 is class 8
Cluster 25 is class 0
Cluster 26 is class 8
Cluster 27 is class 0
Cluster 28 is class 8
Cluster 29 is class 8
Cluster 30 is class 0
Cluster 31 is class 0
Cluster 32 is class 9
Cluster 33 is class 0
Cluster 34 is class 0
Cluster 35 is class 0
Cluster 36 is class 0
Cluster 37 is class 7
Cluster 38 is class 8
Cluster 39 is class 7
Cluster 40 is class 7
Cluster 41 is class 9
Cluster 42 is class 0
Cluster 43 is class 0
Cluster 44 is class 0
Cluster 45 is class 0
Cluster 46 is class 0
Cluster 47 is class 0
Cluster 48 is class 0
Cluster 49 is class 7
Cluster 50 is class 0
Cluster 51 is class 0
Cluster 52 is class 9
Cluster 53 is class 0
Cluster 54 is class 0
Cluster 55 is class 8
Cluster 56 is class 7
Cluster 57 is class 0
Cluster 58 is class 0
Cluster 59 is class 0
Cluster 60 is class 9
Cluster 61 is class 0
Cluster 62 is class 0
Cluster 63 is class 0
Cluster 64 is class 0
Cluster 65 is class 9
Cluster 66 is class 8

Overall Accuracy is 0.318980

