----------------------------For Number of clusters 62----------------------------
Avg Clusters:
2.507531 9.729392 2.478654 10.159572 2.498981 10.546146 2.511152 9.503393 2.525850 3.284819 
2.493858 3.427226 2.466973 7.209935 2.526903 4.262872 2.499946 10.460741 2.477517 3.710678 
2.459753 3.562120 2.499183 3.471946 2.505929 10.412110 2.492311 5.213744 2.487492 11.432642 
2.493093 3.796507 2.504691 10.214700 2.482570 9.956897 2.520232 3.633186 2.522252 3.037955 
2.514893 10.604783 2.530848 4.593855 2.511677 3.131885 2.488073 4.292744 2.499813 10.236574 
2.478121 3.577551 2.517854 9.767717 2.521332 3.182213 2.524584 3.531024 2.491000 10.210806 
2.526463 8.765702 2.517592 8.591341 2.544836 10.177614 2.515312 2.803970 2.520676 5.611616 
2.489865 10.652582 2.482803 9.772484 2.486274 3.406193 2.517796 11.152063 2.492858 4.058615 
2.508914 4.007028 2.472623 3.376812 2.500338 9.282589 2.492317 3.536629 2.493746 3.044630 
2.495813 10.886715 2.530435 3.605596 2.476530 8.207770 2.508897 10.690580 2.477254 4.089130 
2.512006 3.808943 2.482889 3.326149 2.519049 3.101815 2.474570 7.523681 2.494895 10.863727 
2.523635 7.745232 2.513945 9.962856 2.469251 10.113264 2.513465 4.212387 2.480424 11.145214 
2.505696 3.862571 2.492107 4.790806 2.533686 11.105370 2.478641 11.342921 2.477746 8.935964 
2.493629 3.854680 2.539348 11.072029 2.504438 10.240622 2.501124 10.444282 2.509013 9.857363 
2.494711 11.103638 2.515094 3.890212 2.503956 10.690204 2.510321 4.030231 2.512213 10.517932 
2.514431 10.484149 2.493540 7.340022 2.481217 7.425646 2.517317 10.574766 2.513332 10.950660 
2.485368 9.772068 2.522408 4.597731 2.497835 2.873006 2.495069 3.770023 2.481520 3.318809 
2.516465 9.972444 2.472649 10.659258 2.511592 3.022501 2.485083 9.945753 2.487634 10.819631 
2.523442 6.571803 2.531502 2.542652 2.477834 8.143941 2.550846 10.811459 2.503426 10.982805 
2.474515 7.732533 2.481553 11.174642 2.519014 3.904247 2.545420 3.399121 2.475554 3.289055 
2.515179 3.426237 2.494478 10.687070 2.508691 10.206359 2.480265 10.713564 2.503640 3.231219 
2.478763 10.337394 2.497943 3.405727 2.511834 3.056954 2.479350 10.650478 2.497355 7.225784 
2.477697 11.635885 2.516727 10.669402 2.469929 9.921250 2.484651 3.516978 2.489976 3.261371 
2.502930 10.331918 2.471373 11.039890 2.499059 3.475082 2.489329 3.269179 2.502715 10.602763 
2.487810 3.216970 2.516235 10.624348 2.495688 3.267753 2.486852 10.811083 2.497924 10.240445 
2.457204 10.533256 2.487748 4.515547 2.489670 10.707255 2.468735 5.312513 2.515272 2.460361 
2.566135 8.009182 2.510712 3.238647 2.497229 10.043593 2.484573 6.950285 2.548763 8.116387 
2.498394 3.618516 2.513245 3.237559 2.518037 3.591184 2.512771 2.657170 2.530412 8.251198 
2.507482 11.559202 2.495668 9.565240 2.496981 4.596920 2.436773 2.912838 2.474928 6.638663 
2.518647 2.617858 2.507205 11.486784 2.483598 3.770150 2.536389 7.660439 2.533203 5.154682 
2.504777 10.574364 2.449987 2.911558 2.482878 3.481018 2.491080 10.137059 2.541219 11.764776 
2.511547 6.624687 2.453724 6.828052 2.493376 4.073040 2.447995 7.025152 2.496062 6.595686 
2.516019 11.487848 2.505892 10.237341 2.493463 3.111950 2.479470 6.179249 2.517400 2.697017 
2.516444 2.851878 2.500000 8.483178 2.485383 3.327243 2.491305 3.053049 2.464277 3.215537 
2.479911 7.585066 2.483267 11.012585 2.503776 7.277897 2.500699 11.162394 2.517759 6.207700 
2.507276 4.700268 2.532453 5.678537 2.499713 2.882156 2.475397 11.824335 2.484300 10.555811 
2.510112 3.741423 2.512901 2.633403 2.467015 3.643026 2.524477 6.453138 2.458717 2.988215 
2.497770 10.398124 2.515762 3.501076 2.512610 3.199677 2.549285 10.024758 2.520221 2.258189 
2.497168 10.857381 2.528491 10.905898 2.508964 11.227724 2.512696 9.897901 2.487371 9.961613 
2.507449 11.208500 2.457217 3.317349 2.539201 11.311650 2.489294 10.878124 2.483514 10.052674 
2.484518 2.894205 2.478915 7.498157 2.504940 8.363093 2.524771 2.725376 2.532807 10.213064 
2.518646 4.305747 2.495402 2.582759 2.516028 8.880204 2.490421 10.805300 2.482056 3.325734 
2.534250 3.005116 2.467889 11.507446 2.514013 10.132264 2.470256 3.798473 2.486598 7.674303 
2.492785 3.146202 2.518880 6.748380 2.505833 11.136438 2.504104 6.811026 2.466258 5.614188 
2.471372 4.411268 2.571646 2.582528 2.481745 2.746771 2.464965 11.422048 2.539103 4.096817 
2.488401 7.557581 2.559238 11.625104 2.460094 2.630351 2.508285 7.487987 2.544739 6.756697 
2.490218 10.724301 2.447915 2.653424 2.462931 6.458984 2.479149 3.192466 2.465334 6.739574 
2.479663 10.332326 2.512656 2.575368 2.509256 11.979851 2.469966 8.237124 2.441632 4.539353 
2.446694 2.333783 2.460639 2.803644 2.461314 4.888889 2.574336 11.212101 2.513270 8.753374 
2.468435 7.627484 2.454439 3.223157 2.486640 6.236860 2.497406 2.749046 2.486151 11.697074 
2.555387 10.918504 2.473131 2.963498 2.526996 7.180228 2.522814 2.884284 2.537009 2.367174 
2.476196 7.662635 2.524692 5.006326 2.574187 11.496060 2.518810 11.282766 2.518921 2.788370 
2.482724 2.402063 2.478871 2.362789 2.478747 9.439473 2.479617 6.448049 2.564628 6.928163 
2.547049 2.963149 2.469701 7.395310 2.482412 7.512366 2.529313 9.394029 2.532565 11.326338 
2.458149 11.871305 2.516999 10.570399 2.465262 10.114930 2.494457 3.437731 2.502402 10.530673 
2.509497 2.810434 2.559077 10.808707 2.508633 11.200789 2.496300 3.975210 2.471633 11.824001 
2.508548 4.575665 2.488603 11.407345 2.485331 3.182250 2.458738 10.802659 2.532820 2.339489 
2.505718 11.597078 2.487421 10.457306 2.578399 7.203050 2.500127 7.897840 2.467853 6.225413 
2.564753 5.224522 2.451386 11.585839 2.473513 5.895353 2.480672 6.451256 2.483926 11.378368 
2.444312 9.499204 2.491382 2.760674 2.516972 11.682578 2.529037 2.243172 2.479846 4.919385 
2.546463 4.812982 2.507705 3.546813 2.475018 11.454938 2.468130 2.149428 2.485758 8.411744 
2.528511 2.159715 2.547914 4.848865 2.450502 11.279171 2.505412 10.220301 2.505412 2.518347 

Avg Classes:
2.501062 6.987991 2.500831 7.004122 2.500320 6.993248 2.501601 6.996249 2.500578 6.990609 
2.499498 7.005723 2.498374 7.006795 2.501292 7.002107 2.499690 7.004367 2.498954 6.983451 
2.499895 6.977804 2.500798 6.985700 2.497879 6.992608 2.496556 7.012830 2.497165 6.990719 
2.505279 7.053359 2.508546 7.025330 2.503622 7.027224 2.496757 7.017660 2.492969 7.021495 
2.515058 7.299356 2.473616 7.259717 2.514286 7.283912 2.472844 7.284170 2.470785 7.327413 
2.523547 7.069138 2.523547 7.098196 2.523547 7.013026 2.523547 6.972445 2.523547 6.891283 
2.484551 7.143258 2.502809 7.093399 2.549157 7.078652 2.497893 7.214185 2.465590 7.115169 
2.417391 6.704348 2.482609 6.821739 2.565217 6.452174 2.560870 6.960870 2.504348 6.700000 
2.416667 8.583333 2.416667 7.583333 2.416667 8.166667 2.416667 7.083333 2.416667 7.333333 
3.333333 7.666667 3.333333 7.666667 3.333333 12.000000 3.333333 8.000000 3.333333 11.666667 

Cluster 0 is class 8
Cluster 1 is class 0
Cluster 2 is class 9
Cluster 3 is class 0
Cluster 4 is class 0
Cluster 5 is class 0
Cluster 6 is class 0
Cluster 7 is class 0
Cluster 8 is class 0
Cluster 9 is class 6
Cluster 10 is class 0
Cluster 11 is class 8
Cluster 12 is class 9
Cluster 13 is class 9
Cluster 14 is class 8
Cluster 15 is class 4
Cluster 16 is class 7
Cluster 17 is class 0
Cluster 18 is class 0
Cluster 19 is class 0
Cluster 20 is class 4
Cluster 21 is class 0
Cluster 22 is class 8
Cluster 23 is class 8
Cluster 24 is class 0
Cluster 25 is class 8
Cluster 26 is class 8
Cluster 27 is class 0
Cluster 28 is class 5
Cluster 29 is class 7
Cluster 30 is class 0
Cluster 31 is class 0
Cluster 32 is class 5
Cluster 33 is class 0
Cluster 34 is class 0
Cluster 35 is class 0
Cluster 36 is class 7
Cluster 37 is class 0
Cluster 38 is class 9
Cluster 39 is class 9
Cluster 40 is class 0
Cluster 41 is class 0
Cluster 42 is class 0
Cluster 43 is class 0
Cluster 44 is class 7
Cluster 45 is class 0
Cluster 46 is class 0
Cluster 47 is class 0
Cluster 48 is class 7
Cluster 49 is class 0
Cluster 50 is class 0
Cluster 51 is class 0
Cluster 52 is class 0
Cluster 53 is class 0
Cluster 54 is class 8
Cluster 55 is class 9
Cluster 56 is class 0
Cluster 57 is class 8
Cluster 58 is class 0
Cluster 59 is class 0
Cluster 60 is class 0
Cluster 61 is class 0

Overall Accuracy is 0.298473

