----------------------------For Number of clusters 94----------------------------
Avg Clusters:
2.514625 3.655557 2.476359 3.381044 2.499222 7.045886 2.491655 8.232705 2.506574 2.711372 
2.507567 5.915512 2.560800 4.275326 2.518817 10.712438 2.513598 11.423775 2.477008 2.929603 
2.456164 10.872390 2.470936 8.733231 2.507940 10.103311 2.510538 9.722500 2.495814 6.853912 
2.484359 4.355205 2.539606 3.419599 2.498689 2.777182 2.483688 11.403927 2.512165 3.852491 
2.483670 2.934722 2.503624 9.932146 2.498734 4.232818 2.498384 10.518295 2.497336 10.920618 
2.504015 3.712982 2.494539 10.312802 2.486210 11.082789 2.501621 2.657274 2.512144 4.093362 
2.505809 10.882288 2.505809 3.049958 2.472645 2.736639 2.502957 4.387886 2.501531 10.020649 
2.513250 2.889440 2.505329 3.997663 2.543626 3.709181 2.504417 6.908588 2.521229 10.945803 
2.503850 9.835883 2.463296 3.758624 2.474230 3.409600 2.505133 10.796509 2.539990 11.209035 
2.499955 9.991032 2.497680 11.307174 2.493888 8.640136 2.506157 4.861872 2.488534 10.415856 
2.494669 5.619765 2.523194 10.863691 2.519182 3.186600 2.506431 3.331538 2.462625 5.817028 
2.497546 4.046468 2.510403 11.002241 2.513338 10.501120 2.497759 10.914106 2.514885 7.649701 
2.510544 4.592771 2.506235 11.095731 2.496064 10.282193 2.499684 2.922542 2.483193 10.788312 
2.543307 9.978498 2.514082 10.865385 2.516051 10.923228 2.511281 10.626363 2.495382 11.096608 
2.498956 2.939297 2.571142 10.316123 2.496146 10.731893 2.504095 8.149189 2.494781 11.589610 
2.510686 10.948416 2.482046 10.770395 2.490182 4.665980 2.501736 11.202050 2.495010 3.748698 
2.539368 3.874821 2.485139 6.953987 2.466633 2.759431 2.523364 2.665905 2.490069 10.136753 
2.486644 10.867503 2.534624 11.159409 2.507409 10.367957 2.522427 3.982260 2.505997 3.569499 
2.487444 6.490928 2.522209 10.916679 2.503339 8.493250 2.474379 8.890986 2.558499 3.064813 
2.507396 2.380057 2.510604 11.010159 2.526377 6.259579 2.564516 3.688826 2.474871 7.838442 
2.505434 2.553514 2.491439 9.796810 2.512392 3.124775 2.517551 10.818310 2.488156 5.101478 
2.531369 10.298764 2.479373 11.129087 2.532605 11.374144 2.507700 10.894677 2.471673 3.121008 
2.475449 10.530413 2.476631 2.629235 2.544501 10.080261 2.500283 3.666461 2.519101 3.560594 
2.460301 8.185769 2.494112 3.458338 2.500897 11.109734 2.492767 2.920489 2.499495 10.518896 
2.490734 2.888478 2.498834 2.424248 2.486846 10.557867 2.445179 4.265617 2.495723 10.115604 
2.481822 4.837679 2.483382 2.369905 2.512853 4.064451 2.499266 2.406261 2.502387 10.505876 
2.527977 11.244609 2.491050 4.203242 2.513601 3.368499 2.475476 2.691402 2.454898 3.854264 
2.540291 2.829787 2.456628 10.299316 2.482815 11.340618 2.472321 10.561567 2.496967 2.626745 
2.525062 11.061481 2.527367 8.845957 2.468705 11.289813 2.472206 2.964905 2.505935 10.571172 
2.512421 3.978198 2.457056 3.502775 2.479783 10.616279 2.523520 2.861324 2.495970 3.047635 
2.511927 2.977611 2.462672 8.879183 2.492714 3.572417 2.501343 3.461532 2.475942 2.407230 
2.492302 10.672153 2.519976 7.955402 2.519512 3.868596 2.498805 3.111694 2.520109 10.836607 
2.474224 4.298669 2.491572 11.534253 2.513455 3.017841 2.523805 3.758206 2.511286 11.590143 
2.493211 4.399602 2.519819 5.451927 2.498560 10.349746 2.476478 11.555479 2.492251 10.917638 
2.523557 3.964779 2.483121 2.014454 2.495929 8.481566 2.569573 11.004208 2.463178 10.531424 
2.521519 10.855437 2.452840 10.465693 2.507887 3.135540 2.499059 10.701785 2.523726 10.784615 
2.475751 2.897650 2.488942 5.128136 2.483388 8.337102 2.552018 3.215710 2.480016 6.817614 
2.461833 10.923666 2.517245 5.983946 2.505023 10.685034 2.501813 10.283169 2.533092 2.430761 
2.525352 11.353797 2.502531 3.055123 2.534753 7.526718 2.493371 8.240980 2.482925 9.853757 
2.450559 8.159179 2.472163 7.346303 2.457545 7.582975 2.520421 3.631664 2.535361 6.321152 
2.556506 6.674021 2.538721 6.619428 2.506979 11.608397 2.527578 6.619766 2.515984 7.070014 
2.527395 10.075759 2.505637 2.496492 2.517856 6.136855 2.514860 10.352700 2.505321 3.393378 
2.535071 3.331762 2.498383 3.845578 2.474540 2.803068 2.489973 11.619813 2.504852 10.445892 
2.545979 11.419798 2.499790 7.817237 2.534432 6.155364 2.497061 5.935440 2.520575 2.575478 
2.489798 11.080254 2.513262 2.338925 2.490138 11.586942 2.478123 9.485037 2.512015 4.282249 
2.450560 6.875831 2.437667 8.205197 2.537935 3.863533 2.476148 11.209561 2.492909 2.652088 
2.557421 11.308661 2.434472 11.316864 2.492465 4.421595 2.444964 2.749332 2.537295 6.087753 
2.486405 10.478352 2.483999 3.060238 2.495712 11.046957 2.498640 11.763752 2.523321 9.050512 
2.545939 8.251709 2.499180 3.697566 2.482909 11.380640 2.472108 9.250752 2.537599 11.851107 
2.457697 2.562702 2.503623 5.980493 2.524691 9.910155 2.436406 11.275666 2.540519 6.136663 
2.502571 11.782391 2.527530 5.919980 2.477110 10.705757 2.525398 2.974539 2.460931 6.658849 
2.473565 9.379741 2.509884 4.012106 2.470065 2.237397 2.493237 7.505817 2.513289 3.184905 
2.467289 11.172330 2.498935 3.874227 2.527944 2.780201 2.469317 11.158434 2.470839 6.611421 
2.517603 2.488289 2.436988 3.088950 2.452795 6.443023 2.552091 10.485846 2.506682 6.486995 
2.527046 7.000762 2.455280 8.255980 2.555691 11.428920 2.503276 5.815633 2.538626 2.232820 
2.568368 7.185508 2.488157 10.178295 2.490741 2.909453 2.461348 7.587425 2.454134 10.791021 
2.461442 2.850686 2.449886 5.384096 2.486384 2.490618 2.499199 6.939817 2.488787 3.762357 
2.480301 2.471135 2.512996 10.372640 2.492476 10.674692 2.474555 6.519699 2.451710 6.282763 
2.462576 10.523647 2.488993 11.922738 2.498793 2.861951 2.513563 3.168016 2.486863 11.082659 
2.490376 5.892699 2.497345 2.492699 2.475996 3.586283 2.478982 3.162942 2.534624 3.388827 
2.485811 11.129201 2.533019 6.958023 2.496273 7.679744 2.508565 10.823722 2.449196 11.335033 
2.457692 5.068935 2.482840 2.448964 2.474704 2.715533 2.519231 7.177219 2.431213 7.594083 
2.513675 8.272127 2.530731 2.555778 2.469422 6.907191 2.482944 2.935157 2.480332 7.554856 
2.518384 11.412394 2.526843 5.675643 2.502848 2.631452 2.530986 11.356983 2.517176 2.371483 
2.534394 1.912290 2.557560 3.040495 2.518479 4.033068 2.476923 2.685588 2.474271 4.074624 
2.479835 6.918696 2.544775 7.739724 2.466435 3.311300 2.478933 11.027703 2.450715 7.837907 
2.490663 2.855334 2.446406 2.223331 2.477999 11.801740 2.514965 9.238168 2.516372 5.575979 
2.506820 6.298238 2.478119 6.588377 2.493038 8.285166 2.476130 5.735720 2.509093 11.682722 
2.473046 10.582824 2.480434 10.685213 2.453076 2.644811 2.542422 3.503752 2.476394 2.265151 
2.492008 11.450907 2.486635 3.226864 2.528677 7.277636 2.502888 2.696038 2.514842 11.417730 
2.457068 7.397839 2.541628 3.138015 2.608121 6.588378 2.417582 11.049357 2.473086 7.677221 
2.463964 11.281314 2.577739 8.227405 2.541267 2.534583 2.497094 6.725661 2.548968 6.522523 
2.557264 11.789684 2.464841 3.362646 2.494314 11.723691 2.539484 6.640718 2.462758 10.662021 
2.486124 6.677785 2.532117 11.209121 2.505798 7.023844 2.484169 10.963257 2.499805 10.677785 
2.517694 7.111011 2.503144 2.246632 2.474403 10.755703 2.407041 6.559907 2.494701 5.296389 
2.481767 9.310851 2.506226 11.707975 2.523866 2.920546 2.479543 7.770679 2.478654 2.671064 
2.466721 11.460854 2.518309 2.216265 2.432733 5.275946 2.593769 6.274125 2.457819 3.367591 
2.506452 2.748038 2.494080 6.947852 2.517361 11.242783 2.535985 2.629639 2.484768 10.742450 
2.498192 10.907776 2.498192 11.741591 2.469982 4.109584 2.536347 7.767089 2.468897 7.602170 
2.459798 10.265928 2.521265 6.698925 2.480180 11.126464 2.439737 2.527684 2.497352 2.349543 
2.489474 2.634120 2.540472 7.327405 2.518875 6.564610 2.466243 3.110526 2.549365 11.587477 
2.475634 2.271362 2.496829 5.234813 2.563752 11.134513 2.547397 8.082610 2.448264 10.437917 
2.513596 11.685642 2.496315 4.702160 2.414740 7.482846 2.542821 11.671665 2.460737 3.437103 
2.517617 7.898852 2.537807 6.878068 2.542953 6.027712 2.462985 2.573436 2.442795 2.331354 
2.524431 2.594293 2.511105 10.799165 2.495221 6.306636 2.523220 11.104186 2.502625 2.766860 
2.484612 8.235950 2.574487 5.528769 2.495317 2.838314 2.475691 5.596120 2.493979 8.800401 
2.469830 6.414819 2.458656 12.068936 2.483411 2.850954 2.520028 10.747464 2.555441 6.679732 
2.531042 3.854958 2.461580 11.569552 2.455102 2.405615 2.472917 8.419471 2.554076 2.380781 
2.558025 2.335273 2.567196 5.884656 2.493122 11.152910 2.464021 7.120106 2.479012 2.351852 
2.495351 7.167127 2.561448 6.802212 2.563961 1.983413 2.578789 2.693642 2.471475 3.760995 
2.568328 6.489471 2.495058 2.265578 2.552428 6.500645 2.478513 6.834981 2.558659 11.460249 
2.554562 2.395345 2.505144 10.809917 2.514421 2.865745 2.527070 6.736718 2.590825 8.047057 
2.487107 6.298484 2.485388 11.608376 2.473199 7.564932 2.527895 2.775121 2.492733 2.678856 
2.431696 2.417980 2.531974 10.759222 2.476552 7.526413 2.525672 5.949212 2.488786 2.597961 

Avg Classes:
2.501062 6.987991 2.500831 7.004122 2.500320 6.993248 2.501601 6.996249 2.500578 6.990609 
2.499498 7.005723 2.498374 7.006795 2.501292 7.002107 2.499690 7.004367 2.498954 6.983451 
2.499895 6.977804 2.500798 6.985700 2.497879 6.992608 2.496556 7.012830 2.497165 6.990719 
2.505279 7.053359 2.508546 7.025330 2.503622 7.027224 2.496757 7.017660 2.492969 7.021495 
2.515058 7.299356 2.473616 7.259717 2.514286 7.283912 2.472844 7.284170 2.470785 7.327413 
2.523547 7.069138 2.523547 7.098196 2.523547 7.013026 2.523547 6.972445 2.523547 6.891283 
2.484551 7.143258 2.502809 7.093399 2.549157 7.078652 2.497893 7.214185 2.465590 7.115169 
2.417391 6.704348 2.482609 6.821739 2.565217 6.452174 2.560870 6.960870 2.504348 6.700000 
2.416667 8.583333 2.416667 7.583333 2.416667 8.166667 2.416667 7.083333 2.416667 7.333333 
3.333333 7.666667 3.333333 7.666667 3.333333 12.000000 3.333333 8.000000 3.333333 11.666667 

Cluster 0 is class 0
Cluster 1 is class 0
Cluster 2 is class 8
Cluster 3 is class 7
Cluster 4 is class 0
Cluster 5 is class 0
Cluster 6 is class 7
Cluster 7 is class 7
Cluster 8 is class 0
Cluster 9 is class 8
Cluster 10 is class 0
Cluster 11 is class 4
Cluster 12 is class 4
Cluster 13 is class 9
Cluster 14 is class 9
Cluster 15 is class 0
Cluster 16 is class 0
Cluster 17 is class 8
Cluster 18 is class 5
Cluster 19 is class 7
Cluster 20 is class 0
Cluster 21 is class 8
Cluster 22 is class 1
Cluster 23 is class 0
Cluster 24 is class 0
Cluster 25 is class 0
Cluster 26 is class 7
Cluster 27 is class 0
Cluster 28 is class 8
Cluster 29 is class 0
Cluster 30 is class 7
Cluster 31 is class 0
Cluster 32 is class 0
Cluster 33 is class 9
Cluster 34 is class 6
Cluster 35 is class 4
Cluster 36 is class 7
Cluster 37 is class 8
Cluster 38 is class 0
Cluster 39 is class 0
Cluster 40 is class 0
Cluster 41 is class 0
Cluster 42 is class 0
Cluster 43 is class 0
Cluster 44 is class 8
Cluster 45 is class 0
Cluster 46 is class 0
Cluster 47 is class 8
Cluster 48 is class 9
Cluster 49 is class 0
Cluster 50 is class 8
Cluster 51 is class 7
Cluster 52 is class 0
Cluster 53 is class 0
Cluster 54 is class 0
Cluster 55 is class 0
Cluster 56 is class 7
Cluster 57 is class 0
Cluster 58 is class 8
Cluster 59 is class 0
Cluster 60 is class 4
Cluster 61 is class 0
Cluster 62 is class 0
Cluster 63 is class 0
Cluster 64 is class 0
Cluster 65 is class 0
Cluster 66 is class 0
Cluster 67 is class 4
Cluster 68 is class 0
Cluster 69 is class 8
Cluster 70 is class 0
Cluster 71 is class 0
Cluster 72 is class 9
Cluster 73 is class 0
Cluster 74 is class 0
Cluster 75 is class 0
Cluster 76 is class 0
Cluster 77 is class 9
Cluster 78 is class 0
Cluster 79 is class 8
Cluster 80 is class 0
Cluster 81 is class 9
Cluster 82 is class 0
Cluster 83 is class 0
Cluster 84 is class 0
Cluster 85 is class 7
Cluster 86 is class 0
Cluster 87 is class 0
Cluster 88 is class 0
Cluster 89 is class 7
Cluster 90 is class 0
Cluster 91 is class 0
Cluster 92 is class 0
Cluster 93 is class 0

Overall Accuracy is 0.299842

