----------------------------For Number of clusters 93----------------------------
Avg Clusters:
2.505490 3.620516 2.511164 10.696056 2.508098 3.029237 2.501464 6.859718 2.514733 10.317396 
2.522081 3.007237 2.525671 4.586415 2.531027 3.299960 2.477862 2.928144 2.457633 4.103197 
2.497749 4.702518 2.518676 3.246475 2.521051 3.020828 2.475783 7.384456 2.472963 11.027260 
2.512000 11.256275 2.481862 2.901103 2.474178 3.373933 2.491692 5.292051 2.512200 9.148795 
2.500540 10.223735 2.493945 10.712242 2.508871 9.947701 2.507598 10.195426 2.491824 10.393744 
2.498350 3.262224 2.493851 7.377112 2.483602 10.719928 2.539246 3.201380 2.504500 10.159134 
2.525327 3.131999 2.503870 10.713104 2.472485 3.215906 2.488070 10.540699 2.508780 3.599680 
2.493828 7.560766 2.542251 11.223125 2.506488 10.910170 2.519359 4.401677 2.544150 3.079228 
2.485317 3.544368 2.533907 3.064468 2.493495 3.701290 2.508629 10.761670 2.545112 3.566831 
2.502359 10.498847 2.540937 3.093406 2.507129 11.103260 2.488364 10.232834 2.509120 3.722350 
2.509708 3.398421 2.555991 10.396335 2.500323 10.735462 2.497989 10.040771 2.521776 10.697721 
2.523106 9.973143 2.471969 10.704117 2.500315 3.262899 2.480101 10.677260 2.488118 10.935864 
2.507124 10.638037 2.480850 3.610908 2.479881 4.075858 2.497834 10.966488 2.521714 11.056993 
2.491217 10.748001 2.475115 10.931427 2.488402 10.278009 2.512442 10.806666 2.494201 4.012048 
2.526496 11.219987 2.523945 10.428238 2.514105 6.009184 2.512501 7.411254 2.484146 3.212406 
2.531763 3.007678 2.459640 3.500919 2.507022 5.721355 2.520672 11.339546 2.516472 10.611104 
2.520719 10.019200 2.479038 7.518654 2.553287 11.436140 2.493863 9.012274 2.511484 2.563616 
2.485016 8.613456 2.458400 3.495134 2.502997 6.987820 2.516401 2.884965 2.532835 11.021074 
2.491547 3.584366 2.537997 9.212687 2.470697 2.790050 2.502657 11.559411 2.504669 10.547013 
2.513381 9.650653 2.519104 10.313226 2.443643 10.959468 2.507957 3.310604 2.499970 11.082732 
2.509007 2.523715 2.498518 10.817182 2.472580 10.189602 2.519952 3.268955 2.468761 4.375442 
2.481975 5.139839 2.518944 10.757463 2.493571 3.030425 2.544661 3.216533 2.451780 3.658840 
2.517364 10.822032 2.496033 3.235624 2.517982 4.982018 2.495260 3.100629 2.464911 3.285140 
2.475273 8.560994 2.493089 3.127061 2.517753 10.892468 2.485227 4.005262 2.512110 2.527517 
2.478468 3.285024 2.503625 2.726191 2.504802 10.989281 2.499225 6.530702 2.498730 9.647996 
2.467290 10.859008 2.535176 7.641645 2.527270 2.436466 2.481941 4.324558 2.468523 4.384682 
2.530132 2.907118 2.469238 5.466718 2.491846 10.716735 2.510324 3.906908 2.522573 2.705537 
2.530965 3.218409 2.490513 2.929189 2.508195 10.440210 2.481389 8.023738 2.489059 3.629471 
2.508533 11.491935 2.513598 7.590353 2.513987 7.463960 2.473077 3.927609 2.457492 8.849451 
2.499756 5.824059 2.478729 2.726161 2.466797 9.772812 2.509633 2.536919 2.498778 5.927237 
2.528424 11.181444 2.492813 8.910045 2.457849 3.114906 2.542878 10.254603 2.517119 6.932332 
2.507347 7.571152 2.494741 4.994973 2.492343 11.073318 2.480356 11.373782 2.501315 9.308043 
2.511356 7.864081 2.502708 2.857180 2.558263 5.963487 2.465147 9.463662 2.460517 5.824948 
2.492574 11.013807 2.514591 3.474364 2.496903 3.063139 2.567505 9.679528 2.526233 2.504366 
2.488581 2.691734 2.494733 7.808997 2.516571 8.479585 2.516109 11.164091 2.473049 4.364398 
2.491166 2.239060 2.526094 3.390595 2.502310 8.137266 2.456102 2.747486 2.489127 7.395760 
2.520376 2.458109 2.495242 4.449007 2.530099 11.139946 2.511274 11.249793 2.456144 10.465867 
2.518950 3.193977 2.496462 6.594983 2.485925 3.089322 2.519028 2.692876 2.500629 10.981050 
2.524680 10.584231 2.451615 11.631206 2.503794 3.307942 2.460938 3.570499 2.489774 8.406880 
2.517613 11.241683 2.476272 5.044765 2.447896 6.927226 2.515166 11.700098 2.506238 3.004036 
2.538758 11.297775 2.508164 3.410551 2.522878 9.591513 2.547192 7.699892 2.500269 11.438094 
2.482283 11.036598 2.460732 10.631007 2.489661 7.624794 2.461994 2.347248 2.532570 3.671877 
2.477323 3.188635 2.452576 11.539671 2.534360 6.359002 2.485502 10.764737 2.502708 9.608710 
2.473247 11.517868 2.506932 3.302285 2.490822 10.923648 2.525776 2.821422 2.487502 6.654657 
2.510182 2.730369 2.455225 11.174833 2.561672 5.222054 2.543264 2.752245 2.492397 8.320765 
2.485611 5.612502 2.530986 2.937893 2.501272 11.261411 2.460179 2.534868 2.474501 11.438763 
2.539884 6.633085 2.566956 10.562306 2.480161 7.470655 2.488737 6.907006 2.500310 7.049804 
2.465063 10.495612 2.532771 10.883620 2.537216 5.638208 2.543486 3.486265 2.487746 11.942551 
2.518455 11.657922 2.465463 3.588716 2.532296 10.663723 2.506327 11.670446 2.504746 10.222515 
2.482410 9.476270 2.459255 11.485736 2.511833 2.333120 2.466419 7.412307 2.469106 2.884994 
2.563877 3.277738 2.529147 11.850118 2.498617 10.364512 2.520336 10.895093 2.506198 5.005942 
2.513430 2.771348 2.513297 6.171054 2.487505 6.558199 2.505279 7.359348 2.535080 7.484832 
2.466181 10.285538 2.482953 3.743332 2.539731 2.305884 2.425488 11.531619 2.474155 6.237421 
2.490549 3.024898 2.509553 11.680691 2.530285 10.570732 2.446748 3.940346 2.472154 10.962398 
2.495922 6.066720 2.510362 3.035433 2.497928 8.321701 2.524268 11.244685 2.451665 2.215002 
2.455120 3.261642 2.468488 2.636844 2.484942 10.697223 2.471133 11.582636 2.532834 6.013369 
2.455975 6.968553 2.443938 7.663305 2.540664 2.986879 2.486879 10.813381 2.468879 2.940577 
2.493062 7.362240 2.533944 6.999257 2.475223 3.916625 2.468285 3.170714 2.550421 7.961967 
2.512288 2.867161 2.593008 4.575636 2.469280 11.741314 2.531992 11.359958 2.514619 2.127119 
2.507643 10.410996 2.500986 8.528107 2.537106 2.621179 2.490015 6.589990 2.557199 11.646943 
2.492157 10.385680 2.460602 11.421295 2.471305 3.012179 2.508396 2.355785 2.547333 2.612475 
2.483917 4.603514 2.486042 6.912144 2.533796 7.601672 2.458977 6.898540 2.483492 11.967692 
2.450366 11.859427 2.516822 3.097768 2.458861 7.316789 2.541306 9.552965 2.471686 6.812791 
2.433614 10.965305 2.537399 6.138180 2.485882 8.228297 2.490838 5.855963 2.504205 2.809703 
2.431433 2.862329 2.426862 6.855472 2.438290 2.415165 2.539930 7.051358 2.505512 4.805593 
2.500682 4.682215 2.488271 8.496863 2.518003 11.942171 2.485679 8.278505 2.500818 6.115248 
2.507170 10.981400 2.500781 7.367315 2.511998 11.648445 2.500781 6.747125 2.521795 7.470396 
2.430482 4.834912 2.491362 10.586375 2.486069 7.282112 2.475759 6.969211 2.551128 2.185149 
2.577312 7.141833 2.485943 7.913129 2.500562 11.032612 2.486505 2.380517 2.473433 6.079280 
2.502104 6.637880 2.476072 10.961496 2.453624 2.404209 2.531411 2.591270 2.510366 11.386594 
2.506907 6.487633 2.580469 2.146322 2.499197 9.541600 2.510601 10.296499 2.547061 11.636524 
2.476114 7.964706 2.455258 5.567201 2.424599 11.533333 2.525134 6.284135 2.521569 11.260606 
2.507165 11.186290 2.519131 10.767913 2.473630 3.147141 2.500517 11.798789 2.535677 2.696706 
2.490028 3.624196 2.432998 10.856601 2.501236 11.750124 2.431020 9.720290 2.476347 1.877205 
2.455260 7.550558 2.476175 11.789275 2.503696 3.647114 2.526341 11.174870 2.534833 6.379777 
2.517494 3.305958 2.493486 2.583224 2.459962 5.952276 2.526863 5.745718 2.491582 2.507539 
2.518902 6.561473 2.511506 6.842045 2.524984 6.396285 2.465483 2.577087 2.455950 2.438856 
2.536823 5.317723 2.544904 11.136088 2.456198 7.075115 2.544353 2.803857 2.420202 11.427732 
2.498484 11.165295 2.524325 5.692363 2.487657 2.612675 2.530388 2.191280 2.533420 11.014869 
2.476505 2.702687 2.481822 2.285530 2.485702 5.734014 2.539014 3.237822 2.518465 11.221871 
2.504869 7.303482 2.498820 7.503836 2.522278 6.399380 2.500590 11.203010 2.426822 10.814990 
2.486820 6.589493 2.452535 10.987097 2.551521 7.318894 2.506175 11.759631 2.546912 2.466544 
2.507440 1.779374 2.504019 11.056439 2.551223 4.940824 2.480246 5.499743 2.511373 2.918078 
2.498400 6.976770 2.497148 2.995131 2.464181 2.291696 2.487550 5.643344 2.531367 3.107664 
2.512488 9.553377 2.454764 2.223127 2.529325 11.387049 2.422572 6.782609 2.506568 7.296577 
2.470453 5.901293 2.505647 3.016042 2.440334 2.173187 2.464397 11.362580 2.498936 8.885088 
2.490991 6.325984 2.425083 6.962541 2.586297 11.062826 2.485301 10.937174 2.554054 2.619488 
2.491700 2.245547 2.489879 5.904858 2.527126 2.619028 2.475101 11.437652 2.469231 7.170445 
2.493729 11.574798 2.496268 8.221708 2.476262 11.663780 2.522544 2.768289 2.507316 2.878770 
2.443483 8.147642 2.507675 7.142060 2.500140 7.130896 2.491767 11.311750 2.442367 5.065867 
2.473225 11.223368 2.493414 11.824313 2.551833 10.931558 2.505871 3.817583 2.492554 7.273625 
2.485390 6.478267 2.520279 2.356883 2.510539 2.547754 2.479285 2.690362 2.489606 8.409507 
2.447715 11.355126 2.503508 3.294369 2.538935 11.257402 2.457813 2.741913 2.483313 11.535855 

Avg Classes:
2.501062 6.987991 2.500831 7.004122 2.500320 6.993248 2.501601 6.996249 2.500578 6.990609 
2.499498 7.005723 2.498374 7.006795 2.501292 7.002107 2.499690 7.004367 2.498954 6.983451 
2.499895 6.977804 2.500798 6.985700 2.497879 6.992608 2.496556 7.012830 2.497165 6.990719 
2.505279 7.053359 2.508546 7.025330 2.503622 7.027224 2.496757 7.017660 2.492969 7.021495 
2.515058 7.299356 2.473616 7.259717 2.514286 7.283912 2.472844 7.284170 2.470785 7.327413 
2.523547 7.069138 2.523547 7.098196 2.523547 7.013026 2.523547 6.972445 2.523547 6.891283 
2.484551 7.143258 2.502809 7.093399 2.549157 7.078652 2.497893 7.214185 2.465590 7.115169 
2.417391 6.704348 2.482609 6.821739 2.565217 6.452174 2.560870 6.960870 2.504348 6.700000 
2.416667 8.583333 2.416667 7.583333 2.416667 8.166667 2.416667 7.083333 2.416667 7.333333 
3.333333 7.666667 3.333333 7.666667 3.333333 12.000000 3.333333 8.000000 3.333333 11.666667 

Cluster 0 is class 0
Cluster 1 is class 0
Cluster 2 is class 7
Cluster 3 is class 0
Cluster 4 is class 8
Cluster 5 is class 0
Cluster 6 is class 7
Cluster 7 is class 8
Cluster 8 is class 2
Cluster 9 is class 4
Cluster 10 is class 9
Cluster 11 is class 4
Cluster 12 is class 4
Cluster 13 is class 8
Cluster 14 is class 0
Cluster 15 is class 0
Cluster 16 is class 8
Cluster 17 is class 0
Cluster 18 is class 0
Cluster 19 is class 8
Cluster 20 is class 0
Cluster 21 is class 0
Cluster 22 is class 0
Cluster 23 is class 0
Cluster 24 is class 0
Cluster 25 is class 5
Cluster 26 is class 0
Cluster 27 is class 0
Cluster 28 is class 8
Cluster 29 is class 0
Cluster 30 is class 0
Cluster 31 is class 9
Cluster 32 is class 7
Cluster 33 is class 0
Cluster 34 is class 0
Cluster 35 is class 0
Cluster 36 is class 9
Cluster 37 is class 7
Cluster 38 is class 0
Cluster 39 is class 0
Cluster 40 is class 8
Cluster 41 is class 0
Cluster 42 is class 0
Cluster 43 is class 8
Cluster 44 is class 0
Cluster 45 is class 9
Cluster 46 is class 0
Cluster 47 is class 4
Cluster 48 is class 8
Cluster 49 is class 5
Cluster 50 is class 0
Cluster 51 is class 0
Cluster 52 is class 6
Cluster 53 is class 9
Cluster 54 is class 0
Cluster 55 is class 0
Cluster 56 is class 0
Cluster 57 is class 7
Cluster 58 is class 0
Cluster 59 is class 0
Cluster 60 is class 0
Cluster 61 is class 0
Cluster 62 is class 0
Cluster 63 is class 5
Cluster 64 is class 7
Cluster 65 is class 0
Cluster 66 is class 8
Cluster 67 is class 0
Cluster 68 is class 8
Cluster 69 is class 0
Cluster 70 is class 9
Cluster 71 is class 9
Cluster 72 is class 0
Cluster 73 is class 0
Cluster 74 is class 0
Cluster 75 is class 7
Cluster 76 is class 0
Cluster 77 is class 0
Cluster 78 is class 0
Cluster 79 is class 0
Cluster 80 is class 0
Cluster 81 is class 0
Cluster 82 is class 7
Cluster 83 is class 7
Cluster 84 is class 0
Cluster 85 is class 0
Cluster 86 is class 0
Cluster 87 is class 0
Cluster 88 is class 8
Cluster 89 is class 0
Cluster 90 is class 8
Cluster 91 is class 0
Cluster 92 is class 8

Overall Accuracy is 0.289838

