----------------------------For Number of clusters 16----------------------------
Number of Iterations for Kmeans: 29
Avg Clusters:
2.440252 3.647799 2.396226 7.610063 2.490566 3.993711 2.572327 3.572327 2.635220 9.761006 
2.531532 10.513514 2.450450 4.090090 2.540541 2.747748 2.540541 3.837838 2.459459 7.837838 
2.638889 9.842593 2.481481 10.009259 2.398148 4.620370 2.564815 9.907407 2.481481 9.462963 
2.567308 8.057692 2.490385 10.500000 2.442308 5.750000 2.307692 3.961538 2.307692 2.884615 
2.427481 9.938931 2.549618 4.351145 2.503817 10.015267 2.503817 10.732824 2.664122 6.000000 
2.369369 3.603604 2.747748 9.621622 2.639640 5.198198 2.495495 10.414414 2.459459 4.630631 
2.408163 4.010204 2.306122 3.551020 2.663265 10.693878 2.591837 4.153061 2.632653 4.775510 
2.513761 3.954128 2.486239 10.596330 2.541284 11.009174 2.605505 4.376147 2.743119 8.614679 
2.333333 10.426667 2.400000 10.560000 2.346667 9.200000 2.840000 4.000000 2.413333 10.120000 
2.433333 9.950000 2.200000 3.183333 2.416667 9.816667 2.183333 4.433333 2.366667 10.616667 
2.406593 4.538462 2.571429 3.780220 2.351648 4.395604 2.527473 10.351648 2.615385 10.659341 
2.612903 11.241935 2.483871 5.096774 2.403226 10.435484 2.774194 4.145161 2.451613 3.080645 
2.210526 3.824561 2.631579 3.192982 2.438596 3.982456 2.543860 7.280702 2.315789 3.280702 
2.552632 8.184211 2.434211 11.263158 2.460526 11.000000 2.486842 9.750000 2.750000 3.578947 
2.451220 3.060976 2.597561 6.170732 2.719512 10.463415 2.439024 10.719512 2.414634 9.487805 
2.515152 10.909091 2.181818 5.318182 2.500000 3.560606 2.333333 9.984848 2.530303 3.333333 

Avg Classes:
2.482072 7.045153 2.496680 6.972112 2.519256 7.025232 2.520584 6.966799 2.525896 6.812749 
2.442700 6.769231 2.466248 7.087912 2.472527 7.183673 2.525903 6.890110 2.554160 7.221350 
2.550725 8.000000 2.304348 6.318841 2.449275 6.739130 2.565217 6.898551 2.463768 6.869565 
2.413793 8.172414 2.482759 7.965517 2.724138 8.620690 2.620690 6.827586 2.758621 6.517241 
2.600000 7.200000 2.000000 8.400000 2.200000 7.800000 1.600000 6.000000 1.400000 5.000000 
2.000000 3.500000 2.000000 6.500000 2.000000 4.500000 2.000000 5.000000 2.000000 6.250000 
4.000000 8.000000 2.500000 7.000000 2.500000 8.000000 3.500000 10.000000 1.500000 7.000000 
1.000000 2.000000 3.000000 2.000000 4.000000 2.000000 2.000000 2.000000 1.000000 8.000000 
-1.000000 -1.000000 -1.000000 -1.000000 -1.000000 -1.000000 -1.000000 -1.000000 -1.000000 -1.000000 
-1.000000 -1.000000 -1.000000 -1.000000 -1.000000 -1.000000 -1.000000 -1.000000 -1.000000 -1.000000 

Cluster 0 is class 5
Cluster 1 is class 2
Cluster 2 is class 6
Cluster 3 is class 4
Cluster 4 is class 6
Cluster 5 is class 0
Cluster 6 is class 0
Cluster 7 is class 0
Cluster 8 is class 3
Cluster 9 is class 2
Cluster 10 is class 1
Cluster 11 is class 2
Cluster 12 is class 5
Cluster 13 is class 3
Cluster 14 is class 1
Cluster 15 is class 2

Overall Accuracy is 0.185333

