----------------------------For Number of clusters 9----------------------------
Number of Iterations for Kmeans: 97
Avg Clusters:
2.473684 5.473684 2.562753 4.773279 2.473684 6.352227 2.595142 10.453441 2.510121 10.174089 
2.565022 10.618834 2.417040 5.515695 2.560538 10.224215 2.542601 6.704036 2.466368 4.210762 
2.413613 10.078534 2.392670 9.774869 2.513089 4.089005 2.471204 9.193717 2.523560 5.649215 
2.521978 3.593407 2.329670 9.780220 2.582418 4.934066 2.593407 3.500000 2.587912 6.879121 
2.514085 4.345070 2.654930 9.795775 2.598592 10.338028 2.415493 9.908451 2.450704 4.190141 
2.390000 4.250000 2.640000 3.810000 2.510000 3.960000 2.390000 8.150000 2.400000 3.420000 
2.377622 4.517483 2.286713 4.111888 2.482517 10.055944 2.468531 3.489510 2.706294 8.797203 
2.365517 7.979310 2.558621 10.917241 2.282759 10.082759 2.641379 4.834483 2.586207 10.158621 
2.511811 10.472441 2.488189 4.070866 2.440945 2.866142 2.480315 3.850394 2.559055 7.984252 

Avg Classes:
2.482072 7.045153 2.496680 6.972112 2.519256 7.025232 2.520584 6.966799 2.525896 6.812749 
2.442700 6.769231 2.466248 7.087912 2.472527 7.183673 2.525903 6.890110 2.554160 7.221350 
2.550725 8.000000 2.304348 6.318841 2.449275 6.739130 2.565217 6.898551 2.463768 6.869565 
2.413793 8.172414 2.482759 7.965517 2.724138 8.620690 2.620690 6.827586 2.758621 6.517241 
2.600000 7.200000 2.000000 8.400000 2.200000 7.800000 1.600000 6.000000 1.400000 5.000000 
2.000000 3.500000 2.000000 6.500000 2.000000 4.500000 2.000000 5.000000 2.000000 6.250000 
4.000000 8.000000 2.500000 7.000000 2.500000 8.000000 3.500000 10.000000 1.500000 7.000000 
1.000000 2.000000 3.000000 2.000000 4.000000 2.000000 2.000000 2.000000 1.000000 8.000000 
-1.000000 -1.000000 -1.000000 -1.000000 -1.000000 -1.000000 -1.000000 -1.000000 -1.000000 -1.000000 
-1.000000 -1.000000 -1.000000 -1.000000 -1.000000 -1.000000 -1.000000 -1.000000 -1.000000 -1.000000 

Cluster 0 is class 0
Cluster 1 is class 3
Cluster 2 is class 0
Cluster 3 is class 5
Cluster 4 is class 4
Cluster 5 is class 5
Cluster 6 is class 0
Cluster 7 is class 3
Cluster 8 is class 0

Overall Accuracy is 0.245333

