----------------------------For Number of clusters 40----------------------------
Number of Iterations for Kmeans: 19
Avg Clusters:
2.655738 3.540984 2.704918 10.295082 2.442623 10.868852 2.491803 8.426230 2.655738 9.721311 
2.517857 3.589286 2.607143 10.803571 2.839286 7.839286 2.696429 9.607143 2.250000 4.125000 
2.392405 4.126582 2.392405 4.113924 2.367089 4.417722 2.481013 2.936709 2.544304 9.873418 
2.309524 3.642857 2.690476 3.976190 2.500000 3.857143 2.380952 6.238095 2.309524 2.809524 
2.441860 10.767442 2.465116 10.069767 2.372093 9.883721 2.627907 9.813953 2.558140 9.883721 
2.460000 3.560000 2.160000 3.480000 2.460000 11.460000 2.740000 4.800000 2.620000 8.460000 
2.673469 10.285714 2.591837 9.612245 2.673469 2.836735 2.551020 7.612245 2.530612 10.877551 
2.836364 10.690909 2.381818 7.763636 2.727273 3.927273 2.272727 3.381818 2.472727 4.472727 
2.677419 11.016129 2.596774 4.887097 2.451613 10.741935 2.645161 4.741935 2.467742 3.435484 
2.577778 4.577778 2.866667 4.644444 2.644444 11.333333 2.200000 9.866667 2.666667 3.133333 
2.508772 10.666667 2.280702 5.192982 2.649123 9.859649 2.438596 10.982456 2.736842 4.070175 
2.596154 3.403846 2.192308 10.942308 2.519231 3.884615 2.596154 3.096154 2.596154 10.173077 
2.892857 5.071429 2.107143 2.678571 2.464286 10.285714 2.357143 2.678571 2.750000 2.535714 
2.297297 3.810811 2.621622 9.405405 2.567568 10.540541 2.756757 2.675676 2.729730 9.027027 
2.369565 10.847826 2.434783 3.521739 2.304348 2.347826 2.673913 4.413043 2.782609 9.739130 
2.861111 10.138889 2.583333 11.750000 2.361111 5.722222 2.333333 4.583333 2.388889 2.805556 
2.625000 10.925000 2.575000 11.000000 2.275000 11.550000 2.975000 5.050000 2.125000 5.800000 
2.241379 9.620690 2.344828 2.862069 2.551724 11.137931 2.517241 11.379310 2.517241 9.517241 
2.666667 9.911111 2.844444 4.488889 2.355556 4.488889 2.577778 10.933333 2.422222 10.511111 
2.416667 6.875000 2.708333 9.666667 2.583333 3.333333 2.291667 11.541667 2.375000 2.833333 
2.125000 6.906250 2.437500 11.312500 2.250000 11.656250 2.343750 10.000000 2.875000 3.250000 
2.250000 2.625000 2.593750 6.937500 2.187500 2.625000 2.656250 7.687500 2.750000 10.812500 
2.500000 11.264706 2.235294 6.941176 2.558824 2.852941 2.264706 10.088235 2.441176 3.205882 
2.125000 2.850000 2.500000 4.450000 2.900000 8.475000 2.275000 11.425000 2.550000 7.850000 
2.304348 2.043478 2.130435 3.956522 2.086957 4.173913 2.869565 10.652174 2.695652 11.695652 
2.406250 3.562500 2.593750 10.562500 2.468750 3.218750 2.531250 4.031250 2.531250 3.750000 
2.434783 10.391304 2.478261 3.804348 2.434783 10.391304 2.086957 4.282609 2.391304 11.065217 
2.259259 3.925926 2.148148 11.185185 2.629630 10.259259 2.370370 3.333333 2.407407 2.592593 
2.264706 9.882353 2.264706 10.676471 2.205882 7.235294 2.411765 3.058824 2.558824 11.176471 
2.714286 3.761905 2.904762 3.095238 3.142857 9.571429 2.619048 10.809524 2.000000 11.952381 
2.272727 2.954545 2.363636 7.909091 2.727273 8.909091 2.954545 3.227273 3.181818 4.136364 
2.137931 8.896552 2.206897 2.379310 2.931034 7.275862 2.655172 3.379310 2.206897 6.931034 
2.730769 5.230769 2.807692 9.115385 2.384615 6.230769 2.576923 11.423077 2.692308 10.000000 
2.236842 10.763158 2.263158 2.157895 2.105263 4.894737 2.763158 9.210526 2.421053 4.342105 
2.095238 6.380952 2.619048 10.619048 2.904762 2.333333 2.809524 8.857143 2.047619 6.190476 
2.333333 10.000000 2.333333 2.666667 2.266667 1.866667 2.333333 2.000000 2.066667 3.866667 
2.727273 2.318182 2.818182 7.500000 2.227273 3.045455 2.181818 11.681818 2.636364 5.363636 
2.136364 4.863636 2.272727 2.363636 2.545455 2.772727 2.409091 10.500000 2.500000 6.227273 
2.148148 11.000000 2.185185 11.481481 2.444444 7.333333 2.592593 11.703704 3.000000 5.185185 
2.476190 6.095238 2.333333 12.380952 2.476190 11.380952 2.857143 2.476190 2.619048 10.761905 

Avg Classes:
2.482072 7.045153 2.496680 6.972112 2.519256 7.025232 2.520584 6.966799 2.525896 6.812749 
2.442700 6.769231 2.466248 7.087912 2.472527 7.183673 2.525903 6.890110 2.554160 7.221350 
2.550725 8.000000 2.304348 6.318841 2.449275 6.739130 2.565217 6.898551 2.463768 6.869565 
2.413793 8.172414 2.482759 7.965517 2.724138 8.620690 2.620690 6.827586 2.758621 6.517241 
2.600000 7.200000 2.000000 8.400000 2.200000 7.800000 1.600000 6.000000 1.400000 5.000000 
2.000000 3.500000 2.000000 6.500000 2.000000 4.500000 2.000000 5.000000 2.000000 6.250000 
4.000000 8.000000 2.500000 7.000000 2.500000 8.000000 3.500000 10.000000 1.500000 7.000000 
1.000000 2.000000 3.000000 2.000000 4.000000 2.000000 2.000000 2.000000 1.000000 8.000000 
-1.000000 -1.000000 -1.000000 -1.000000 -1.000000 -1.000000 -1.000000 -1.000000 -1.000000 -1.000000 
-1.000000 -1.000000 -1.000000 -1.000000 -1.000000 -1.000000 -1.000000 -1.000000 -1.000000 -1.000000 

Cluster 0 is class 0
Cluster 1 is class 4
Cluster 2 is class 5
Cluster 3 is class 5
Cluster 4 is class 3
Cluster 5 is class 1
Cluster 6 is class 2
Cluster 7 is class 2
Cluster 8 is class 2
Cluster 9 is class 6
Cluster 10 is class 6
Cluster 11 is class 5
Cluster 12 is class 4
Cluster 13 is class 1
Cluster 14 is class 0
Cluster 15 is class 4
Cluster 16 is class 3
Cluster 17 is class 6
Cluster 18 is class 2
Cluster 19 is class 0
Cluster 20 is class 3
Cluster 21 is class 5
Cluster 22 is class 0
Cluster 23 is class 0
Cluster 24 is class 0
Cluster 25 is class 5
Cluster 26 is class 0
Cluster 27 is class 4
Cluster 28 is class 3
Cluster 29 is class 0
Cluster 30 is class 4
Cluster 31 is class 2
Cluster 32 is class 1
Cluster 33 is class 2
Cluster 34 is class 0
Cluster 35 is class 2
Cluster 36 is class 0
Cluster 37 is class 0
Cluster 38 is class 3
Cluster 39 is class 1

Overall Accuracy is 0.192000

