----------------------------For Number of clusters 89----------------------------
Number of Iterations for Kmeans: 20
Avg Clusters:
2.575000 2.725000 2.800000 10.000000 2.375000 10.575000 2.525000 9.175000 2.525000 10.425000 
2.222222 3.611111 2.750000 10.500000 2.666667 7.805556 2.583333 10.888889 2.361111 4.888889 
2.696970 3.272727 2.515152 3.666667 2.636364 3.060606 2.878788 2.727273 2.333333 8.787879 
2.208333 2.166667 2.958333 5.291667 2.500000 3.208333 2.000000 7.250000 2.625000 2.833333 
2.416667 8.500000 2.916667 10.583333 2.250000 10.666667 1.916667 11.083333 2.333333 11.166667 
2.414634 3.707317 2.317073 3.365854 2.439024 11.487805 2.731707 5.268293 2.560976 7.975610 
2.531250 10.156250 2.500000 9.812500 2.656250 2.593750 2.500000 7.531250 2.375000 11.468750 
3.066667 10.400000 2.300000 7.533333 2.900000 2.400000 2.266667 3.833333 2.633333 5.233333 
2.500000 10.722222 2.500000 4.472222 2.388889 11.916667 2.777778 3.472222 2.388889 3.277778 
3.100000 3.500000 2.500000 8.700000 2.600000 11.450000 1.700000 7.600000 3.000000 2.950000 
2.437500 10.968750 2.187500 5.312500 2.531250 10.718750 2.500000 11.031250 2.875000 3.375000 
2.642857 4.071429 2.119048 10.380952 2.428571 3.690476 2.500000 2.404762 2.380952 10.380952 
1.666667 3.600000 1.466667 4.533333 2.800000 6.533333 3.133333 6.000000 2.466667 6.000000 
2.600000 2.733333 2.700000 9.666667 2.700000 9.100000 2.700000 3.100000 2.866667 8.266667 
2.250000 9.406250 2.843750 3.906250 1.937500 2.843750 2.125000 2.656250 2.812500 10.500000 
2.518519 11.370370 2.777778 10.740741 2.555556 4.481481 2.555556 8.074074 2.555556 2.814815 
3.058824 11.235294 1.764706 12.000000 2.411765 9.235294 3.294118 9.882353 3.235294 7.470588 
2.764706 8.294118 2.647059 2.705882 2.294118 11.352941 2.823529 11.882353 2.882353 9.529412 
3.045455 9.954545 3.000000 4.181818 2.681818 3.363636 2.636364 8.045455 2.954545 11.727273 
2.421053 5.000000 2.947368 9.526316 2.210526 2.684211 2.105263 12.105263 2.105263 3.210526 
2.538462 7.653846 2.538462 8.538462 2.230769 12.038462 2.461538 7.230769 2.538462 6.384615 
2.040000 2.280000 2.640000 6.600000 2.320000 2.520000 2.680000 7.680000 2.640000 11.280000 
2.888889 11.833333 2.777778 5.388889 2.333333 6.222222 1.888889 10.000000 2.722222 4.333333 
1.958333 2.583333 2.541667 5.583333 2.416667 8.875000 2.125000 11.875000 2.458333 7.875000 
2.333333 2.476190 2.476190 3.238095 2.523810 5.190476 2.571429 10.285714 2.619048 11.619048 
2.375000 3.916667 2.458333 11.291667 2.666667 3.291667 2.125000 3.625000 2.708333 4.000000 
2.513514 9.972973 2.675676 3.135135 2.432432 9.756757 2.243243 5.027027 2.621622 11.000000 
1.750000 5.750000 2.083333 12.166667 2.500000 9.583333 3.166667 5.583333 2.083333 1.666667 
2.055556 7.888889 2.222222 12.111111 2.500000 9.333333 2.222222 4.777778 2.166667 6.888889 
2.473684 2.736842 2.263158 3.947368 3.263158 10.210526 2.368421 10.157895 1.894737 11.631579 
2.045455 2.772727 2.318182 10.590909 2.545455 10.454545 2.181818 2.545455 2.863636 3.590909 
2.181818 8.636364 2.181818 4.545455 2.818182 9.000000 2.272727 1.545455 3.000000 7.727273 
2.700000 6.650000 2.900000 7.150000 2.100000 6.500000 3.300000 10.900000 2.900000 9.950000 
2.518519 9.074074 2.592593 2.296296 2.407407 7.777778 2.555556 8.592593 2.518519 4.296296 
2.000000 4.666667 2.888889 6.888889 2.888889 1.555556 3.111111 8.888889 2.777778 5.777778 
3.111111 10.777778 2.888889 8.888889 3.000000 1.888889 2.444444 1.777778 2.111111 1.777778 
2.800000 2.933333 2.466667 7.866667 2.600000 3.600000 2.533333 11.866667 2.933333 7.266667 
2.076923 3.230769 2.307692 2.384615 2.538462 3.000000 2.692308 11.384615 2.307692 5.153846 
1.882353 10.705882 2.294118 11.058824 2.705882 6.352941 2.470588 12.058824 2.647059 5.705882 
2.217391 5.608696 2.304348 12.217391 2.391304 11.260870 2.869565 2.217391 2.652174 10.695652 
2.400000 6.300000 2.100000 1.900000 2.600000 7.100000 1.800000 2.300000 2.200000 8.600000 
2.909091 5.272727 3.090909 2.727273 2.090909 4.272727 3.272727 8.181818 1.909091 1.727273 
2.750000 11.583333 2.166667 12.333333 1.916667 10.666667 3.083333 3.916667 1.666667 3.083333 
2.538462 5.230769 2.769231 4.384615 2.384615 3.384615 2.230769 2.153846 1.769231 3.846154 
2.571429 8.142857 2.428571 8.928571 2.142857 2.000000 2.428571 8.071429 2.214286 2.500000 
2.000000 6.611111 2.500000 11.555556 2.777778 11.000000 2.611111 11.222222 2.944444 2.888889 
2.062500 11.625000 1.812500 1.625000 2.312500 3.250000 2.500000 3.125000 2.312500 4.687500 
1.923077 9.538462 1.923077 5.307692 2.692308 3.923077 2.153846 11.461538 2.615385 2.384615 
3.200000 5.866667 2.133333 1.733333 2.600000 10.333333 2.200000 5.466667 2.933333 1.666667 
2.153846 11.076923 2.384615 5.538462 1.846154 12.384615 2.461538 2.230769 1.769231 10.000000 
2.444444 8.333333 2.277778 2.722222 2.166667 3.388889 2.222222 11.444444 2.500000 8.333333 
3.111111 2.777778 2.222222 11.666667 2.777778 12.222222 3.111111 7.666667 2.888889 6.333333 
2.500000 12.437500 2.250000 7.000000 2.875000 7.937500 2.812500 8.687500 2.562500 9.250000 
2.241379 10.379310 2.379310 10.793103 2.275862 6.551724 2.586207 3.000000 2.758621 11.137931 
1.900000 7.700000 1.900000 2.500000 3.500000 11.100000 2.600000 11.800000 2.500000 4.900000 
1.636364 7.363636 1.727273 2.454545 3.090909 2.272727 2.181818 6.818182 1.818182 6.636364 
2.916667 4.833333 2.583333 5.583333 2.750000 11.833333 1.666667 11.916667 1.750000 2.833333 
2.500000 11.928571 1.785714 3.071429 2.500000 1.642857 2.785714 6.071429 3.214286 8.214286 
2.615385 2.153846 3.000000 10.692308 2.923077 6.000000 2.692308 7.615385 1.923077 2.538462 
2.100000 8.300000 2.700000 2.300000 2.500000 7.900000 2.400000 11.100000 1.800000 12.400000 
2.100000 11.800000 2.600000 6.100000 2.400000 12.400000 2.200000 11.500000 2.700000 8.600000 
2.454545 8.090909 2.545455 10.909091 3.363636 2.636364 2.909091 9.909091 2.181818 7.363636 
2.363636 11.909091 2.545455 7.454545 2.000000 7.090909 1.727273 2.272727 3.000000 3.000000 
3.000000 2.400000 1.800000 5.000000 1.000000 1.600000 3.600000 12.000000 2.400000 12.600000 
2.125000 12.000000 2.125000 2.375000 1.750000 2.000000 2.500000 10.500000 1.625000 2.625000 
3.666667 11.333333 3.333333 11.111111 3.111111 11.777778 3.000000 7.222222 2.666667 2.555556 
2.800000 9.200000 3.300000 12.300000 2.500000 4.700000 2.300000 2.700000 2.400000 3.800000 
2.625000 7.625000 3.000000 12.000000 2.500000 5.875000 1.750000 10.750000 2.375000 11.250000 
2.500000 3.285714 1.928571 3.500000 2.285714 10.071429 2.428571 1.642857 3.214286 2.642857 
2.090909 11.272727 2.636364 1.454545 3.272727 9.000000 3.000000 3.545455 1.818182 4.454545 
1.900000 3.350000 2.550000 4.300000 2.250000 6.600000 2.600000 3.150000 2.800000 11.600000 
2.437500 3.125000 1.812500 6.312500 2.562500 11.000000 2.937500 2.750000 3.062500 11.125000 
2.444444 4.888889 2.555556 8.333333 2.222222 7.000000 3.222222 2.777778 2.777778 2.777778 
2.625000 1.875000 3.375000 3.250000 3.000000 11.750000 3.125000 8.125000 3.125000 2.375000 
1.666667 6.000000 2.000000 12.666667 4.000000 6.000000 3.666667 2.000000 3.333333 8.666667 
2.400000 3.700000 2.800000 1.600000 3.200000 8.300000 2.900000 10.900000 2.600000 6.800000 
2.100000 10.500000 2.200000 11.700000 2.000000 10.800000 2.100000 11.200000 2.900000 2.700000 
2.333333 11.888889 3.444444 1.555556 2.444444 6.111111 2.111111 11.888889 2.000000 7.777778 
3.142857 2.857143 2.142857 11.714286 2.285714 3.714286 2.285714 9.285714 2.571429 12.142857 
3.083333 10.666667 1.916667 7.416667 2.333333 9.250000 2.333333 6.250000 2.416667 2.750000 
2.583333 12.583333 2.333333 9.416667 2.916667 9.750000 3.166667 3.333333 2.250000 7.833333 
2.777778 11.777778 2.111111 6.777778 2.222222 2.444444 2.666667 10.222222 1.888889 6.000000 
3.000000 11.555556 2.333333 7.000000 1.666667 3.444444 2.888889 12.444444 2.444444 11.000000 
-1.000000 -1.000000 -1.000000 -1.000000 -1.000000 -1.000000 -1.000000 -1.000000 -1.000000 -1.000000 
3.166667 7.666667 2.166667 8.000000 2.500000 6.500000 2.000000 4.833333 2.500000 1.666667 
2.375000 2.125000 2.750000 10.500000 2.250000 1.500000 2.500000 6.125000 2.875000 8.250000 
3.125000 5.875000 3.125000 12.000000 2.375000 5.250000 3.250000 7.500000 2.375000 7.750000 
2.764706 9.411765 2.117647 10.764706 2.117647 10.588235 2.411765 6.588235 2.235294 11.705882 
2.333333 12.000000 2.500000 3.666667 3.333333 5.666667 2.833333 5.833333 1.833333 7.166667 

Avg Classes:
2.482072 7.045153 2.496680 6.972112 2.519256 7.025232 2.520584 6.966799 2.525896 6.812749 
2.442700 6.769231 2.466248 7.087912 2.472527 7.183673 2.525903 6.890110 2.554160 7.221350 
2.550725 8.000000 2.304348 6.318841 2.449275 6.739130 2.565217 6.898551 2.463768 6.869565 
2.413793 8.172414 2.482759 7.965517 2.724138 8.620690 2.620690 6.827586 2.758621 6.517241 
2.600000 7.200000 2.000000 8.400000 2.200000 7.800000 1.600000 6.000000 1.400000 5.000000 
2.000000 3.500000 2.000000 6.500000 2.000000 4.500000 2.000000 5.000000 2.000000 6.250000 
4.000000 8.000000 2.500000 7.000000 2.500000 8.000000 3.500000 10.000000 1.500000 7.000000 
1.000000 2.000000 3.000000 2.000000 4.000000 2.000000 2.000000 2.000000 1.000000 8.000000 
-1.000000 -1.000000 -1.000000 -1.000000 -1.000000 -1.000000 -1.000000 -1.000000 -1.000000 -1.000000 
-1.000000 -1.000000 -1.000000 -1.000000 -1.000000 -1.000000 -1.000000 -1.000000 -1.000000 -1.000000 

Cluster 0 is class 0
Cluster 1 is class 0
Cluster 2 is class 7
Cluster 3 is class 5
Cluster 4 is class 6
Cluster 5 is class 0
Cluster 6 is class 0
Cluster 7 is class 0
Cluster 8 is class 2
Cluster 9 is class 3
Cluster 10 is class 3
Cluster 11 is class 5
Cluster 12 is class 5
Cluster 13 is class 0
Cluster 14 is class 2
Cluster 15 is class 4
Cluster 16 is class 3
Cluster 17 is class 6
Cluster 18 is class 2
Cluster 19 is class 0
Cluster 20 is class 3
Cluster 21 is class 5
Cluster 22 is class 2
Cluster 23 is class 1
Cluster 24 is class 0
Cluster 25 is class 5
Cluster 26 is class 2
Cluster 27 is class 4
Cluster 28 is class 3
Cluster 29 is class 0
Cluster 30 is class 4
Cluster 31 is class 0
Cluster 32 is class 6
Cluster 33 is class 0
Cluster 34 is class 5
Cluster 35 is class 4
Cluster 36 is class 0
Cluster 37 is class 5
Cluster 38 is class 6
Cluster 39 is class 1
Cluster 40 is class 2
Cluster 41 is class 0
Cluster 42 is class 3
Cluster 43 is class 5
Cluster 44 is class 4
Cluster 45 is class 3
Cluster 46 is class 2
Cluster 47 is class 0
Cluster 48 is class 0
Cluster 49 is class 3
Cluster 50 is class 2
Cluster 51 is class 3
Cluster 52 is class 2
Cluster 53 is class 0
Cluster 54 is class 6
Cluster 55 is class 0
Cluster 56 is class 6
Cluster 57 is class 2
Cluster 58 is class 4
Cluster 59 is class 6
Cluster 60 is class 6
Cluster 61 is class 0
Cluster 62 is class 4
Cluster 63 is class 0
Cluster 64 is class 2
Cluster 65 is class 3
Cluster 66 is class 4
Cluster 67 is class 0
Cluster 68 is class 4
Cluster 69 is class 2
Cluster 70 is class 5
Cluster 71 is class 1
Cluster 72 is class 4
Cluster 73 is class 0
Cluster 74 is class 0
Cluster 75 is class 0
Cluster 76 is class 3
Cluster 77 is class 6
Cluster 78 is class 1
Cluster 79 is class 3
Cluster 80 is class 3
Cluster 81 is class 2
Cluster 82 is class 6
Cluster 83 is class 8
Cluster 84 is class 4
Cluster 85 is class 5
Cluster 86 is class 0
Cluster 87 is class 3
Cluster 88 is class 2

Overall Accuracy is 0.206000

