----------------------------For Number of clusters 28----------------------------
Number of Iterations for Kmeans: 44
Avg Clusters:
2.241379 3.195402 2.528736 5.689655 2.436782 3.793103 2.643678 9.689655 2.643678 10.540230 
2.145161 10.193548 2.241935 2.225806 2.677419 5.774194 2.838710 4.435484 2.161290 5.387097 
2.293333 10.520000 2.493333 10.506667 2.773333 5.333333 2.600000 10.333333 2.813333 4.733333 
3.181818 9.909091 2.522727 7.545455 2.636364 2.318182 2.250000 3.250000 2.250000 4.477273 
2.487500 10.650000 2.500000 5.512500 2.425000 10.375000 2.425000 10.262500 2.612500 5.112500 
2.690909 8.963636 2.690909 11.090909 2.327273 9.781818 2.509091 8.490909 2.509091 10.527273 
2.534247 3.986301 2.273973 2.849315 2.547945 10.616438 2.589041 4.493151 2.657534 4.260274 
2.372340 4.308511 2.563830 10.063830 2.468085 10.978723 2.638298 3.840426 2.680851 9.723404 
2.190476 10.873016 2.365079 10.063492 2.619048 7.349206 2.698413 3.269841 2.555556 9.793651 
2.326923 3.961538 2.173077 4.634615 2.519231 6.423077 2.384615 2.403846 2.615385 10.826923 
2.578947 9.807018 2.824561 3.561404 2.368421 5.526316 2.684211 10.894737 2.315789 10.210526 
2.687500 10.916667 2.479167 5.395833 2.312500 11.312500 2.791667 3.937500 2.541667 3.187500 
2.457627 3.474576 2.830508 4.440678 2.508475 3.881356 2.423729 9.101695 2.254237 3.050847 
2.617647 9.941176 2.352941 11.588235 2.352941 11.500000 2.617647 7.970588 2.764706 3.382353 
2.370968 2.838710 2.661290 8.645161 2.354839 9.387097 2.419355 11.241935 2.403226 7.645161 
2.500000 10.729167 2.187500 4.145833 2.166667 3.500000 2.270833 10.395833 2.270833 3.375000 
2.580000 3.500000 2.200000 11.000000 2.280000 3.440000 2.620000 3.520000 2.580000 10.260000 
2.297872 4.212766 2.638298 10.510638 2.595745 3.361702 2.468085 9.787234 2.297872 4.510638 
2.557692 3.519231 2.557692 3.403846 2.884615 10.019231 2.653846 10.192308 2.403846 10.211538 
2.407407 7.148148 2.074074 2.851852 2.851852 11.259259 2.444444 11.962963 2.592593 5.296296 
2.357143 3.214286 2.142857 9.946429 2.875000 9.375000 2.625000 3.678571 2.839286 3.625000 
2.428571 10.265306 2.489796 3.775510 2.122449 2.102041 2.489796 4.265306 3.000000 10.224490 
2.533333 4.911111 2.711111 10.955556 2.511111 11.044444 2.311111 9.800000 2.622222 3.466667 
2.906250 10.718750 2.593750 10.875000 2.343750 6.031250 2.125000 3.312500 2.250000 2.437500 
2.354839 3.903226 2.548387 10.677419 2.387097 3.483871 2.419355 3.709677 2.709677 3.516129 
2.514286 3.828571 2.457143 3.371429 2.714286 2.714286 2.600000 3.000000 2.342857 6.971429 
2.510204 10.244898 2.428571 3.387755 2.428571 10.346939 2.122449 4.571429 2.448980 10.857143 
2.735294 9.911765 2.441176 9.823529 2.411765 2.441176 2.411765 9.647059 2.382353 11.205882 

Avg Classes:
2.482072 7.045153 2.496680 6.972112 2.519256 7.025232 2.520584 6.966799 2.525896 6.812749 
2.442700 6.769231 2.466248 7.087912 2.472527 7.183673 2.525903 6.890110 2.554160 7.221350 
2.550725 8.000000 2.304348 6.318841 2.449275 6.739130 2.565217 6.898551 2.463768 6.869565 
2.413793 8.172414 2.482759 7.965517 2.724138 8.620690 2.620690 6.827586 2.758621 6.517241 
2.600000 7.200000 2.000000 8.400000 2.200000 7.800000 1.600000 6.000000 1.400000 5.000000 
2.000000 3.500000 2.000000 6.500000 2.000000 4.500000 2.000000 5.000000 2.000000 6.250000 
4.000000 8.000000 2.500000 7.000000 2.500000 8.000000 3.500000 10.000000 1.500000 7.000000 
1.000000 2.000000 3.000000 2.000000 4.000000 2.000000 2.000000 2.000000 1.000000 8.000000 
-1.000000 -1.000000 -1.000000 -1.000000 -1.000000 -1.000000 -1.000000 -1.000000 -1.000000 -1.000000 
-1.000000 -1.000000 -1.000000 -1.000000 -1.000000 -1.000000 -1.000000 -1.000000 -1.000000 -1.000000 

Cluster 0 is class 0
Cluster 1 is class 2
Cluster 2 is class 0
Cluster 3 is class 2
Cluster 4 is class 6
Cluster 5 is class 3
Cluster 6 is class 0
Cluster 7 is class 1
Cluster 8 is class 0
Cluster 9 is class 1
Cluster 10 is class 6
Cluster 11 is class 3
Cluster 12 is class 5
Cluster 13 is class 3
Cluster 14 is class 0
Cluster 15 is class 2
Cluster 16 is class 5
Cluster 17 is class 0
Cluster 18 is class 0
Cluster 19 is class 6
Cluster 20 is class 4
Cluster 21 is class 2
Cluster 22 is class 3
Cluster 23 is class 4
Cluster 24 is class 5
Cluster 25 is class 7
Cluster 26 is class 2
Cluster 27 is class 0

Overall Accuracy is 0.234000

