----------------------------For Number of clusters 21----------------------------
Number of Iterations for Kmeans: 43
Avg Clusters:
2.630252 4.394958 2.630252 10.579832 2.462185 10.403361 2.436975 9.386555 2.588235 6.949580 
2.415842 3.831683 2.316832 10.257426 2.603960 6.475248 2.574257 3.811881 2.554455 3.702970 
2.525773 10.268041 2.443299 10.711340 2.525773 5.206186 2.577320 9.185567 2.505155 9.515464 
2.571429 10.304762 2.419048 4.314286 2.561905 10.438095 2.666667 4.933333 2.476190 3.819048 
2.317073 3.317073 2.475610 5.658537 2.439024 3.134146 2.585366 8.890244 2.695122 10.695122 
2.765432 10.827160 2.444444 9.790123 2.654321 4.518519 2.370370 4.222222 2.345679 3.716049 
2.353659 10.121951 2.524390 10.341463 2.500000 10.585366 2.560976 10.085366 2.695122 3.512195 
2.443038 10.506329 2.177215 4.177215 2.291139 4.354430 2.341772 10.101266 2.443038 3.797468 
2.316456 4.113924 2.417722 3.708861 2.417722 5.139241 2.531646 2.860759 2.481013 9.518987 
2.373333 10.346667 2.426667 5.933333 2.413333 10.426667 2.386667 3.826667 2.453333 10.520000 
2.625000 4.071429 2.232143 10.785714 2.357143 3.964286 2.535714 3.107143 2.535714 10.750000 
2.416667 10.516667 2.366667 3.083333 2.416667 2.533333 2.500000 3.600000 2.450000 6.516667 
2.437500 9.062500 2.515625 3.578125 2.640625 10.875000 2.515625 11.593750 2.593750 7.359375 
2.231884 3.260870 2.652174 4.724638 2.608696 8.173913 2.362319 11.637681 2.579710 9.072464 
2.387097 4.919355 2.435484 10.790323 2.500000 11.177419 2.774194 2.516129 2.854839 9.370968 
2.740000 9.880000 2.780000 3.560000 2.420000 4.600000 2.660000 9.940000 2.340000 10.640000 
2.508475 3.322034 2.271186 2.932203 2.525424 10.610169 2.644068 4.915254 2.796610 4.101695 
2.393939 10.909091 2.666667 6.606061 2.454545 3.272727 2.575758 3.333333 2.848485 11.606061 
2.585366 3.024390 2.512195 5.731707 2.609756 11.292683 2.634146 6.365854 2.365854 10.731707 
2.370968 4.483871 2.725806 9.435484 2.596774 3.467742 2.322581 10.838710 2.258065 3.870968 
2.295455 3.522727 2.772727 3.500000 2.386364 3.886364 2.568182 7.727273 2.295455 2.840909 

Avg Classes:
2.482072 7.045153 2.496680 6.972112 2.519256 7.025232 2.520584 6.966799 2.525896 6.812749 
2.442700 6.769231 2.466248 7.087912 2.472527 7.183673 2.525903 6.890110 2.554160 7.221350 
2.550725 8.000000 2.304348 6.318841 2.449275 6.739130 2.565217 6.898551 2.463768 6.869565 
2.413793 8.172414 2.482759 7.965517 2.724138 8.620690 2.620690 6.827586 2.758621 6.517241 
2.600000 7.200000 2.000000 8.400000 2.200000 7.800000 1.600000 6.000000 1.400000 5.000000 
2.000000 3.500000 2.000000 6.500000 2.000000 4.500000 2.000000 5.000000 2.000000 6.250000 
4.000000 8.000000 2.500000 7.000000 2.500000 8.000000 3.500000 10.000000 1.500000 7.000000 
1.000000 2.000000 3.000000 2.000000 4.000000 2.000000 2.000000 2.000000 1.000000 8.000000 
-1.000000 -1.000000 -1.000000 -1.000000 -1.000000 -1.000000 -1.000000 -1.000000 -1.000000 -1.000000 
-1.000000 -1.000000 -1.000000 -1.000000 -1.000000 -1.000000 -1.000000 -1.000000 -1.000000 -1.000000 

Cluster 0 is class 1
Cluster 1 is class 4
Cluster 2 is class 0
Cluster 3 is class 3
Cluster 4 is class 1
Cluster 5 is class 4
Cluster 6 is class 3
Cluster 7 is class 0
Cluster 8 is class 5
Cluster 9 is class 0
Cluster 10 is class 5
Cluster 11 is class 2
Cluster 12 is class 6
Cluster 13 is class 0
Cluster 14 is class 0
Cluster 15 is class 2
Cluster 16 is class 0
Cluster 17 is class 2
Cluster 18 is class 1
Cluster 19 is class 0
Cluster 20 is class 5

Overall Accuracy is 0.272000

