----------------------------For Number of clusters 38----------------------------
Number of Iterations for Kmeans: 29
Avg Clusters:
2.636364 2.681818 2.287879 10.287879 2.530303 5.090909 2.712121 4.606061 2.560606 9.000000 
2.622642 9.245283 2.320755 4.169811 2.584906 11.396226 2.811321 3.716981 2.471698 3.037736 
2.256757 9.972973 2.635135 10.675676 2.756757 5.486486 2.445946 10.162162 2.675676 4.324324 
2.535714 10.267857 2.214286 3.392857 2.482143 2.339286 2.482143 3.589286 2.375000 6.517857 
2.400000 9.615385 2.323077 4.461538 2.523077 11.169231 2.369231 10.953846 2.507692 4.461538 
2.666667 9.019608 2.588235 9.607843 2.607843 3.372549 2.411765 9.686275 2.313725 11.392157 
2.339286 2.607143 2.357143 3.339286 2.517857 10.571429 2.517857 5.178571 2.892857 4.464286 
2.419753 4.370370 2.629630 10.246914 2.358025 11.320988 2.703704 4.037037 2.716049 9.777778 
2.333333 10.333333 2.294118 10.823529 2.490196 7.784314 2.647059 3.588235 2.627451 9.607843 
2.617021 10.127660 2.553191 3.382979 2.404255 9.851064 2.234043 5.510638 2.553191 11.170213 
2.500000 9.230769 2.807692 3.173077 2.211538 5.115385 2.596154 11.038462 2.403846 9.903846 
2.742857 11.600000 2.371429 8.628571 2.514286 7.828571 2.085714 4.142857 2.485714 2.914286 
2.422222 3.644444 2.777778 4.200000 2.311111 3.911111 2.400000 8.800000 2.266667 2.555556 
2.700000 10.166667 2.533333 11.433333 2.266667 11.900000 2.700000 7.166667 2.533333 3.466667 
2.316667 2.816667 2.700000 8.433333 2.450000 8.950000 2.450000 11.583333 2.433333 8.433333 
2.555556 10.888889 2.200000 4.111111 2.222222 3.600000 2.244444 10.488889 2.333333 3.288889 
2.517241 6.172414 2.310345 10.137931 2.620690 2.862069 2.344828 2.655172 2.551724 10.586207 
2.404762 4.476190 2.523810 10.023810 2.595238 2.690476 2.476190 10.238095 2.428571 4.857143 
2.333333 3.058824 2.509804 3.666667 2.745098 8.215686 2.568627 9.215686 2.215686 10.745098 
2.481481 4.851852 2.370370 2.962963 2.777778 10.666667 2.814815 11.703704 2.518519 7.962963 
2.400000 3.342857 2.371429 3.857143 2.857143 3.057143 2.828571 2.800000 2.200000 6.342857 
2.600000 12.400000 2.350000 5.800000 2.500000 3.950000 3.000000 8.200000 2.400000 7.900000 
2.510204 4.795918 2.551020 10.877551 2.489796 11.081633 2.367347 9.795918 2.714286 3.408163 
2.891892 9.729730 2.729730 9.837838 2.351351 2.702703 2.432432 3.459459 2.351351 3.108108 
2.428571 3.514286 2.400000 10.800000 2.714286 4.571429 2.600000 5.085714 2.371429 3.057143 
2.517241 5.379310 2.551724 3.310345 2.137931 2.724138 1.965517 4.241379 3.172414 11.241379 
2.347826 11.434783 2.260870 5.869565 2.434783 11.869565 2.478261 2.521739 2.086957 8.260870 
2.375000 11.541667 2.791667 6.333333 2.583333 3.166667 2.708333 3.625000 2.708333 11.458333 
2.558824 9.029412 2.500000 10.352941 2.470588 10.323529 2.294118 9.323529 2.470588 10.764706 
2.500000 2.700000 2.650000 4.550000 2.900000 3.050000 2.600000 11.900000 2.850000 7.250000 
2.739130 5.826087 2.130435 2.652174 2.304348 8.826087 2.173913 2.304348 2.173913 7.956522 
2.185185 3.185185 2.407407 5.222222 2.407407 7.370370 2.629630 2.481481 2.888889 11.666667 
2.083333 2.083333 2.375000 6.416667 1.708333 2.375000 3.041667 9.333333 2.750000 11.958333 
2.275000 3.675000 2.275000 10.675000 2.725000 9.875000 2.625000 3.050000 2.700000 3.350000 
-1.000000 -1.000000 -1.000000 -1.000000 -1.000000 -1.000000 -1.000000 -1.000000 -1.000000 -1.000000 
2.440000 8.640000 2.720000 2.640000 2.400000 7.840000 2.600000 8.120000 2.800000 4.440000 
1.933333 11.866667 2.533333 1.666667 3.133333 7.000000 2.600000 3.400000 2.066667 4.533333 
2.625000 11.958333 2.291667 9.583333 2.458333 10.541667 2.833333 11.708333 3.125000 6.833333 

Avg Classes:
2.482072 7.045153 2.496680 6.972112 2.519256 7.025232 2.520584 6.966799 2.525896 6.812749 
2.442700 6.769231 2.466248 7.087912 2.472527 7.183673 2.525903 6.890110 2.554160 7.221350 
2.550725 8.000000 2.304348 6.318841 2.449275 6.739130 2.565217 6.898551 2.463768 6.869565 
2.413793 8.172414 2.482759 7.965517 2.724138 8.620690 2.620690 6.827586 2.758621 6.517241 
2.600000 7.200000 2.000000 8.400000 2.200000 7.800000 1.600000 6.000000 1.400000 5.000000 
2.000000 3.500000 2.000000 6.500000 2.000000 4.500000 2.000000 5.000000 2.000000 6.250000 
4.000000 8.000000 2.500000 7.000000 2.500000 8.000000 3.500000 10.000000 1.500000 7.000000 
1.000000 2.000000 3.000000 2.000000 4.000000 2.000000 2.000000 2.000000 1.000000 8.000000 
-1.000000 -1.000000 -1.000000 -1.000000 -1.000000 -1.000000 -1.000000 -1.000000 -1.000000 -1.000000 
-1.000000 -1.000000 -1.000000 -1.000000 -1.000000 -1.000000 -1.000000 -1.000000 -1.000000 -1.000000 

Cluster 0 is class 5
Cluster 1 is class 3
Cluster 2 is class 0
Cluster 3 is class 2
Cluster 4 is class 6
Cluster 5 is class 0
Cluster 6 is class 0
Cluster 7 is class 1
Cluster 8 is class 3
Cluster 9 is class 2
Cluster 10 is class 2
Cluster 11 is class 3
Cluster 12 is class 5
Cluster 13 is class 3
Cluster 14 is class 0
Cluster 15 is class 2
Cluster 16 is class 5
Cluster 17 is class 5
Cluster 18 is class 0
Cluster 19 is class 6
Cluster 20 is class 5
Cluster 21 is class 2
Cluster 22 is class 3
Cluster 23 is class 4
Cluster 24 is class 5
Cluster 25 is class 5
Cluster 26 is class 3
Cluster 27 is class 2
Cluster 28 is class 3
Cluster 29 is class 5
Cluster 30 is class 0
Cluster 31 is class 5
Cluster 32 is class 5
Cluster 33 is class 4
Cluster 34 is class 8
Cluster 35 is class 2
Cluster 36 is class 2
Cluster 37 is class 3

Overall Accuracy is 0.148000

