----------------------------For Number of clusters 7----------------------------
Number of Iterations for Kmeans: 99
Avg Clusters:
2.496914 6.839506 2.478395 8.932099 2.469136 7.694444 2.518519 4.339506 2.657407 10.712963 
2.556777 10.091575 2.388278 5.681319 2.490842 3.000000 2.490842 7.131868 2.391941 5.989011 
2.447761 9.383085 2.542289 4.567164 2.552239 9.815920 2.402985 10.422886 2.557214 6.094527 
2.346154 2.975962 2.591346 5.870192 2.466346 6.509615 2.625000 10.451923 2.480769 9.153846 
2.451777 7.873096 2.446701 11.324873 2.517766 9.446701 2.543147 7.913706 2.573604 3.791878 
2.381250 2.993750 2.575000 7.931250 2.518750 4.331250 2.550000 4.612500 2.518750 4.650000 
2.554745 7.065693 2.255474 3.153285 2.503650 10.678832 2.562044 3.372263 2.510949 5.394161 

Avg Classes:
2.482072 7.045153 2.496680 6.972112 2.519256 7.025232 2.520584 6.966799 2.525896 6.812749 
2.442700 6.769231 2.466248 7.087912 2.472527 7.183673 2.525903 6.890110 2.554160 7.221350 
2.550725 8.000000 2.304348 6.318841 2.449275 6.739130 2.565217 6.898551 2.463768 6.869565 
2.413793 8.172414 2.482759 7.965517 2.724138 8.620690 2.620690 6.827586 2.758621 6.517241 
2.600000 7.200000 2.000000 8.400000 2.200000 7.800000 1.600000 6.000000 1.400000 5.000000 
2.000000 3.500000 2.000000 6.500000 2.000000 4.500000 2.000000 5.000000 2.000000 6.250000 
4.000000 8.000000 2.500000 7.000000 2.500000 8.000000 3.500000 10.000000 1.500000 7.000000 
1.000000 2.000000 3.000000 2.000000 4.000000 2.000000 2.000000 2.000000 1.000000 8.000000 
-1.000000 -1.000000 -1.000000 -1.000000 -1.000000 -1.000000 -1.000000 -1.000000 -1.000000 -1.000000 
-1.000000 -1.000000 -1.000000 -1.000000 -1.000000 -1.000000 -1.000000 -1.000000 -1.000000 -1.000000 

Cluster 0 is class 1
Cluster 1 is class 2
Cluster 2 is class 6
Cluster 3 is class 0
Cluster 4 is class 3
Cluster 5 is class 5
Cluster 6 is class 0

Overall Accuracy is 0.236000

