----------------------------For Number of clusters 48----------------------------
Number of Iterations for Kmeans: 23
Avg Clusters:
2.549296 11.253521 2.380282 4.957746 2.450704 10.281690 2.591549 4.211268 2.450704 3.859155 
2.615385 10.730769 2.653846 4.365385 2.634615 9.769231 2.346154 9.076923 2.500000 10.192308 
2.550000 4.600000 3.075000 10.175000 2.300000 10.850000 2.575000 10.875000 2.350000 10.050000 
2.235294 9.529412 2.235294 3.137255 2.333333 4.980392 2.607843 9.843137 2.392157 3.901961 
2.386364 4.045455 2.272727 10.431818 2.227273 2.977273 2.409091 3.113636 2.522727 6.704545 
2.508475 3.932203 2.491525 3.949153 2.508475 3.779661 2.525424 3.254237 2.593220 10.186441 
2.214286 9.595238 2.119048 3.238095 2.357143 10.047619 2.214286 3.023810 2.452381 9.952381 
2.279070 10.162791 2.395349 10.744186 2.372093 6.604651 2.534884 3.162791 2.674419 10.093023 
2.121212 5.363636 2.696970 2.000000 2.696970 8.969697 2.636364 9.090909 2.363636 3.787879 
2.229167 5.750000 2.479167 11.625000 2.541667 10.187500 2.500000 10.291667 2.520833 3.333333 
2.225000 2.825000 2.175000 4.450000 2.875000 8.650000 2.550000 9.475000 2.425000 9.650000 
2.447368 11.473684 2.368421 10.394737 2.342105 9.947368 2.710526 11.026316 3.184211 5.657895 
2.500000 10.176471 2.617647 10.382353 2.411765 10.941176 2.970588 5.794118 2.205882 10.411765 
2.405405 4.378378 2.837838 7.972973 2.432432 2.324324 2.405405 10.351351 2.324324 3.621622 
2.294118 2.676471 2.676471 8.029412 2.588235 7.294118 2.500000 11.529412 2.411765 7.264706 
2.371429 2.400000 2.114286 6.085714 2.771429 9.400000 2.685714 3.200000 3.114286 5.428571 
2.555556 5.166667 2.944444 2.222222 2.833333 10.611111 2.611111 11.888889 2.444444 11.555556 
2.424242 2.818182 2.363636 7.030303 2.818182 8.848485 2.575758 2.363636 2.696970 11.030303 
2.585366 6.804878 2.609756 10.243902 2.536585 5.121951 2.390244 4.439024 2.390244 3.048780 
2.542857 5.485714 2.657143 10.228571 2.628571 3.257143 2.571429 10.142857 2.628571 9.400000 
2.241379 3.655172 2.103448 11.482759 2.620690 10.275862 2.344828 3.206897 2.482759 2.931034 
2.416667 10.500000 2.000000 4.388889 2.611111 10.750000 2.500000 10.722222 2.722222 3.472222 
2.722222 7.500000 2.805556 4.055556 2.638889 3.805556 2.361111 9.333333 2.500000 11.027778 
2.952381 2.476190 3.142857 5.857143 2.761905 11.380952 2.142857 8.619048 2.904762 3.285714 
2.903226 11.483871 2.774194 10.645161 2.516129 3.935484 2.354839 5.258065 2.451613 3.161290 
2.068966 9.862069 2.344828 11.413793 2.793103 4.827586 2.551724 11.724138 2.689655 4.586207 
2.272727 1.772727 2.272727 5.045455 1.545455 2.363636 2.863636 9.363636 2.636364 11.909091 
2.619048 11.333333 3.047619 3.333333 1.857143 5.476190 2.857143 11.857143 2.666667 9.047619 
2.960000 5.400000 2.080000 2.760000 2.640000 10.600000 2.520000 2.280000 2.600000 2.760000 
2.760000 11.600000 2.280000 6.560000 2.680000 2.320000 2.440000 10.080000 2.400000 3.120000 
2.266667 8.366667 2.566667 2.266667 2.366667 3.366667 2.266667 2.466667 1.966667 6.266667 
2.846154 2.384615 2.461538 11.115385 2.307692 9.769231 2.653846 6.153846 2.961538 9.615385 
2.466667 11.166667 2.566667 5.100000 2.566667 2.366667 2.400000 3.933333 3.000000 10.700000 
3.066667 7.533333 2.466667 9.333333 2.600000 12.266667 2.200000 7.333333 2.800000 3.866667 
2.727273 11.181818 2.545455 12.045455 2.272727 10.772727 2.818182 4.818182 2.090909 3.772727 
2.346154 5.807692 2.961538 7.884615 2.192308 11.846154 2.653846 4.615385 2.538462 8.692308 
2.421053 3.684211 2.105263 2.052632 2.263158 12.105263 2.736842 5.473684 2.263158 8.315789 
2.833333 2.500000 2.416667 4.416667 2.083333 5.833333 2.000000 11.833333 2.750000 11.666667 
3.047619 11.714286 2.238095 8.476190 2.428571 3.857143 2.285714 10.619048 2.285714 9.952381 
2.466667 6.200000 2.866667 5.400000 2.866667 11.733333 1.800000 12.266667 2.133333 4.333333 
2.000000 10.166667 2.166667 11.055556 2.333333 2.722222 2.833333 7.111111 2.500000 11.722222 
2.571429 2.238095 2.571429 11.095238 3.000000 6.000000 2.857143 8.190476 2.333333 3.428571 
2.769231 3.076923 2.307692 10.961538 2.538462 3.038462 2.653846 4.076923 2.461538 11.615385 
2.208333 11.916667 1.875000 2.625000 2.416667 2.958333 2.916667 5.875000 2.583333 6.916667 
3.043478 10.869565 2.434783 6.434783 2.521739 2.260870 2.260870 2.304348 2.695652 3.521739 
2.259259 2.592593 2.777778 4.074074 2.481481 3.148148 2.333333 4.888889 2.370370 3.296296 
2.058824 3.176471 2.294118 2.941176 2.764706 3.235294 2.588235 11.176471 2.235294 5.176471 
2.160000 5.520000 2.320000 12.200000 2.480000 11.080000 2.800000 2.000000 2.800000 10.480000 

Avg Classes:
2.482072 7.045153 2.496680 6.972112 2.519256 7.025232 2.520584 6.966799 2.525896 6.812749 
2.442700 6.769231 2.466248 7.087912 2.472527 7.183673 2.525903 6.890110 2.554160 7.221350 
2.550725 8.000000 2.304348 6.318841 2.449275 6.739130 2.565217 6.898551 2.463768 6.869565 
2.413793 8.172414 2.482759 7.965517 2.724138 8.620690 2.620690 6.827586 2.758621 6.517241 
2.600000 7.200000 2.000000 8.400000 2.200000 7.800000 1.600000 6.000000 1.400000 5.000000 
2.000000 3.500000 2.000000 6.500000 2.000000 4.500000 2.000000 5.000000 2.000000 6.250000 
4.000000 8.000000 2.500000 7.000000 2.500000 8.000000 3.500000 10.000000 1.500000 7.000000 
1.000000 2.000000 3.000000 2.000000 4.000000 2.000000 2.000000 2.000000 1.000000 8.000000 
-1.000000 -1.000000 -1.000000 -1.000000 -1.000000 -1.000000 -1.000000 -1.000000 -1.000000 -1.000000 
-1.000000 -1.000000 -1.000000 -1.000000 -1.000000 -1.000000 -1.000000 -1.000000 -1.000000 -1.000000 

Cluster 0 is class 3
Cluster 1 is class 6
Cluster 2 is class 6
Cluster 3 is class 2
Cluster 4 is class 5
Cluster 5 is class 7
Cluster 6 is class 2
Cluster 7 is class 1
Cluster 8 is class 0
Cluster 9 is class 3
Cluster 10 is class 0
Cluster 11 is class 3
Cluster 12 is class 3
Cluster 13 is class 5
Cluster 14 is class 0
Cluster 15 is class 5
Cluster 16 is class 6
Cluster 17 is class 0
Cluster 18 is class 4
Cluster 19 is class 0
Cluster 20 is class 4
Cluster 21 is class 3
Cluster 22 is class 0
Cluster 23 is class 0
Cluster 24 is class 4
Cluster 25 is class 6
Cluster 26 is class 5
Cluster 27 is class 6
Cluster 28 is class 0
Cluster 29 is class 2
Cluster 30 is class 2
Cluster 31 is class 1
Cluster 32 is class 2
Cluster 33 is class 3
Cluster 34 is class 3
Cluster 35 is class 0
Cluster 36 is class 1
Cluster 37 is class 0
Cluster 38 is class 6
Cluster 39 is class 6
Cluster 40 is class 0
Cluster 41 is class 4
Cluster 42 is class 5
Cluster 43 is class 2
Cluster 44 is class 2
Cluster 45 is class 5
Cluster 46 is class 5
Cluster 47 is class 1

Overall Accuracy is 0.156667

