----------------------------For Number of clusters 53----------------------------
Number of Iterations for Kmeans: 42
Avg Clusters:
2.250000 2.750000 2.450000 5.275000 2.775000 10.450000 2.475000 9.600000 2.300000 10.600000 
2.482143 3.428571 2.696429 10.750000 2.857143 7.678571 2.696429 9.339286 2.357143 4.250000 
2.444444 3.648148 2.296296 5.296296 2.574074 5.888889 2.537037 2.500000 2.648148 10.851852 
2.379310 2.689655 2.896552 5.620690 2.413793 2.793103 2.103448 7.482759 2.586207 3.000000 
2.711111 9.555556 2.622222 10.666667 2.533333 9.600000 2.400000 9.777778 2.466667 10.422222 
2.558824 3.764706 2.147059 2.676471 2.323529 11.411765 2.705882 4.058824 2.529412 7.852941 
2.613636 11.022727 2.295455 9.045455 2.613636 3.022727 2.795455 8.977273 2.454545 10.431818 
2.647059 10.862745 2.176471 8.156863 2.647059 3.803922 2.294118 3.392157 2.568627 5.686275 
2.511628 10.906977 2.697674 3.767442 2.511628 11.395349 2.837209 3.581395 2.348837 3.372093 
2.621622 4.297297 2.918919 5.540541 2.513514 11.837838 2.081081 9.945946 2.567568 3.351351 
2.543860 10.631579 2.210526 5.052632 2.701754 9.719298 2.421053 11.087719 2.807018 3.912281 
2.510204 3.571429 2.163265 11.102041 2.469388 3.551020 2.591837 3.510204 2.591837 10.367347 
2.750000 4.250000 1.964286 3.642857 2.428571 9.535714 2.500000 2.785714 2.928571 2.321429 
2.380952 3.809524 2.642857 8.761905 2.214286 11.309524 2.761905 4.214286 2.738095 9.261905 
2.360000 10.120000 2.540000 3.620000 2.160000 2.400000 2.540000 4.000000 2.900000 10.180000 
2.864865 9.918919 2.783784 11.297297 2.459459 5.486486 2.297297 4.702703 2.459459 2.540541 
2.593750 10.375000 2.812500 11.250000 2.437500 10.875000 2.687500 6.687500 2.656250 5.906250 
2.391304 8.869565 2.565217 3.130435 2.478261 11.217391 2.782609 12.000000 2.565217 10.173913 
2.766667 8.366667 2.900000 4.866667 2.666667 4.000000 2.366667 9.066667 2.533333 11.600000 
2.545455 6.136364 2.590909 8.636364 2.363636 3.454545 2.272727 11.727273 2.272727 2.818182 
2.478261 4.652174 2.478261 10.956522 2.260870 12.391304 2.739130 9.826087 2.826087 5.434783 
2.184211 2.447368 2.578947 5.263158 2.368421 3.526316 2.657895 7.973684 2.447368 11.210526 
2.904762 10.714286 2.285714 7.857143 2.666667 9.666667 2.571429 6.333333 2.380952 3.000000 
2.103448 3.068966 2.655172 3.724138 3.103448 8.000000 2.517241 11.344828 2.344828 6.758621 
2.500000 2.250000 2.083333 4.750000 2.000000 3.416667 2.750000 12.583333 3.083333 11.583333 
2.500000 3.400000 2.600000 11.000000 2.566667 3.466667 2.400000 4.033333 2.466667 4.033333 
2.567568 10.324324 2.513514 3.297297 2.567568 10.054054 2.081081 4.378378 2.459459 11.297297 
2.166667 3.900000 2.200000 11.133333 2.500000 10.100000 2.333333 3.100000 2.566667 2.766667 
2.228571 9.857143 2.457143 11.000000 2.200000 7.028571 2.314286 3.314286 2.685714 11.257143 
2.818182 5.181818 2.727273 2.181818 2.636364 7.727273 2.181818 11.454545 2.363636 12.090909 
2.444444 2.111111 2.000000 8.111111 3.222222 9.333333 3.111111 3.000000 3.388889 5.444444 
2.200000 8.960000 2.280000 2.320000 2.960000 7.360000 2.360000 2.840000 2.320000 7.000000 
2.608696 4.739130 2.695652 8.869565 2.347826 6.826087 2.608696 11.434783 2.913043 9.913043 
2.222222 10.555556 2.055556 2.583333 2.222222 4.138889 2.638889 9.777778 2.277778 3.972222 
2.176471 5.588235 2.529412 10.705882 2.294118 2.176471 2.588235 9.411765 2.470588 7.588235 
2.764706 8.529412 2.764706 6.764706 2.529412 2.470588 2.705882 2.882353 2.117647 2.235294 
2.857143 2.428571 3.000000 7.857143 2.428571 3.000000 2.285714 11.857143 2.857143 6.571429 
1.888889 4.444444 2.055556 2.333333 2.555556 2.611111 2.500000 10.666667 2.500000 5.944444 
2.148148 11.111111 2.148148 11.444444 2.518519 6.962963 2.555556 11.925926 3.000000 5.000000 
2.200000 5.800000 2.320000 12.240000 2.400000 11.280000 2.840000 2.160000 2.560000 10.400000 
2.600000 5.600000 2.100000 2.700000 1.700000 6.500000 3.700000 6.600000 1.500000 8.200000 
2.428571 5.642857 2.642857 2.357143 2.428571 4.357143 3.071429 7.500000 2.000000 2.428571 
2.777778 11.666667 2.222222 12.111111 1.666667 11.222222 3.333333 3.777778 1.777778 2.888889 
2.346154 3.730769 2.692308 3.384615 2.692308 2.615385 2.384615 2.576923 2.230769 6.230769 
1.888889 8.111111 2.666667 11.888889 3.111111 1.444444 2.555556 9.888889 1.555556 4.111111 
2.111111 7.500000 2.500000 12.000000 2.388889 10.555556 2.333333 11.222222 2.333333 2.222222 
2.333333 11.866667 1.800000 1.666667 2.200000 2.933333 2.666667 3.400000 2.400000 4.733333 
3.000000 11.523810 2.333333 7.190476 2.714286 2.476190 2.380952 9.952381 2.476190 3.333333 
2.266667 7.066667 2.533333 1.600000 2.600000 9.933333 2.266667 8.466667 2.533333 3.066667 
2.312500 10.812500 2.437500 8.187500 2.250000 12.375000 2.812500 2.875000 2.000000 9.312500 
2.650000 10.700000 3.050000 2.950000 1.850000 5.050000 2.650000 11.850000 2.600000 8.850000 
2.650000 2.400000 2.800000 11.650000 2.250000 10.050000 2.250000 8.400000 2.600000 10.550000 
2.166667 12.055556 2.444444 4.888889 2.611111 10.833333 1.944444 8.722222 2.666667 8.166667 

Avg Classes:
2.482072 7.045153 2.496680 6.972112 2.519256 7.025232 2.520584 6.966799 2.525896 6.812749 
2.442700 6.769231 2.466248 7.087912 2.472527 7.183673 2.525903 6.890110 2.554160 7.221350 
2.550725 8.000000 2.304348 6.318841 2.449275 6.739130 2.565217 6.898551 2.463768 6.869565 
2.413793 8.172414 2.482759 7.965517 2.724138 8.620690 2.620690 6.827586 2.758621 6.517241 
2.600000 7.200000 2.000000 8.400000 2.200000 7.800000 1.600000 6.000000 1.400000 5.000000 
2.000000 3.500000 2.000000 6.500000 2.000000 4.500000 2.000000 5.000000 2.000000 6.250000 
4.000000 8.000000 2.500000 7.000000 2.500000 8.000000 3.500000 10.000000 1.500000 7.000000 
1.000000 2.000000 3.000000 2.000000 4.000000 2.000000 2.000000 2.000000 1.000000 8.000000 
-1.000000 -1.000000 -1.000000 -1.000000 -1.000000 -1.000000 -1.000000 -1.000000 -1.000000 -1.000000 
-1.000000 -1.000000 -1.000000 -1.000000 -1.000000 -1.000000 -1.000000 -1.000000 -1.000000 -1.000000 

Cluster 0 is class 0
Cluster 1 is class 4
Cluster 2 is class 5
Cluster 3 is class 5
Cluster 4 is class 3
Cluster 5 is class 0
Cluster 6 is class 2
Cluster 7 is class 2
Cluster 8 is class 2
Cluster 9 is class 0
Cluster 10 is class 6
Cluster 11 is class 5
Cluster 12 is class 0
Cluster 13 is class 0
Cluster 14 is class 0
Cluster 15 is class 4
Cluster 16 is class 3
Cluster 17 is class 6
Cluster 18 is class 0
Cluster 19 is class 0
Cluster 20 is class 3
Cluster 21 is class 5
Cluster 22 is class 3
Cluster 23 is class 0
Cluster 24 is class 0
Cluster 25 is class 5
Cluster 26 is class 0
Cluster 27 is class 4
Cluster 28 is class 0
Cluster 29 is class 6
Cluster 30 is class 1
Cluster 31 is class 2
Cluster 32 is class 1
Cluster 33 is class 2
Cluster 34 is class 0
Cluster 35 is class 0
Cluster 36 is class 0
Cluster 37 is class 0
Cluster 38 is class 6
Cluster 39 is class 1
Cluster 40 is class 2
Cluster 41 is class 2
Cluster 42 is class 3
Cluster 43 is class 7
Cluster 44 is class 0
Cluster 45 is class 3
Cluster 46 is class 2
Cluster 47 is class 0
Cluster 48 is class 0
Cluster 49 is class 3
Cluster 50 is class 6
Cluster 51 is class 1
Cluster 52 is class 2

Overall Accuracy is 0.218667

