----------------------------For Number of clusters 97----------------------------
Number of Iterations for Kmeans: 21
Avg Clusters:
2.241379 2.758621 2.517241 7.344828 2.137931 2.241379 2.689655 5.206897 2.689655 6.758621 
2.709677 9.612903 2.451613 9.483871 2.548387 2.483871 2.354839 9.193548 2.451613 11.580645 
2.548387 3.096774 2.483871 10.580645 2.741935 7.161290 2.322581 3.032258 2.935484 3.774194 
2.480000 9.320000 2.280000 3.080000 2.320000 2.280000 2.280000 2.280000 2.200000 4.600000 
2.322581 4.451613 2.612903 3.838710 2.387097 3.548387 2.677419 10.483871 2.290323 3.774194 
2.125000 2.843750 2.625000 3.468750 2.781250 3.812500 2.562500 2.406250 2.437500 9.531250 
2.343750 3.812500 2.781250 3.000000 2.937500 9.437500 2.656250 11.250000 2.656250 9.125000 
2.709677 11.516129 2.032258 6.580645 2.774194 4.000000 2.064516 10.580645 2.580645 3.580645 
2.388889 8.222222 2.500000 12.000000 1.888889 5.000000 2.055556 4.111111 2.444444 10.333333 
2.136364 9.272727 2.500000 11.181818 2.454545 7.090909 2.363636 11.500000 2.409091 6.590909 
2.228571 3.485714 2.685714 10.657143 3.085714 7.485714 2.371429 10.457143 2.171429 3.142857 
2.800000 9.700000 3.000000 3.700000 2.750000 6.800000 2.700000 7.600000 2.650000 12.050000 
3.235294 10.588235 2.000000 7.352941 2.941176 1.588235 2.176471 3.294118 2.647059 7.058824 
2.444444 7.000000 2.555556 3.944444 1.944444 2.166667 1.833333 4.111111 3.111111 11.666667 
1.875000 10.062500 2.187500 2.875000 2.000000 3.437500 2.750000 11.000000 1.562500 8.625000 
3.115385 11.076923 2.692308 10.153846 2.730769 3.807692 2.384615 2.961538 2.346154 2.384615 
2.440000 10.200000 2.400000 3.040000 2.160000 11.560000 2.080000 3.680000 2.000000 10.880000 
3.000000 11.666667 2.916667 1.666667 2.333333 7.416667 2.250000 11.583333 2.583333 6.750000 
2.000000 9.458333 2.708333 11.125000 2.583333 10.875000 2.458333 10.916667 2.916667 2.250000 
2.961538 11.038462 2.692308 11.307692 2.384615 11.307692 2.961538 5.384615 2.076923 3.884615 
3.052632 2.894737 2.315789 11.157895 2.736842 3.052632 2.736842 5.947368 2.315789 11.631579 
2.000000 7.000000 2.307692 2.153846 2.461538 6.923077 2.153846 2.384615 2.615385 8.692308 
2.789474 10.736842 2.421053 7.421053 2.105263 8.315789 2.000000 4.684211 2.842105 2.157895 
2.571429 10.428571 3.214286 10.857143 2.571429 5.357143 2.285714 7.214286 2.500000 3.500000 
2.344828 1.655172 2.241379 4.758621 1.793103 3.172414 2.620690 9.655172 2.620690 12.034483 
2.517241 3.103448 2.448276 8.241379 2.724138 11.551724 2.724138 3.965517 2.862069 7.206897 
2.681818 4.636364 2.954545 6.045455 2.409091 11.818182 1.818182 11.181818 2.318182 4.045455 
2.476190 11.714286 2.285714 3.333333 2.761905 1.761905 3.095238 6.000000 3.047619 9.238095 
2.150000 4.700000 2.000000 11.550000 2.550000 10.650000 2.400000 4.050000 2.400000 2.300000 
1.692308 7.538462 2.461538 10.307692 1.538462 2.538462 2.076923 4.615385 2.076923 3.538462 
2.235294 4.588235 2.117647 4.000000 2.470588 6.352941 3.352941 6.058824 2.176471 10.411765 
2.173913 3.304348 2.478261 8.000000 2.304348 8.565217 2.695652 12.000000 3.000000 10.521739 
3.062500 5.500000 2.187500 1.562500 2.687500 10.312500 2.187500 5.562500 3.062500 1.562500 
2.142857 10.333333 2.333333 5.761905 2.238095 11.285714 2.809524 10.571429 2.476190 7.714286 
2.176471 10.294118 2.764706 3.470588 2.176471 12.176471 3.117647 3.176471 2.470588 4.411765 
3.000000 2.785714 2.285714 11.785714 2.857143 4.214286 2.785714 5.428571 2.571429 4.357143 
2.545455 1.818182 1.909091 5.090909 3.454545 9.727273 2.090909 8.272727 2.000000 11.454545 
2.833333 11.750000 2.750000 8.333333 2.833333 3.833333 3.000000 2.916667 2.750000 11.583333 
2.428571 7.238095 2.238095 11.047619 2.000000 11.000000 2.904762 3.476190 2.761905 11.190476 
2.611111 9.055556 2.777778 2.444444 2.111111 7.888889 2.888889 8.611111 2.888889 3.277778 
1.800000 10.100000 3.300000 3.600000 1.600000 2.800000 2.600000 2.300000 2.600000 9.500000 
2.333333 2.555556 1.888889 5.277778 2.833333 10.944444 2.555556 2.555556 2.500000 10.944444 
2.750000 5.500000 2.750000 3.250000 2.500000 6.250000 2.875000 11.750000 1.875000 12.250000 
2.571429 12.357143 2.071429 7.714286 3.357143 7.214286 2.642857 8.000000 2.714286 9.500000 
2.863636 3.545455 2.636364 8.636364 2.727273 6.181818 2.636364 2.409091 2.545455 10.772727 
2.411765 5.294118 2.647059 12.235294 2.705882 7.941176 3.000000 7.411765 2.647059 6.647059 
2.727273 10.818182 1.727273 4.000000 2.454545 7.545455 1.818182 3.363636 3.090909 10.727273 
2.523810 3.476190 2.666667 8.857143 1.952381 2.000000 2.190476 11.619048 2.095238 4.619048 
3.000000 8.777778 2.888889 10.666667 2.444444 12.444444 3.000000 10.222222 2.888889 10.111111 
2.800000 11.600000 2.000000 12.300000 2.000000 10.100000 3.500000 10.200000 3.000000 7.200000 
2.631579 2.263158 2.684211 11.421053 2.052632 10.000000 2.263158 8.473684 2.631579 10.736842 
2.583333 9.166667 2.416667 2.250000 2.250000 10.916667 2.583333 11.833333 2.250000 11.416667 
3.000000 4.250000 2.416667 4.083333 1.916667 9.500000 1.666667 1.750000 2.416667 3.916667 
1.500000 6.000000 2.000000 1.625000 3.250000 9.125000 2.500000 11.250000 2.750000 5.375000 
1.875000 7.875000 2.000000 5.875000 3.000000 9.000000 2.625000 2.125000 3.250000 8.625000 
2.692308 8.461538 2.615385 8.384615 2.307692 1.615385 2.230769 8.461538 2.538462 2.692308 
3.750000 7.375000 2.750000 9.375000 3.000000 11.250000 1.375000 6.375000 2.125000 10.000000 
-1.000000 -1.000000 -1.000000 -1.000000 -1.000000 -1.000000 -1.000000 -1.000000 -1.000000 -1.000000 
2.000000 3.000000 2.333333 1.944444 2.166667 10.722222 2.777778 6.000000 2.333333 7.277778 
2.125000 8.500000 1.875000 1.625000 3.375000 9.875000 3.250000 5.125000 1.375000 5.625000 
3.000000 11.200000 2.700000 6.700000 2.000000 4.400000 3.100000 12.600000 2.300000 10.800000 
2.708333 4.583333 2.250000 10.875000 2.416667 12.208333 2.416667 9.375000 2.791667 5.000000 
3.000000 1.500000 3.500000 3.875000 3.125000 11.750000 3.250000 7.750000 3.125000 2.500000 
2.235294 3.235294 2.882353 11.823529 2.470588 10.176471 3.058824 1.705882 2.823529 9.647059 
2.263158 10.894737 1.736842 4.315789 2.736842 11.000000 2.421053 11.631579 2.842105 2.473684 
1.875000 3.812500 1.625000 11.187500 2.062500 2.312500 2.625000 1.875000 2.562500 9.687500 
2.250000 11.437500 2.000000 9.750000 2.875000 7.125000 2.750000 2.437500 2.437500 7.187500 
1.444444 8.333333 2.222222 4.444444 2.444444 4.777778 2.666667 7.555556 1.666667 3.222222 
1.545455 10.818182 2.454545 11.363636 2.181818 8.000000 2.636364 2.727273 2.909091 11.909091 
2.357143 12.357143 2.000000 2.500000 2.571429 5.857143 2.785714 5.857143 2.857143 5.928571 
3.000000 11.583333 2.416667 6.333333 2.750000 11.916667 3.083333 4.000000 2.666667 2.750000 
1.875000 11.500000 2.875000 9.125000 2.125000 12.500000 3.625000 2.500000 2.000000 9.250000 
2.466667 5.533333 2.733333 6.200000 3.000000 4.266667 2.933333 10.200000 2.733333 8.866667 
2.550000 2.900000 2.950000 3.550000 2.650000 3.500000 2.500000 5.700000 2.600000 2.550000 
2.900000 5.500000 2.400000 2.300000 2.800000 2.000000 2.000000 10.500000 3.100000 8.900000 
2.166667 11.500000 1.916667 1.916667 2.250000 2.833333 2.500000 10.583333 2.083333 3.500000 
2.142857 7.714286 3.142857 12.000000 2.428571 9.857143 1.857143 10.142857 1.428571 11.142857 
2.333333 2.333333 2.000000 1.500000 2.500000 10.500000 3.166667 1.500000 3.333333 4.500000 
2.545455 2.181818 3.000000 8.181818 2.636364 5.909091 2.636364 10.090909 2.272727 7.454545 
2.000000 10.250000 2.125000 10.875000 2.125000 8.750000 2.375000 8.375000 2.375000 12.500000 
3.222222 12.444444 2.555556 8.444444 2.555556 10.333333 2.555556 12.333333 3.111111 6.777778 
2.250000 7.000000 2.000000 12.000000 2.375000 12.125000 2.000000 2.000000 2.875000 7.375000 
2.692308 4.153846 2.384615 6.846154 2.461538 5.769231 2.846154 3.538462 2.615385 2.615385 
-1.000000 -1.000000 -1.000000 -1.000000 -1.000000 -1.000000 -1.000000 -1.000000 -1.000000 -1.000000 
3.000000 11.500000 3.250000 7.500000 2.750000 9.750000 1.250000 5.750000 1.750000 7.750000 
2.076923 10.230769 2.384615 11.692308 2.538462 3.615385 2.692308 12.384615 2.846154 3.153846 
3.000000 12.500000 2.000000 2.000000 1.750000 11.500000 1.250000 4.250000 2.250000 2.000000 
2.428571 12.285714 2.428571 3.142857 2.571429 11.428571 1.285714 7.857143 2.571429 8.000000 
2.750000 4.166667 2.916667 6.166667 2.500000 12.666667 3.000000 7.083333 2.916667 10.750000 
1.857143 11.571429 2.571429 1.285714 3.428571 7.285714 2.857143 2.142857 1.714286 3.571429 
2.888889 8.888889 2.555556 6.000000 3.000000 10.222222 2.333333 7.555556 1.888889 4.555556 
2.454545 1.727273 2.545455 6.818182 2.727273 9.363636 2.000000 12.363636 1.818182 6.181818 
1.000000 12.000000 4.000000 8.000000 1.000000 5.000000 4.000000 7.000000 4.000000 4.000000 
2.200000 6.800000 3.000000 6.400000 2.600000 11.600000 2.800000 1.800000 2.200000 2.000000 
2.428571 7.357143 2.571429 11.500000 2.928571 2.928571 2.285714 9.500000 2.142857 7.928571 
2.200000 6.200000 2.400000 6.000000 1.600000 12.600000 2.600000 7.400000 2.600000 2.600000 
2.333333 9.555556 3.666667 5.666667 2.666667 7.222222 2.111111 11.222222 3.444444 6.777778 

Avg Classes:
2.482072 7.045153 2.496680 6.972112 2.519256 7.025232 2.520584 6.966799 2.525896 6.812749 
2.442700 6.769231 2.466248 7.087912 2.472527 7.183673 2.525903 6.890110 2.554160 7.221350 
2.550725 8.000000 2.304348 6.318841 2.449275 6.739130 2.565217 6.898551 2.463768 6.869565 
2.413793 8.172414 2.482759 7.965517 2.724138 8.620690 2.620690 6.827586 2.758621 6.517241 
2.600000 7.200000 2.000000 8.400000 2.200000 7.800000 1.600000 6.000000 1.400000 5.000000 
2.000000 3.500000 2.000000 6.500000 2.000000 4.500000 2.000000 5.000000 2.000000 6.250000 
4.000000 8.000000 2.500000 7.000000 2.500000 8.000000 3.500000 10.000000 1.500000 7.000000 
1.000000 2.000000 3.000000 2.000000 4.000000 2.000000 2.000000 2.000000 1.000000 8.000000 
-1.000000 -1.000000 -1.000000 -1.000000 -1.000000 -1.000000 -1.000000 -1.000000 -1.000000 -1.000000 
-1.000000 -1.000000 -1.000000 -1.000000 -1.000000 -1.000000 -1.000000 -1.000000 -1.000000 -1.000000 

Cluster 0 is class 5
Cluster 1 is class 0
Cluster 2 is class 4
Cluster 3 is class 2
Cluster 4 is class 5
Cluster 5 is class 7
Cluster 6 is class 6
Cluster 7 is class 2
Cluster 8 is class 1
Cluster 9 is class 6
Cluster 10 is class 4
Cluster 11 is class 0
Cluster 12 is class 2
Cluster 13 is class 1
Cluster 14 is class 2
Cluster 15 is class 4
Cluster 16 is class 0
Cluster 17 is class 6
Cluster 18 is class 3
Cluster 19 is class 3
Cluster 20 is class 5
Cluster 21 is class 0
Cluster 22 is class 3
Cluster 23 is class 3
Cluster 24 is class 1
Cluster 25 is class 0
Cluster 26 is class 6
Cluster 27 is class 2
Cluster 28 is class 4
Cluster 29 is class 4
Cluster 30 is class 0
Cluster 31 is class 6
Cluster 32 is class 0
Cluster 33 is class 6
Cluster 34 is class 2
Cluster 35 is class 5
Cluster 36 is class 0
Cluster 37 is class 0
Cluster 38 is class 1
Cluster 39 is class 2
Cluster 40 is class 2
Cluster 41 is class 0
Cluster 42 is class 6
Cluster 43 is class 2
Cluster 44 is class 1
Cluster 45 is class 0
Cluster 46 is class 2
Cluster 47 is class 5
Cluster 48 is class 3
Cluster 49 is class 3
Cluster 50 is class 1
Cluster 51 is class 6
Cluster 52 is class 5
Cluster 53 is class 6
Cluster 54 is class 0
Cluster 55 is class 0
Cluster 56 is class 1
Cluster 57 is class 8
Cluster 58 is class 0
Cluster 59 is class 0
Cluster 60 is class 6
Cluster 61 is class 3
Cluster 62 is class 0
Cluster 63 is class 1
Cluster 64 is class 6
Cluster 65 is class 5
Cluster 66 is class 0
Cluster 67 is class 2
Cluster 68 is class 0
Cluster 69 is class 2
Cluster 70 is class 3
Cluster 71 is class 3
Cluster 72 is class 0
Cluster 73 is class 5
Cluster 74 is class 2
Cluster 75 is class 2
Cluster 76 is class 1
Cluster 77 is class 1
Cluster 78 is class 1
Cluster 79 is class 0
Cluster 80 is class 6
Cluster 81 is class 3
Cluster 82 is class 5
Cluster 83 is class 8
Cluster 84 is class 3
Cluster 85 is class 6
Cluster 86 is class 2
Cluster 87 is class 2
Cluster 88 is class 0
Cluster 89 is class 2
Cluster 90 is class 3
Cluster 91 is class 1
Cluster 92 is class 0
Cluster 93 is class 4
Cluster 94 is class 0
Cluster 95 is class 3
Cluster 96 is class 2

Overall Accuracy is 0.200667

