----------------------------For Number of clusters 37----------------------------
Number of Iterations for Kmeans: 28
Avg Clusters:
2.462687 2.432836 2.223881 10.059701 2.477612 4.597015 2.701493 4.656716 2.567164 8.701493 
2.606557 9.901639 2.360656 4.475410 2.590164 11.344262 2.803279 3.967213 2.377049 3.360656 
2.314286 10.400000 2.600000 10.485714 2.857143 4.985714 2.514286 10.357143 2.685714 5.242857 
2.485294 10.632353 2.323529 3.705882 2.455882 2.426471 2.514706 3.720588 2.470588 7.367647 
2.407407 10.981481 2.240741 5.629630 2.296296 11.055556 2.611111 10.833333 2.592593 6.222222 
2.666667 6.500000 2.666667 10.595238 2.285714 3.380952 2.476190 9.785714 2.595238 9.714286 
2.442308 2.673077 2.230769 3.250000 2.326923 10.250000 2.519231 4.500000 2.884615 4.461538 
2.349398 4.421687 2.650602 10.180723 2.397590 11.277108 2.686747 4.048193 2.722892 9.807229 
2.368421 10.508772 2.315789 10.824561 2.403509 7.877193 2.631579 3.666667 2.508772 9.736842 
2.644444 10.222222 2.577778 3.466667 2.444444 9.622222 2.266667 5.377778 2.622222 11.177778 
2.636364 8.745455 2.963636 4.000000 2.436364 4.781818 2.472727 10.800000 2.309091 10.872727 
2.790698 11.348837 2.581395 9.720930 2.255814 8.627907 2.209302 4.488372 2.465116 2.930233 
2.363636 4.000000 2.750000 4.272727 2.659091 3.181818 2.613636 8.159091 2.318182 3.045455 
2.475000 9.725000 2.350000 11.425000 2.350000 11.300000 2.550000 10.125000 2.875000 4.075000 
2.368421 2.771930 2.578947 8.614035 2.438596 9.157895 2.350877 11.263158 2.491228 8.771930 
2.534884 10.558140 2.186047 4.767442 2.279070 3.279070 2.372093 10.209302 2.255814 2.674419 
2.612903 5.516129 2.193548 9.580645 2.870968 2.967742 2.451613 2.483871 2.645161 10.741935 
2.142857 3.428571 2.742857 9.828571 2.514286 4.514286 2.371429 11.057143 1.971429 3.057143 
2.462963 3.851852 2.574074 2.907407 2.814815 9.796296 2.759259 10.481481 2.481481 10.018519 
2.325000 5.125000 2.825000 4.850000 2.700000 11.375000 2.150000 10.625000 2.500000 3.425000 
2.468750 3.406250 2.406250 3.750000 2.875000 3.125000 2.750000 2.687500 2.187500 6.343750 
2.391304 12.000000 2.391304 3.217391 2.130435 5.217391 2.739130 10.347826 2.695652 7.086957 
2.658537 4.341463 2.292683 11.292683 2.634146 10.682927 2.536585 9.170732 2.682927 3.731707 
2.950000 9.725000 2.625000 9.750000 2.450000 2.575000 2.425000 3.700000 2.275000 3.125000 
2.757576 4.242424 2.363636 10.727273 2.515152 4.666667 2.545455 4.484848 2.515152 3.060606 
2.344828 5.586207 2.551724 3.310345 2.103448 2.827586 2.103448 3.931034 3.103448 11.344828 
2.347826 10.000000 2.217391 5.478261 2.304348 11.521739 2.347826 1.956522 2.260870 8.913043 
2.500000 11.730769 2.576923 8.538462 2.769231 2.730769 2.769231 6.384615 2.423077 11.576923 
2.413793 8.793103 2.689655 10.724138 2.482759 10.517241 2.275862 9.482759 2.379310 10.931034 
2.272727 2.772727 2.636364 4.363636 2.818182 3.590909 2.454545 11.818182 2.954545 6.909091 
2.952381 5.571429 2.142857 2.476190 2.285714 8.428571 2.333333 3.142857 1.952381 8.047619 
2.076923 3.307692 2.269231 5.153846 2.461538 7.692308 2.538462 2.846154 2.769231 11.423077 
2.133333 1.866667 2.300000 4.966667 1.833333 3.133333 2.833333 9.600000 2.466667 12.166667 
2.194444 3.611111 2.305556 10.666667 2.750000 10.000000 2.666667 2.944444 2.750000 3.361111 
-1.000000 -1.000000 -1.000000 -1.000000 -1.000000 -1.000000 -1.000000 -1.000000 -1.000000 -1.000000 
2.727273 9.303030 2.545455 2.454545 2.727273 8.515152 2.363636 9.363636 2.848485 4.121212 
1.733333 11.600000 2.333333 1.600000 3.200000 6.666667 2.666667 3.066667 2.000000 4.666667 

Avg Classes:
2.482072 7.045153 2.496680 6.972112 2.519256 7.025232 2.520584 6.966799 2.525896 6.812749 
2.442700 6.769231 2.466248 7.087912 2.472527 7.183673 2.525903 6.890110 2.554160 7.221350 
2.550725 8.000000 2.304348 6.318841 2.449275 6.739130 2.565217 6.898551 2.463768 6.869565 
2.413793 8.172414 2.482759 7.965517 2.724138 8.620690 2.620690 6.827586 2.758621 6.517241 
2.600000 7.200000 2.000000 8.400000 2.200000 7.800000 1.600000 6.000000 1.400000 5.000000 
2.000000 3.500000 2.000000 6.500000 2.000000 4.500000 2.000000 5.000000 2.000000 6.250000 
4.000000 8.000000 2.500000 7.000000 2.500000 8.000000 3.500000 10.000000 1.500000 7.000000 
1.000000 2.000000 3.000000 2.000000 4.000000 2.000000 2.000000 2.000000 1.000000 8.000000 
-1.000000 -1.000000 -1.000000 -1.000000 -1.000000 -1.000000 -1.000000 -1.000000 -1.000000 -1.000000 
-1.000000 -1.000000 -1.000000 -1.000000 -1.000000 -1.000000 -1.000000 -1.000000 -1.000000 -1.000000 

Cluster 0 is class 5
Cluster 1 is class 3
Cluster 2 is class 6
Cluster 3 is class 2
Cluster 4 is class 3
Cluster 5 is class 0
Cluster 6 is class 0
Cluster 7 is class 1
Cluster 8 is class 3
Cluster 9 is class 2
Cluster 10 is class 0
Cluster 11 is class 3
Cluster 12 is class 5
Cluster 13 is class 3
Cluster 14 is class 0
Cluster 15 is class 0
Cluster 16 is class 5
Cluster 17 is class 0
Cluster 18 is class 0
Cluster 19 is class 6
Cluster 20 is class 7
Cluster 21 is class 2
Cluster 22 is class 3
Cluster 23 is class 4
Cluster 24 is class 4
Cluster 25 is class 5
Cluster 26 is class 3
Cluster 27 is class 2
Cluster 28 is class 3
Cluster 29 is class 0
Cluster 30 is class 0
Cluster 31 is class 5
Cluster 32 is class 1
Cluster 33 is class 4
Cluster 34 is class 8
Cluster 35 is class 2
Cluster 36 is class 2

Overall Accuracy is 0.194667

