----------------------------For Number of clusters 42----------------------------
Number of Iterations for Kmeans: 23
Avg Clusters:
2.571429 3.587302 2.666667 10.285714 2.412698 11.000000 2.523810 8.492063 2.698413 9.476190 
2.557377 3.770492 2.540984 10.803279 2.868852 8.360656 2.655738 9.459016 2.377049 4.016393 
2.333333 3.526316 2.578947 4.052632 2.491228 3.666667 2.578947 3.122807 2.456140 9.280702 
2.368421 3.263158 2.736842 5.394737 2.421053 3.842105 2.394737 5.394737 2.447368 2.921053 
2.431818 10.568182 2.545455 10.022727 2.295455 10.159091 2.545455 9.590909 2.568182 10.113636 
2.415094 3.830189 2.207547 3.471698 2.358491 11.150943 2.792453 4.981132 2.547170 8.547170 
2.666667 10.215686 2.568627 9.568627 2.725490 2.843137 2.509804 7.607843 2.470588 10.843137 
2.807018 10.649123 2.403509 7.684211 2.666667 3.947368 2.298246 3.298246 2.561404 4.315789 
2.666667 10.727273 2.636364 4.772727 2.515152 10.833333 2.606061 4.969697 2.454545 3.439394 
2.568182 4.590909 2.840909 4.704545 2.659091 11.477273 2.090909 9.863636 2.681818 3.113636 
2.517241 10.793103 2.293103 4.655172 2.586207 9.534483 2.534483 11.051724 2.706897 4.465517 
2.641509 3.490566 2.188679 10.754717 2.528302 3.867925 2.584906 3.094340 2.603774 10.358491 
2.928571 4.428571 2.071429 3.142857 2.214286 10.071429 2.321429 2.464286 2.750000 2.678571 
2.228571 3.742857 2.628571 9.600000 2.457143 10.628571 2.742857 2.714286 2.714286 9.228571 
2.391304 10.673913 2.478261 3.739130 2.260870 2.369565 2.586957 4.173913 2.826087 10.043478 
2.861111 10.138889 2.583333 11.750000 2.361111 5.722222 2.333333 4.583333 2.388889 2.805556 
2.585366 10.853659 2.560976 10.804878 2.243902 11.609756 3.048780 4.804878 2.121951 6.073171 
2.222222 9.222222 2.518519 2.962963 2.592593 11.259259 2.518519 11.555556 2.444444 9.925926 
2.651163 10.023256 2.883721 4.488372 2.348837 4.581395 2.627907 10.930233 2.488372 10.488372 
2.535714 5.464286 2.607143 9.428571 2.321429 2.750000 2.142857 11.678571 2.071429 3.000000 
2.233333 8.800000 2.600000 11.333333 2.366667 11.000000 2.166667 10.866667 2.933333 2.833333 
2.062500 2.906250 2.375000 6.406250 2.187500 2.718750 2.781250 7.906250 2.718750 11.218750 
2.529412 11.147059 2.294118 7.235294 2.764706 3.029412 2.323529 10.205882 2.558824 3.176471 
2.075000 2.775000 2.500000 4.400000 2.900000 8.550000 2.225000 11.275000 2.525000 7.800000 
2.500000 1.800000 2.150000 4.050000 2.000000 4.100000 2.700000 11.000000 2.750000 11.600000 
2.370370 3.333333 2.481481 11.259259 2.629630 3.222222 2.333333 4.037037 2.518519 4.259259 
2.477273 10.500000 2.431818 3.522727 2.500000 10.295455 2.045455 4.363636 2.386364 10.977273 
2.225806 4.193548 2.225806 11.129032 2.419355 10.000000 2.483871 3.580645 2.548387 2.548387 
2.242424 9.909091 2.303030 10.818182 2.151515 7.272727 2.424242 3.090909 2.606061 11.181818 
2.631579 3.578947 2.789474 3.157895 3.105263 9.368421 2.578947 10.736842 1.894737 12.157895 
2.263158 2.263158 2.157895 7.842105 3.157895 9.473684 2.894737 2.894737 3.263158 4.894737 
2.370370 9.962963 2.222222 2.037037 3.037037 6.962963 2.518519 3.259259 2.074074 6.222222 
2.888889 5.185185 2.888889 9.296296 2.407407 6.407407 2.703704 11.111111 2.592593 9.962963 
2.147059 10.529412 2.029412 2.382353 2.176471 4.058824 2.823529 9.176471 2.235294 4.470588 
2.150000 6.550000 2.550000 10.550000 3.000000 2.400000 2.900000 8.750000 2.100000 6.250000 
2.250000 9.687500 2.187500 2.312500 2.375000 1.937500 2.437500 2.375000 1.812500 4.187500 
2.500000 2.500000 3.000000 7.444444 2.666667 3.444444 2.444444 11.833333 2.888889 6.555556 
2.136364 4.909091 2.136364 2.272727 2.454545 2.681818 2.409091 10.636364 2.500000 6.454545 
2.166667 11.083333 2.125000 11.541667 2.500000 6.875000 2.625000 11.625000 2.791667 5.833333 
2.473684 6.157895 2.315789 12.368421 2.473684 11.315789 2.947368 2.315789 2.631579 10.736842 
1.950000 5.550000 2.050000 3.750000 1.950000 7.200000 2.350000 2.450000 3.050000 11.050000 
3.000000 5.600000 2.933333 2.466667 2.266667 4.933333 2.800000 8.533333 2.466667 1.933333 

Avg Classes:
2.482072 7.045153 2.496680 6.972112 2.519256 7.025232 2.520584 6.966799 2.525896 6.812749 
2.442700 6.769231 2.466248 7.087912 2.472527 7.183673 2.525903 6.890110 2.554160 7.221350 
2.550725 8.000000 2.304348 6.318841 2.449275 6.739130 2.565217 6.898551 2.463768 6.869565 
2.413793 8.172414 2.482759 7.965517 2.724138 8.620690 2.620690 6.827586 2.758621 6.517241 
2.600000 7.200000 2.000000 8.400000 2.200000 7.800000 1.600000 6.000000 1.400000 5.000000 
2.000000 3.500000 2.000000 6.500000 2.000000 4.500000 2.000000 5.000000 2.000000 6.250000 
4.000000 8.000000 2.500000 7.000000 2.500000 8.000000 3.500000 10.000000 1.500000 7.000000 
1.000000 2.000000 3.000000 2.000000 4.000000 2.000000 2.000000 2.000000 1.000000 8.000000 
-1.000000 -1.000000 -1.000000 -1.000000 -1.000000 -1.000000 -1.000000 -1.000000 -1.000000 -1.000000 
-1.000000 -1.000000 -1.000000 -1.000000 -1.000000 -1.000000 -1.000000 -1.000000 -1.000000 -1.000000 

Cluster 0 is class 0
Cluster 1 is class 4
Cluster 2 is class 5
Cluster 3 is class 5
Cluster 4 is class 3
Cluster 5 is class 0
Cluster 6 is class 2
Cluster 7 is class 0
Cluster 8 is class 3
Cluster 9 is class 0
Cluster 10 is class 6
Cluster 11 is class 5
Cluster 12 is class 4
Cluster 13 is class 1
Cluster 14 is class 0
Cluster 15 is class 4
Cluster 16 is class 3
Cluster 17 is class 6
Cluster 18 is class 2
Cluster 19 is class 0
Cluster 20 is class 3
Cluster 21 is class 5
Cluster 22 is class 0
Cluster 23 is class 0
Cluster 24 is class 1
Cluster 25 is class 5
Cluster 26 is class 0
Cluster 27 is class 4
Cluster 28 is class 0
Cluster 29 is class 0
Cluster 30 is class 1
Cluster 31 is class 0
Cluster 32 is class 1
Cluster 33 is class 2
Cluster 34 is class 0
Cluster 35 is class 2
Cluster 36 is class 0
Cluster 37 is class 0
Cluster 38 is class 3
Cluster 39 is class 1
Cluster 40 is class 1
Cluster 41 is class 0

Overall Accuracy is 0.252667

