----------------------------For Number of clusters 95----------------------------
Number of Iterations for Kmeans: 22
Avg Clusters:
2.250000 2.750000 2.500000 7.285714 2.142857 2.285714 2.714286 5.178571 2.642857 6.642857 
2.689655 10.000000 2.344828 9.206897 2.517241 2.413793 2.241379 8.896552 2.344828 11.517241 
2.600000 3.100000 2.533333 10.600000 2.733333 7.100000 2.333333 3.100000 3.000000 3.866667 
2.541667 9.416667 2.333333 3.166667 2.291667 2.291667 2.208333 2.166667 2.250000 4.625000 
2.411765 4.617647 2.529412 3.676471 2.294118 4.117647 2.647059 10.352941 2.352941 3.441176 
2.125000 2.843750 2.625000 3.468750 2.781250 3.812500 2.562500 2.406250 2.437500 9.531250 
2.343750 3.812500 2.781250 3.000000 2.937500 9.437500 2.656250 11.250000 2.656250 9.125000 
2.656250 11.437500 2.062500 6.562500 2.750000 4.031250 2.062500 10.531250 2.531250 3.500000 
2.388889 8.222222 2.500000 12.000000 1.888889 5.000000 2.055556 4.111111 2.444444 10.333333 
2.478261 8.695652 3.043478 6.695652 2.565217 7.826087 2.652174 11.347826 2.913043 7.478261 
2.256410 3.692308 2.769231 11.000000 2.820513 7.435897 2.487179 10.256410 2.256410 3.564103 
2.880000 10.440000 2.880000 4.040000 2.720000 7.040000 2.480000 7.040000 2.720000 12.040000 
3.235294 10.588235 2.000000 7.352941 2.941176 1.588235 2.176471 3.294118 2.647059 7.058824 
2.444444 7.000000 2.555556 3.944444 1.944444 2.166667 1.833333 4.111111 3.111111 11.666667 
1.875000 10.062500 2.250000 2.875000 1.937500 3.625000 2.812500 11.187500 1.500000 8.875000 
3.100000 11.066667 2.766667 10.200000 2.600000 3.866667 2.366667 3.366667 2.366667 2.433333 
2.333333 9.444444 2.222222 2.777778 2.333333 11.722222 1.944444 4.055556 2.277778 11.611111 
2.866667 11.666667 2.800000 1.733333 2.333333 7.133333 2.533333 11.133333 2.800000 6.800000 
2.148148 9.555556 2.555556 11.222222 2.518519 10.851852 2.555556 10.851852 3.000000 2.555556 
2.850000 11.150000 2.700000 11.650000 2.400000 11.600000 2.950000 5.250000 2.000000 3.350000 
2.954545 3.000000 2.409091 11.000000 2.727273 3.000000 2.681818 6.136364 2.409091 11.318182 
2.187500 7.250000 2.312500 2.187500 2.375000 7.625000 2.250000 2.937500 2.562500 8.000000 
2.789474 10.736842 2.421053 7.421053 2.105263 8.315789 2.000000 4.684211 2.842105 2.157895 
2.421053 9.684211 3.000000 11.421053 2.736842 6.263158 2.526316 7.684211 2.526316 4.578947 
2.344828 1.655172 2.241379 4.758621 1.793103 3.172414 2.620690 9.655172 2.620690 12.034483 
2.517241 2.655172 2.448276 7.827586 2.793103 11.379310 2.724138 4.068966 2.827586 6.931034 
2.583333 4.916667 2.833333 5.958333 2.416667 11.666667 1.833333 10.666667 2.208333 3.375000 
2.476190 11.714286 2.285714 3.333333 2.761905 1.761905 3.095238 6.000000 3.047619 9.238095 
2.095238 4.619048 1.952381 11.476190 2.571429 10.571429 2.380952 3.904762 2.333333 2.238095 
1.583333 7.416667 2.500000 10.250000 1.583333 2.500000 2.000000 4.583333 1.916667 3.666667 
2.235294 4.588235 2.117647 4.000000 2.470588 6.352941 3.352941 6.058824 2.176471 10.411765 
2.047619 3.142857 2.523810 7.809524 2.285714 8.761905 2.714286 12.000000 3.000000 10.380952 
3.200000 5.466667 2.000000 1.800000 2.466667 10.266667 2.133333 5.400000 2.866667 1.533333 
1.923077 10.000000 2.615385 5.153846 2.307692 12.538462 2.461538 11.000000 2.692308 7.384615 
2.750000 11.812500 2.437500 3.062500 1.937500 10.750000 2.687500 2.812500 2.062500 6.812500 
3.066667 2.933333 2.200000 11.800000 2.933333 4.333333 2.866667 5.600000 2.600000 4.466667 
2.545455 1.818182 1.909091 5.090909 3.454545 9.727273 2.090909 8.272727 2.000000 11.454545 
2.833333 11.750000 2.750000 8.333333 2.833333 3.833333 3.000000 2.916667 2.750000 11.583333 
2.428571 7.238095 2.238095 11.047619 2.000000 11.000000 2.904762 3.476190 2.761905 11.190476 
2.571429 9.619048 2.904762 2.333333 2.333333 8.000000 2.952381 7.809524 2.571429 3.714286 
1.800000 10.100000 3.300000 3.600000 1.600000 2.800000 2.600000 2.300000 2.600000 9.500000 
2.529412 2.823529 1.941176 5.588235 2.764706 10.823529 2.647059 2.352941 2.705882 11.411765 
2.750000 5.500000 2.750000 3.250000 2.500000 6.250000 2.875000 11.750000 1.875000 12.250000 
2.600000 12.400000 2.200000 8.200000 3.200000 7.300000 2.900000 8.500000 3.100000 9.100000 
2.869565 3.391304 2.695652 8.826087 2.608696 6.260870 2.652174 2.565217 2.434783 10.608696 
2.312500 4.875000 2.625000 12.625000 3.250000 9.125000 2.375000 7.687500 2.375000 8.312500 
2.428571 10.142857 1.428571 4.714286 3.000000 7.428571 2.142857 2.714286 2.285714 11.142857 
2.521739 3.565217 2.782609 8.652174 2.086957 1.956522 2.260870 11.521739 2.173913 4.652174 
2.647059 8.882353 2.764706 11.117647 2.411765 11.705882 2.529412 10.294118 2.352941 10.000000 
2.312500 11.062500 2.062500 11.875000 2.062500 7.500000 2.937500 11.625000 2.937500 7.125000 
2.588235 2.235294 2.823529 10.941176 1.764706 10.470588 2.411765 8.352941 2.647059 10.764706 
2.583333 9.166667 2.416667 2.250000 2.250000 10.916667 2.583333 11.833333 2.250000 11.416667 
3.000000 4.090909 2.363636 4.090909 2.000000 9.363636 1.636364 1.545455 2.454545 3.636364 
1.500000 6.000000 2.000000 1.625000 3.250000 9.125000 2.500000 11.250000 2.750000 5.375000 
1.777778 8.000000 1.888889 5.666667 3.111111 9.333333 2.444444 2.000000 3.222222 8.666667 
2.692308 8.461538 2.615385 8.384615 2.307692 1.615385 2.230769 8.461538 2.538462 2.692308 
3.750000 7.375000 2.750000 9.375000 3.000000 11.250000 1.375000 6.375000 2.125000 10.000000 
-1.000000 -1.000000 -1.000000 -1.000000 -1.000000 -1.000000 -1.000000 -1.000000 -1.000000 -1.000000 
2.000000 2.947368 2.315789 2.000000 2.263158 10.789474 2.684211 5.894737 2.263158 7.315789 
1.777778 8.444444 2.888889 2.333333 3.333333 12.333333 3.444444 3.888889 2.000000 4.666667 
2.888889 11.444444 2.666667 6.666667 1.777778 4.111111 3.000000 12.666667 2.333333 10.888889 
2.739130 4.565217 2.217391 10.826087 2.347826 12.260870 2.391304 9.304348 2.782609 4.869565 
2.625000 1.875000 3.375000 3.250000 3.000000 11.750000 3.125000 8.125000 3.125000 2.375000 
2.055556 3.611111 2.722222 12.111111 2.500000 10.722222 2.777778 1.388889 3.055556 9.388889 
2.263158 10.894737 1.736842 4.315789 2.736842 11.000000 2.421053 11.631579 2.842105 2.473684 
1.875000 3.812500 1.625000 11.187500 2.062500 2.312500 2.625000 1.875000 2.562500 9.687500 
2.352941 11.529412 2.000000 9.823529 2.823529 7.235294 2.705882 2.411765 2.352941 7.000000 
1.142857 8.428571 1.000000 3.714286 2.857143 3.857143 2.714286 6.428571 1.571429 5.142857 
1.545455 10.818182 2.454545 11.363636 2.181818 8.000000 2.636364 2.727273 2.909091 11.909091 
2.375000 12.625000 1.625000 2.375000 2.375000 5.125000 2.750000 5.000000 2.625000 5.875000 
2.733333 11.400000 2.400000 6.000000 2.733333 11.800000 2.933333 4.333333 3.000000 3.333333 
1.875000 11.500000 2.875000 9.125000 2.125000 12.500000 3.625000 2.500000 2.000000 9.250000 
2.428571 5.428571 2.642857 6.142857 3.071429 4.142857 3.071429 10.142857 2.857143 8.928571 
2.550000 2.900000 2.950000 3.550000 2.650000 3.500000 2.500000 5.700000 2.600000 2.550000 
2.900000 5.500000 2.400000 2.300000 2.800000 2.000000 2.000000 10.500000 3.100000 8.900000 
2.153846 11.307692 2.000000 2.076923 2.307692 2.923077 2.384615 10.230769 2.076923 3.307692 
2.727273 6.181818 3.090909 12.090909 2.909091 4.636364 1.909091 10.909091 2.727273 10.818182 
2.333333 2.333333 2.000000 1.500000 2.500000 10.500000 3.166667 1.500000 3.333333 4.500000 
2.272727 1.727273 2.636364 7.727273 2.727273 6.090909 2.272727 10.636364 2.181818 7.181818 
2.142857 10.571429 2.142857 10.714286 2.142857 9.142857 2.428571 8.285714 2.142857 12.428571 
3.000000 12.500000 2.800000 8.000000 2.400000 10.500000 2.500000 11.900000 2.800000 6.900000 
1.875000 7.625000 2.500000 11.250000 2.375000 12.125000 2.625000 3.375000 2.500000 7.000000 
2.692308 4.153846 2.384615 6.846154 2.461538 5.769231 2.846154 3.538462 2.615385 2.615385 
-1.000000 -1.000000 -1.000000 -1.000000 -1.000000 -1.000000 -1.000000 -1.000000 -1.000000 -1.000000 
2.857143 11.571429 2.428571 7.428571 2.142857 10.285714 2.142857 6.571429 1.428571 7.285714 
2.076923 10.230769 2.384615 11.692308 2.538462 3.615385 2.692308 12.384615 2.846154 3.153846 
2.600000 12.400000 2.400000 2.200000 1.600000 11.800000 1.800000 3.800000 2.000000 2.000000 
2.428571 12.285714 2.428571 3.142857 2.571429 11.428571 1.285714 7.857143 2.571429 8.000000 
2.909091 4.181818 2.818182 5.909091 2.636364 12.636364 3.000000 7.090909 3.090909 10.818182 
1.500000 11.500000 2.833333 1.333333 3.500000 7.000000 2.833333 2.166667 1.500000 3.166667 
2.888889 8.888889 2.555556 6.000000 3.000000 10.222222 2.333333 7.555556 1.888889 4.555556 
2.888889 1.777778 2.777778 7.222222 2.666667 10.333333 2.444444 12.666667 2.000000 6.333333 
1.000000 12.000000 4.000000 8.000000 1.000000 5.000000 4.000000 7.000000 4.000000 4.000000 
2.571429 7.571429 2.571429 6.428571 2.428571 11.571429 3.000000 2.000000 2.428571 1.714286 
2.444444 8.222222 2.333333 11.000000 3.000000 2.777778 3.000000 9.111111 1.666667 7.333333 

Avg Classes:
2.482072 7.045153 2.496680 6.972112 2.519256 7.025232 2.520584 6.966799 2.525896 6.812749 
2.442700 6.769231 2.466248 7.087912 2.472527 7.183673 2.525903 6.890110 2.554160 7.221350 
2.550725 8.000000 2.304348 6.318841 2.449275 6.739130 2.565217 6.898551 2.463768 6.869565 
2.413793 8.172414 2.482759 7.965517 2.724138 8.620690 2.620690 6.827586 2.758621 6.517241 
2.600000 7.200000 2.000000 8.400000 2.200000 7.800000 1.600000 6.000000 1.400000 5.000000 
2.000000 3.500000 2.000000 6.500000 2.000000 4.500000 2.000000 5.000000 2.000000 6.250000 
4.000000 8.000000 2.500000 7.000000 2.500000 8.000000 3.500000 10.000000 1.500000 7.000000 
1.000000 2.000000 3.000000 2.000000 4.000000 2.000000 2.000000 2.000000 1.000000 8.000000 
-1.000000 -1.000000 -1.000000 -1.000000 -1.000000 -1.000000 -1.000000 -1.000000 -1.000000 -1.000000 
-1.000000 -1.000000 -1.000000 -1.000000 -1.000000 -1.000000 -1.000000 -1.000000 -1.000000 -1.000000 

Cluster 0 is class 5
Cluster 1 is class 0
Cluster 2 is class 4
Cluster 3 is class 2
Cluster 4 is class 0
Cluster 5 is class 7
Cluster 6 is class 6
Cluster 7 is class 2
Cluster 8 is class 1
Cluster 9 is class 6
Cluster 10 is class 4
Cluster 11 is class 0
Cluster 12 is class 2
Cluster 13 is class 1
Cluster 14 is class 0
Cluster 15 is class 4
Cluster 16 is class 0
Cluster 17 is class 6
Cluster 18 is class 3
Cluster 19 is class 3
Cluster 20 is class 5
Cluster 21 is class 2
Cluster 22 is class 3
Cluster 23 is class 3
Cluster 24 is class 1
Cluster 25 is class 0
Cluster 26 is class 6
Cluster 27 is class 2
Cluster 28 is class 4
Cluster 29 is class 4
Cluster 30 is class 0
Cluster 31 is class 6
Cluster 32 is class 0
Cluster 33 is class 3
Cluster 34 is class 2
Cluster 35 is class 5
Cluster 36 is class 0
Cluster 37 is class 0
Cluster 38 is class 1
Cluster 39 is class 2
Cluster 40 is class 2
Cluster 41 is class 0
Cluster 42 is class 6
Cluster 43 is class 2
Cluster 44 is class 5
Cluster 45 is class 0
Cluster 46 is class 2
Cluster 47 is class 5
Cluster 48 is class 3
Cluster 49 is class 6
Cluster 50 is class 1
Cluster 51 is class 6
Cluster 52 is class 0
Cluster 53 is class 6
Cluster 54 is class 1
Cluster 55 is class 0
Cluster 56 is class 1
Cluster 57 is class 8
Cluster 58 is class 0
Cluster 59 is class 2
Cluster 60 is class 6
Cluster 61 is class 3
Cluster 62 is class 0
Cluster 63 is class 3
Cluster 64 is class 6
Cluster 65 is class 5
Cluster 66 is class 2
Cluster 67 is class 2
Cluster 68 is class 0
Cluster 69 is class 2
Cluster 70 is class 3
Cluster 71 is class 3
Cluster 72 is class 0
Cluster 73 is class 5
Cluster 74 is class 2
Cluster 75 is class 2
Cluster 76 is class 1
Cluster 77 is class 1
Cluster 78 is class 0
Cluster 79 is class 1
Cluster 80 is class 6
Cluster 81 is class 3
Cluster 82 is class 5
Cluster 83 is class 8
Cluster 84 is class 3
Cluster 85 is class 6
Cluster 86 is class 2
Cluster 87 is class 2
Cluster 88 is class 0
Cluster 89 is class 2
Cluster 90 is class 3
Cluster 91 is class 6
Cluster 92 is class 0
Cluster 93 is class 4
Cluster 94 is class 0

Overall Accuracy is 0.197333

