----------------------------For Number of clusters 51----------------------------
Number of Iterations for Kmeans: 29
Avg Clusters:
2.589286 3.285714 2.714286 10.714286 2.357143 11.000000 2.678571 9.089286 2.660714 9.053571 
2.404255 3.382979 2.744681 10.446809 2.851064 7.276596 2.574468 9.680851 2.340426 3.872340 
2.454545 3.545455 2.500000 4.469697 2.484848 4.484848 2.500000 2.772727 2.575758 10.045455 
2.103448 2.379310 2.724138 4.724138 2.482759 3.655172 2.000000 7.000000 2.551724 3.482759 
2.447368 9.526316 2.578947 11.157895 2.394737 9.657895 2.552632 9.078947 2.368421 10.500000 
2.480769 3.730769 2.211538 3.769231 2.423077 11.461538 2.750000 4.884615 2.634615 8.557692 
2.688889 10.488889 2.444444 9.266667 2.466667 2.888889 2.511111 9.355556 2.444444 10.711111 
2.693878 10.857143 2.224490 8.000000 2.714286 3.795918 2.265306 3.469388 2.530612 5.673469 
2.520833 11.083333 2.625000 3.750000 2.500000 11.270833 2.750000 4.000000 2.437500 3.729167 
2.710526 4.236842 2.921053 5.763158 2.526316 11.868421 2.131579 9.815789 2.605263 3.368421 
2.464286 10.625000 2.285714 5.107143 2.714286 9.785714 2.357143 10.982143 2.785714 3.910714 
2.529412 3.431373 2.235294 10.980392 2.431373 3.607843 2.568627 3.431373 2.647059 10.470588 
2.916667 4.458333 2.000000 3.083333 2.250000 10.166667 2.333333 2.166667 2.916667 2.500000 
2.324324 3.135135 2.324324 9.189189 2.756757 10.081081 2.675676 2.891892 2.918919 8.540541 
2.319149 10.574468 2.510638 4.085106 2.319149 2.489362 2.574468 3.914894 2.851064 10.319149 
2.627907 9.302326 2.790698 11.116279 2.511628 6.023256 2.186047 5.069767 2.465116 3.162791 
2.730769 11.769231 2.384615 6.961538 2.730769 8.730769 2.692308 9.846154 2.923077 9.192308 
2.428571 9.178571 2.464286 2.785714 2.571429 11.285714 2.571429 11.571429 2.428571 9.642857 
2.593750 7.312500 2.875000 4.062500 2.781250 4.375000 2.375000 9.281250 2.468750 11.125000 
2.947368 5.000000 2.736842 8.210526 1.894737 2.578947 2.263158 11.473684 2.052632 2.684211 
2.692308 8.307692 2.500000 9.884615 2.307692 11.923077 2.423077 6.653846 2.653846 6.153846 
2.171429 2.400000 2.485714 5.457143 2.314286 3.657143 2.628571 8.228571 2.342857 11.400000 
2.882353 11.117647 2.294118 7.941176 2.470588 9.588235 2.411765 6.470588 2.294118 2.529412 
2.242424 3.000000 2.484848 4.181818 2.909091 8.575758 2.363636 11.393939 2.545455 7.696970 
2.571429 2.357143 2.071429 4.500000 1.928571 3.714286 2.928571 12.642857 3.000000 11.285714 
2.464286 3.071429 2.642857 10.964286 2.535714 3.142857 2.571429 4.142857 2.500000 4.035714 
2.513514 10.270270 2.594595 3.243243 2.540541 10.108108 2.027027 4.378378 2.459459 11.216216 
2.354839 3.741935 2.225806 11.774194 2.677419 10.419355 2.322581 4.161290 2.387097 2.741935 
2.294118 10.029412 2.529412 11.000000 2.176471 7.205882 2.352941 3.323529 2.676471 11.176471 
2.588235 3.117647 2.647059 3.588235 3.235294 10.411765 2.529412 10.411765 1.764706 12.176471 
2.176471 3.882353 2.647059 8.176471 2.470588 8.823529 2.882353 2.529412 2.941176 3.705882 
2.250000 9.041667 2.208333 2.291667 3.000000 7.291667 2.291667 2.750000 2.291667 6.916667 
2.318182 3.954545 2.363636 8.636364 2.272727 7.000000 2.818182 11.545455 2.909091 10.181818 
2.200000 10.600000 2.028571 2.600000 2.200000 4.057143 2.571429 9.885714 2.257143 3.971429 
2.058824 5.647059 2.588235 9.470588 2.764706 2.235294 3.058824 8.647059 2.588235 6.823529 
3.125000 10.437500 2.437500 8.875000 2.437500 2.500000 2.687500 2.437500 2.375000 1.937500 
2.857143 2.285714 3.000000 8.285714 2.357143 3.000000 2.357143 11.785714 2.785714 7.000000 
2.111111 4.722222 1.888889 2.166667 2.333333 2.722222 2.333333 11.055556 2.444444 6.000000 
2.206897 11.068966 2.137931 11.413793 2.517241 6.931034 2.551724 11.827586 3.068966 5.000000 
2.272727 5.954545 2.318182 12.409091 2.409091 11.454545 2.954545 2.227273 2.500000 10.500000 
2.333333 6.000000 2.083333 3.416667 2.166667 7.000000 3.750000 5.500000 1.916667 9.250000 
2.437500 6.500000 2.687500 2.812500 2.437500 4.312500 3.125000 7.625000 2.125000 2.312500 
3.000000 11.857143 2.714286 12.214286 2.142857 11.214286 3.285714 4.714286 2.214286 3.428571 
2.375000 5.062500 2.562500 3.875000 2.562500 2.937500 2.312500 2.187500 2.187500 4.312500 
2.000000 8.076923 2.769231 11.615385 3.000000 1.923077 2.538462 10.692308 1.846154 4.230769 
2.136364 7.227273 2.409091 12.000000 2.409091 10.863636 2.318182 11.045455 2.500000 2.500000 
2.437500 11.875000 1.750000 1.625000 2.187500 2.812500 2.687500 3.500000 2.437500 4.937500 
2.909091 11.590909 2.318182 7.136364 2.636364 2.636364 2.363636 10.000000 2.500000 3.409091 
2.176471 6.058824 2.705882 1.647059 2.705882 9.470588 2.352941 8.705882 2.882353 2.764706 
2.235294 10.941176 2.470588 8.411765 2.411765 12.176471 2.764706 2.941176 1.882353 9.058824 
2.333333 11.222222 3.166667 3.000000 1.833333 5.000000 3.000000 11.833333 2.277778 9.444444 

Avg Classes:
2.482072 7.045153 2.496680 6.972112 2.519256 7.025232 2.520584 6.966799 2.525896 6.812749 
2.442700 6.769231 2.466248 7.087912 2.472527 7.183673 2.525903 6.890110 2.554160 7.221350 
2.550725 8.000000 2.304348 6.318841 2.449275 6.739130 2.565217 6.898551 2.463768 6.869565 
2.413793 8.172414 2.482759 7.965517 2.724138 8.620690 2.620690 6.827586 2.758621 6.517241 
2.600000 7.200000 2.000000 8.400000 2.200000 7.800000 1.600000 6.000000 1.400000 5.000000 
2.000000 3.500000 2.000000 6.500000 2.000000 4.500000 2.000000 5.000000 2.000000 6.250000 
4.000000 8.000000 2.500000 7.000000 2.500000 8.000000 3.500000 10.000000 1.500000 7.000000 
1.000000 2.000000 3.000000 2.000000 4.000000 2.000000 2.000000 2.000000 1.000000 8.000000 
-1.000000 -1.000000 -1.000000 -1.000000 -1.000000 -1.000000 -1.000000 -1.000000 -1.000000 -1.000000 
-1.000000 -1.000000 -1.000000 -1.000000 -1.000000 -1.000000 -1.000000 -1.000000 -1.000000 -1.000000 

Cluster 0 is class 1
Cluster 1 is class 0
Cluster 2 is class 5
Cluster 3 is class 5
Cluster 4 is class 3
Cluster 5 is class 0
Cluster 6 is class 0
Cluster 7 is class 2
Cluster 8 is class 0
Cluster 9 is class 6
Cluster 10 is class 6
Cluster 11 is class 5
Cluster 12 is class 0
Cluster 13 is class 1
Cluster 14 is class 0
Cluster 15 is class 4
Cluster 16 is class 6
Cluster 17 is class 6
Cluster 18 is class 2
Cluster 19 is class 0
Cluster 20 is class 3
Cluster 21 is class 5
Cluster 22 is class 3
Cluster 23 is class 0
Cluster 24 is class 0
Cluster 25 is class 5
Cluster 26 is class 0
Cluster 27 is class 4
Cluster 28 is class 0
Cluster 29 is class 0
Cluster 30 is class 4
Cluster 31 is class 2
Cluster 32 is class 0
Cluster 33 is class 2
Cluster 34 is class 0
Cluster 35 is class 4
Cluster 36 is class 1
Cluster 37 is class 2
Cluster 38 is class 6
Cluster 39 is class 1
Cluster 40 is class 0
Cluster 41 is class 0
Cluster 42 is class 3
Cluster 43 is class 5
Cluster 44 is class 0
Cluster 45 is class 3
Cluster 46 is class 2
Cluster 47 is class 0
Cluster 48 is class 0
Cluster 49 is class 3
Cluster 50 is class 2

Overall Accuracy is 0.244000

