----------------------------For Number of clusters 74----------------------------
Number of Iterations for Kmeans: 19
Avg Clusters:
2.431818 2.840909 2.659091 9.977273 2.386364 10.545455 2.409091 9.909091 2.500000 10.295455 
2.263158 3.868421 2.789474 10.947368 2.526316 7.421053 2.710526 10.236842 2.500000 5.184211 
2.750000 3.675000 2.525000 4.500000 2.475000 3.300000 2.700000 2.900000 2.300000 9.350000 
2.240000 2.640000 2.960000 5.800000 2.280000 3.120000 1.920000 6.720000 2.560000 2.640000 
2.676471 8.970588 2.558824 10.882353 2.147059 9.705882 2.705882 6.088235 2.382353 11.117647 
2.333333 3.388889 2.305556 3.138889 2.361111 11.277778 2.666667 4.972222 2.583333 7.694444 
2.774194 10.322581 2.419355 9.806452 2.483871 2.612903 2.548387 9.580645 2.387097 11.322581 
2.921053 10.447368 2.342105 7.947368 2.815789 2.710526 2.184211 3.605263 2.526316 5.789474 
2.645161 10.838710 2.709677 4.741935 2.387097 11.741935 2.774194 3.387097 2.516129 2.870968 
3.100000 3.500000 2.500000 8.700000 2.600000 11.450000 1.700000 7.600000 3.000000 2.950000 
2.307692 11.153846 2.230769 5.948718 2.589744 10.333333 2.564103 10.974359 2.846154 3.205128 
2.659574 3.680851 2.212766 10.978723 2.489362 3.914894 2.638298 2.957447 2.510638 10.510638 
1.764706 3.470588 1.764706 3.647059 2.647059 6.470588 2.823529 6.529412 2.470588 6.058824 
2.363636 3.272727 2.696970 9.666667 2.515152 9.727273 2.787879 2.787879 2.878788 8.060606 
2.181818 9.848485 2.878788 4.000000 2.090909 3.000000 2.272727 2.878788 2.727273 10.575758 
2.550000 10.350000 2.950000 10.800000 2.350000 5.350000 2.400000 6.900000 2.450000 3.350000 
2.782609 11.173913 1.956522 11.652174 2.260870 8.782609 3.000000 10.304348 2.782609 7.521739 
2.692308 8.230769 2.807692 3.500000 2.461538 10.346154 2.692308 11.884615 2.846154 8.769231 
2.814815 10.148148 2.962963 4.888889 2.814815 3.777778 2.629630 7.962963 2.888889 11.444444 
2.500000 4.833333 2.722222 8.944444 2.000000 2.944444 2.055556 11.833333 2.000000 2.777778 
2.500000 7.863636 2.545455 8.545455 2.318182 11.863636 2.636364 7.863636 2.500000 6.181818 
2.212121 2.393939 2.575758 7.212121 2.272727 2.696970 2.757576 7.727273 2.848485 11.212121 
2.941176 10.294118 2.352941 7.764706 2.588235 9.000000 2.000000 5.705882 2.529412 2.823529 
2.333333 2.888889 2.518519 4.333333 2.962963 8.703704 2.370370 11.740741 2.407407 7.296296 
2.190476 2.952381 2.619048 3.285714 2.523810 5.571429 2.380952 9.809524 2.333333 11.523810 
2.520000 3.520000 2.480000 11.440000 2.720000 3.400000 2.240000 3.960000 2.480000 4.200000 
2.366667 9.666667 2.633333 3.100000 2.266667 10.466667 1.933333 4.700000 2.366667 11.300000 
1.750000 5.750000 2.083333 12.166667 2.500000 9.583333 3.166667 5.583333 2.083333 1.666667 
2.352941 9.764706 2.235294 11.764706 2.470588 9.529412 2.647059 3.705882 2.235294 7.352941 
2.529412 2.647059 2.411765 4.000000 3.176471 10.176471 2.352941 10.411765 2.000000 11.941176 
2.045455 2.727273 2.363636 10.272727 2.500000 10.318182 2.227273 2.636364 2.818182 3.363636 
2.714286 10.380952 1.857143 4.238095 2.714286 8.904762 2.714286 2.142857 2.666667 8.142857 
2.700000 6.000000 2.950000 7.800000 2.600000 5.900000 2.800000 11.200000 2.600000 10.350000 
2.555556 9.777778 2.583333 2.500000 2.444444 7.222222 2.527778 8.805556 2.500000 4.388889 
1.769231 4.615385 2.769231 8.769231 2.923077 2.153846 3.000000 8.692308 2.461538 6.384615 
3.166667 10.583333 2.583333 8.750000 2.833333 2.083333 2.750000 2.250000 2.083333 1.750000 
3.153846 2.461538 2.769231 8.153846 2.307692 3.000000 2.461538 12.000000 2.923077 6.692308 
2.000000 3.333333 2.333333 2.888889 2.333333 3.055556 2.277778 11.500000 2.777778 6.111111 
2.000000 11.095238 2.285714 11.095238 2.714286 6.285714 2.238095 12.095238 2.952381 4.380952 
2.166667 5.500000 1.944444 12.222222 2.555556 11.555556 2.777778 1.944444 2.722222 10.888889 
2.166667 7.166667 2.000000 1.666667 2.583333 6.583333 2.166667 2.500000 2.333333 8.666667 
3.076923 5.000000 2.923077 2.615385 2.153846 3.846154 3.153846 8.307692 1.923077 1.769231 
2.727273 11.636364 2.090909 12.272727 1.909091 10.636364 3.090909 3.818182 1.727273 2.818182 
2.647059 5.764706 2.764706 3.529412 2.235294 3.000000 2.294118 1.941176 1.823529 4.294118 
2.500000 8.900000 2.400000 11.300000 3.300000 1.700000 2.600000 10.200000 2.100000 3.500000 
2.157895 7.421053 2.526316 11.947368 2.421053 11.000000 2.210526 11.157895 2.684211 2.315789 
2.125000 12.250000 1.875000 1.750000 2.187500 3.437500 2.812500 4.250000 2.312500 5.062500 
2.531250 10.781250 2.125000 6.437500 2.468750 3.250000 2.343750 10.187500 2.531250 3.250000 
3.066667 6.066667 2.200000 1.866667 2.733333 10.266667 2.333333 5.733333 2.733333 1.933333 
2.416667 10.833333 2.500000 8.416667 2.500000 12.583333 2.750000 2.750000 1.750000 9.000000 
2.423077 10.423077 2.500000 3.269231 1.923077 4.307692 2.576923 11.923077 2.269231 8.769231 
2.692308 3.384615 1.923077 11.692308 2.846154 11.923077 3.000000 7.923077 2.846154 6.076923 
2.312500 12.437500 2.375000 4.687500 2.750000 10.312500 2.187500 8.375000 2.562500 8.500000 
1.961538 10.653846 2.538462 10.615385 2.269231 6.192308 2.423077 3.000000 2.807692 11.269231 
2.166667 7.000000 1.916667 1.750000 3.250000 11.416667 2.833333 11.583333 2.666667 5.000000 
1.727273 7.090909 2.000000 2.363636 3.272727 2.272727 2.272727 7.000000 2.000000 7.090909 
2.769231 4.615385 2.692308 6.076923 2.538462 11.538462 1.923077 11.692308 1.615385 3.230769 
2.583333 12.000000 1.500000 3.250000 2.750000 1.333333 2.500000 6.416667 3.250000 8.583333 
2.500000 2.083333 3.000000 10.583333 3.000000 6.166667 2.750000 7.666667 2.000000 2.416667 
2.400000 8.400000 2.700000 2.300000 2.300000 7.800000 2.500000 10.600000 1.900000 12.500000 
2.200000 11.300000 2.900000 7.300000 2.600000 12.400000 2.200000 12.000000 3.000000 9.300000 
2.500000 8.500000 2.125000 11.000000 3.125000 2.750000 2.875000 9.125000 1.750000 7.375000 
2.400000 12.000000 2.400000 7.400000 2.000000 6.900000 1.800000 2.100000 3.000000 2.800000 
3.000000 2.333333 1.666667 4.666667 1.333333 2.000000 3.333333 12.166667 2.500000 12.666667 
1.750000 11.250000 2.125000 2.250000 2.000000 2.500000 2.125000 11.250000 1.625000 2.500000 
3.625000 11.500000 3.250000 11.375000 3.000000 11.875000 3.125000 7.250000 2.625000 2.625000 
2.700000 9.000000 3.300000 12.300000 2.300000 4.500000 2.400000 2.600000 2.700000 3.500000 
2.272727 7.636364 3.454545 11.636364 2.636364 7.636364 2.000000 10.181818 2.545455 11.181818 
2.928571 3.571429 1.642857 3.357143 2.357143 10.142857 2.142857 1.500000 3.142857 2.714286 
1.933333 10.866667 2.333333 1.600000 2.933333 10.000000 3.066667 3.533333 1.933333 4.866667 
1.904762 3.285714 2.285714 4.285714 2.523810 7.333333 2.761905 2.714286 2.904762 11.666667 
2.705882 3.294118 2.294118 6.823529 2.647059 12.176471 2.823529 4.411765 3.235294 10.941176 
2.545455 5.000000 2.272727 8.000000 2.454545 6.909091 3.363636 3.181818 2.909091 2.909091 
2.625000 1.875000 3.375000 3.250000 3.000000 11.750000 3.125000 8.125000 3.125000 2.375000 

Avg Classes:
2.482072 7.045153 2.496680 6.972112 2.519256 7.025232 2.520584 6.966799 2.525896 6.812749 
2.442700 6.769231 2.466248 7.087912 2.472527 7.183673 2.525903 6.890110 2.554160 7.221350 
2.550725 8.000000 2.304348 6.318841 2.449275 6.739130 2.565217 6.898551 2.463768 6.869565 
2.413793 8.172414 2.482759 7.965517 2.724138 8.620690 2.620690 6.827586 2.758621 6.517241 
2.600000 7.200000 2.000000 8.400000 2.200000 7.800000 1.600000 6.000000 1.400000 5.000000 
2.000000 3.500000 2.000000 6.500000 2.000000 4.500000 2.000000 5.000000 2.000000 6.250000 
4.000000 8.000000 2.500000 7.000000 2.500000 8.000000 3.500000 10.000000 1.500000 7.000000 
1.000000 2.000000 3.000000 2.000000 4.000000 2.000000 2.000000 2.000000 1.000000 8.000000 
-1.000000 -1.000000 -1.000000 -1.000000 -1.000000 -1.000000 -1.000000 -1.000000 -1.000000 -1.000000 
-1.000000 -1.000000 -1.000000 -1.000000 -1.000000 -1.000000 -1.000000 -1.000000 -1.000000 -1.000000 

Cluster 0 is class 0
Cluster 1 is class 0
Cluster 2 is class 5
Cluster 3 is class 5
Cluster 4 is class 3
Cluster 5 is class 1
Cluster 6 is class 2
Cluster 7 is class 0
Cluster 8 is class 3
Cluster 9 is class 3
Cluster 10 is class 3
Cluster 11 is class 5
Cluster 12 is class 5
Cluster 13 is class 0
Cluster 14 is class 2
Cluster 15 is class 3
Cluster 16 is class 3
Cluster 17 is class 6
Cluster 18 is class 0
Cluster 19 is class 0
Cluster 20 is class 3
Cluster 21 is class 5
Cluster 22 is class 3
Cluster 23 is class 1
Cluster 24 is class 0
Cluster 25 is class 5
Cluster 26 is class 0
Cluster 27 is class 4
Cluster 28 is class 3
Cluster 29 is class 0
Cluster 30 is class 4
Cluster 31 is class 0
Cluster 32 is class 0
Cluster 33 is class 2
Cluster 34 is class 5
Cluster 35 is class 4
Cluster 36 is class 5
Cluster 37 is class 5
Cluster 38 is class 6
Cluster 39 is class 3
Cluster 40 is class 2
Cluster 41 is class 0
Cluster 42 is class 3
Cluster 43 is class 5
Cluster 44 is class 0
Cluster 45 is class 3
Cluster 46 is class 2
Cluster 47 is class 2
Cluster 48 is class 0
Cluster 49 is class 3
Cluster 50 is class 6
Cluster 51 is class 0
Cluster 52 is class 2
Cluster 53 is class 0
Cluster 54 is class 6
Cluster 55 is class 0
Cluster 56 is class 6
Cluster 57 is class 2
Cluster 58 is class 4
Cluster 59 is class 2
Cluster 60 is class 6
Cluster 61 is class 0
Cluster 62 is class 4
Cluster 63 is class 0
Cluster 64 is class 0
Cluster 65 is class 3
Cluster 66 is class 4
Cluster 67 is class 6
Cluster 68 is class 4
Cluster 69 is class 2
Cluster 70 is class 0
Cluster 71 is class 1
Cluster 72 is class 4
Cluster 73 is class 0

Overall Accuracy is 0.187333

