----------------------------For Number of clusters 30----------------------------
Number of Iterations for Kmeans: 43
Avg Clusters:
2.376471 9.694118 2.200000 3.223529 2.505882 9.964706 2.388235 4.117647 2.400000 9.211765 
2.724638 10.971014 2.652174 5.724638 2.362319 10.753623 2.724638 4.550725 2.391304 3.260870 
2.602564 9.961538 2.820513 4.602564 2.358974 8.641026 2.525641 11.051282 2.705128 9.282051 
2.660377 10.433962 2.169811 4.283019 2.490566 2.754717 2.452830 2.943396 2.339623 4.735849 
2.468354 3.506329 2.316456 10.126582 2.873418 8.784810 2.594937 4.670886 2.658228 3.518987 
2.467742 3.354839 2.500000 8.129032 2.532258 10.870968 2.370968 5.935484 2.822581 10.112903 
2.408451 4.014085 2.619718 9.816901 2.535211 4.323944 2.690141 10.323944 2.619718 7.056338 
2.807692 10.980769 2.500000 11.307692 2.423077 7.288462 2.365385 3.923077 2.173077 3.673077 
2.414286 10.185714 2.271429 3.728571 2.171429 3.900000 2.357143 10.285714 2.300000 4.214286 
2.281250 3.109375 2.890625 4.437500 2.421875 4.125000 2.359375 9.109375 2.359375 3.453125 
2.644444 9.622222 2.600000 9.377778 2.822222 2.644444 2.622222 7.111111 2.466667 3.822222 
2.483871 3.629032 2.661290 9.758065 2.306452 10.838710 2.370968 10.951613 2.322581 7.403226 
2.320000 11.300000 2.180000 10.760000 2.400000 9.020000 2.740000 10.820000 2.960000 6.820000 
2.181818 9.772727 2.590909 11.318182 2.818182 4.363636 2.409091 12.136364 2.681818 2.954545 
2.641509 3.433962 2.207547 2.698113 2.603774 10.641509 2.547170 4.471698 2.905660 3.773585 
2.419355 11.354839 2.580645 3.225806 2.677419 2.193548 3.129032 6.580645 2.806452 9.419355 
2.400000 3.676923 2.600000 3.292308 2.753846 8.800000 2.769231 10.476923 2.415385 9.784615 
2.255319 3.851064 2.361702 10.255319 2.340426 3.170213 2.531915 3.085106 2.468085 5.297872 
2.666667 9.711111 2.688889 9.200000 2.533333 3.266667 2.400000 9.666667 2.377778 11.666667 
2.474576 9.084746 2.474576 10.949153 2.288136 10.474576 2.661017 4.050847 2.271186 10.389831 
2.424242 9.969697 2.636364 10.424242 2.424242 4.606061 2.575758 3.454545 2.636364 10.515152 
2.256410 2.410256 2.307692 4.666667 2.179487 3.435897 2.384615 10.230769 2.564103 11.384615 
2.875000 3.000000 2.250000 10.150000 2.675000 3.625000 2.525000 3.525000 2.525000 11.325000 
2.390244 3.951220 2.390244 3.195122 2.926829 3.756098 2.585366 2.926829 2.048780 7.317073 
2.875000 4.562500 2.562500 3.812500 1.937500 1.750000 2.375000 5.437500 3.437500 11.312500 
2.142857 3.428571 2.392857 4.285714 2.428571 7.571429 2.571429 2.500000 2.750000 11.535714 
2.074074 3.814815 2.592593 11.666667 2.518519 10.814815 2.888889 1.925926 2.851852 9.111111 
2.352941 9.392157 2.156863 4.117647 2.803922 10.921569 2.470588 10.686275 2.607843 3.294118 
2.043478 9.652174 2.695652 4.521739 2.043478 3.347826 2.000000 2.347826 2.826087 10.869565 
2.425000 6.675000 2.450000 11.025000 2.475000 11.225000 2.225000 9.800000 2.550000 2.625000 

Avg Classes:
2.482072 7.045153 2.496680 6.972112 2.519256 7.025232 2.520584 6.966799 2.525896 6.812749 
2.442700 6.769231 2.466248 7.087912 2.472527 7.183673 2.525903 6.890110 2.554160 7.221350 
2.550725 8.000000 2.304348 6.318841 2.449275 6.739130 2.565217 6.898551 2.463768 6.869565 
2.413793 8.172414 2.482759 7.965517 2.724138 8.620690 2.620690 6.827586 2.758621 6.517241 
2.600000 7.200000 2.000000 8.400000 2.200000 7.800000 1.600000 6.000000 1.400000 5.000000 
2.000000 3.500000 2.000000 6.500000 2.000000 4.500000 2.000000 5.000000 2.000000 6.250000 
4.000000 8.000000 2.500000 7.000000 2.500000 8.000000 3.500000 10.000000 1.500000 7.000000 
1.000000 2.000000 3.000000 2.000000 4.000000 2.000000 2.000000 2.000000 1.000000 8.000000 
-1.000000 -1.000000 -1.000000 -1.000000 -1.000000 -1.000000 -1.000000 -1.000000 -1.000000 -1.000000 
-1.000000 -1.000000 -1.000000 -1.000000 -1.000000 -1.000000 -1.000000 -1.000000 -1.000000 -1.000000 

Cluster 0 is class 0
Cluster 1 is class 3
Cluster 2 is class 6
Cluster 3 is class 2
Cluster 4 is class 4
Cluster 5 is class 1
Cluster 6 is class 0
Cluster 7 is class 4
Cluster 8 is class 0
Cluster 9 is class 5
Cluster 10 is class 0
Cluster 11 is class 1
Cluster 12 is class 3
Cluster 13 is class 6
Cluster 14 is class 0
Cluster 15 is class 2
Cluster 16 is class 1
Cluster 17 is class 5
Cluster 18 is class 0
Cluster 19 is class 3
Cluster 20 is class 0
Cluster 21 is class 5
Cluster 22 is class 5
Cluster 23 is class 7
Cluster 24 is class 5
Cluster 25 is class 0
Cluster 26 is class 0
Cluster 27 is class 3
Cluster 28 is class 2
Cluster 29 is class 3

Overall Accuracy is 0.242667

