----------------------------For Number of clusters 71----------------------------
Number of Iterations for Kmeans: 21
Avg Clusters:
2.674419 10.418605 2.372093 9.325581 2.744186 4.674419 2.534884 3.348837 2.418605 9.023256 
2.611111 4.777778 2.611111 2.555556 2.694444 9.500000 2.722222 11.472222 2.611111 9.888889 
2.783784 4.081081 2.135135 3.351351 2.324324 9.756757 2.540541 2.864865 2.756757 3.243243 
2.119048 2.714286 2.571429 7.285714 2.452381 8.119048 2.309524 11.761905 2.666667 8.809524 
2.302326 7.581395 2.697674 5.837209 2.604651 11.279070 2.255814 10.069767 2.558140 3.511628 
2.107143 3.392857 3.000000 9.928571 2.928571 7.785714 2.321429 10.357143 2.250000 3.678571 
2.444444 10.333333 2.750000 11.138889 2.722222 5.722222 2.416667 9.138889 2.722222 5.166667 
2.393939 10.545455 2.696970 4.303030 2.636364 2.272727 2.545455 7.060606 2.909091 10.545455 
2.166667 3.523810 2.357143 10.023810 2.690476 9.952381 2.619048 2.809524 2.761905 3.785714 
3.000000 10.636364 2.636364 9.484848 2.515152 2.787879 2.484848 3.484848 2.454545 2.909091 
2.793103 11.482759 2.172414 5.068966 2.655172 10.758621 2.689655 3.000000 2.931034 3.586207 
2.166667 9.388889 2.666667 2.222222 2.555556 11.833333 3.111111 3.666667 1.888889 5.277778 
2.580645 10.967742 2.774194 4.838710 2.000000 4.903226 2.677419 11.967742 2.483871 9.354839 
2.650000 7.950000 2.150000 2.100000 3.100000 9.200000 2.200000 11.350000 2.700000 5.250000 
2.727273 10.863636 2.409091 8.954545 2.409091 8.045455 1.818182 3.772727 2.545455 2.318182 
2.250000 7.791667 2.250000 12.000000 2.208333 10.541667 2.333333 10.916667 2.708333 2.791667 
2.318182 3.045455 2.590909 6.500000 2.409091 2.227273 2.272727 6.409091 3.045455 10.000000 
2.541667 11.416667 2.416667 7.708333 2.500000 8.708333 2.916667 10.250000 2.875000 8.000000 
2.192308 2.615385 2.730769 4.307692 2.384615 3.230769 2.230769 5.076923 2.538462 3.230769 
2.379310 10.517241 2.689655 5.586207 2.551724 11.068966 2.275862 3.068966 2.379310 10.862069 
2.500000 2.958333 2.166667 11.916667 2.666667 10.375000 2.541667 7.750000 2.958333 8.333333 
2.346154 4.923077 2.346154 2.846154 2.307692 3.307692 2.615385 9.884615 2.076923 3.461538 
1.920000 11.400000 2.120000 2.440000 2.320000 3.680000 2.480000 10.000000 2.080000 4.520000 
2.724138 2.517241 2.000000 6.413793 2.896552 11.275862 2.689655 3.206897 2.551724 9.620690 
3.105263 4.210526 2.105263 11.210526 2.684211 11.526316 2.105263 7.736842 2.789474 2.736842 
2.433333 2.900000 2.533333 10.766667 2.400000 6.800000 2.900000 2.300000 2.600000 8.766667 
1.960000 2.480000 2.440000 3.200000 2.520000 6.080000 2.560000 5.920000 2.680000 11.600000 
2.736842 12.052632 2.736842 5.526316 2.052632 11.105263 2.210526 7.526316 1.842105 4.052632 
2.357143 11.928571 2.857143 11.428571 2.428571 10.000000 3.428571 4.714286 1.857143 7.428571 
2.400000 10.733333 1.800000 11.666667 1.800000 10.866667 2.800000 10.733333 2.600000 8.733333 
2.000000 10.640000 2.160000 2.400000 2.400000 4.080000 2.640000 2.800000 1.960000 4.120000 
2.791667 10.958333 2.208333 6.875000 2.625000 2.583333 2.375000 9.916667 2.625000 2.791667 
2.333333 11.733333 2.200000 2.933333 2.800000 7.800000 2.533333 6.200000 2.333333 7.400000 
2.250000 2.812500 2.312500 4.562500 2.500000 7.625000 3.062500 6.687500 2.000000 7.562500 
2.851852 5.222222 2.666667 11.111111 2.555556 3.629630 2.518519 9.962963 2.888889 10.148148 
3.214286 11.285714 2.857143 11.428571 2.571429 12.142857 2.857143 6.500000 2.357143 2.500000 
2.277778 9.500000 2.722222 3.055556 2.000000 2.333333 2.555556 2.888889 2.444444 10.722222 
2.450000 5.150000 2.650000 3.600000 2.800000 3.050000 2.450000 11.250000 2.850000 8.400000 
2.400000 3.720000 2.240000 6.000000 2.560000 5.680000 2.720000 2.080000 2.480000 11.080000 
2.739130 3.956522 1.956522 11.652174 2.347826 2.739130 2.434783 3.782609 2.391304 11.434783 
2.687500 11.187500 1.937500 10.500000 2.375000 2.375000 2.625000 9.187500 2.125000 11.562500 
2.900000 8.050000 3.050000 10.700000 2.750000 10.300000 2.300000 9.050000 2.350000 11.600000 
2.473684 8.368421 2.684211 2.473684 2.157895 7.578947 3.105263 7.947368 2.789474 3.368421 
2.166667 11.500000 1.583333 4.333333 2.500000 8.416667 2.416667 12.166667 2.750000 2.916667 
3.277778 10.500000 2.444444 3.888889 2.722222 1.722222 2.222222 2.833333 2.722222 7.000000 
2.437500 2.687500 2.312500 11.687500 3.062500 5.187500 3.000000 8.375000 2.375000 4.062500 
2.733333 3.800000 2.866667 9.266667 2.000000 11.733333 2.800000 10.733333 2.466667 6.466667 
2.769231 2.615385 3.000000 3.000000 2.846154 11.538462 2.461538 9.076923 2.615385 2.076923 
2.444444 9.222222 2.500000 2.000000 2.166667 10.166667 2.444444 5.222222 2.722222 11.388889 
2.000000 7.000000 1.928571 2.500000 2.428571 7.285714 2.142857 2.000000 2.571429 8.500000 
2.555556 2.000000 3.000000 10.777778 1.777778 10.111111 2.222222 8.888889 2.555556 12.222222 
2.411765 5.294118 2.529412 11.764706 2.647059 4.352941 1.882353 3.705882 2.411765 3.000000 
2.583333 2.583333 2.166667 4.000000 2.000000 4.333333 2.333333 12.083333 2.500000 12.000000 
2.142857 10.928571 2.642857 3.571429 2.642857 12.000000 2.071429 11.142857 2.428571 9.642857 
2.400000 6.400000 2.700000 5.100000 1.600000 2.200000 1.600000 2.700000 3.700000 11.300000 
2.125000 6.791667 2.666667 10.125000 3.000000 2.125000 3.000000 9.916667 1.916667 4.791667 
2.363636 12.181818 2.545455 9.090909 2.909091 10.727273 2.000000 12.000000 3.090909 3.545455 
1.923077 3.615385 2.307692 1.692308 2.076923 11.923077 2.538462 6.307692 2.461538 7.615385 
2.315789 6.210526 2.684211 7.894737 2.105263 11.684211 2.578947 5.052632 2.736842 8.947368 
1.846154 2.000000 2.153846 6.384615 1.615385 2.153846 3.153846 9.538462 2.538462 12.076923 
2.130435 9.608696 2.347826 11.434783 1.956522 8.043478 2.391304 3.565217 2.434783 11.739130 
2.166667 7.833333 2.250000 12.250000 2.500000 10.750000 2.833333 4.250000 2.583333 6.916667 
3.000000 9.142857 2.785714 4.928571 2.928571 6.214286 2.071429 8.785714 2.285714 12.357143 
-1.000000 -1.000000 -1.000000 -1.000000 -1.000000 -1.000000 -1.000000 -1.000000 -1.000000 -1.000000 
2.411765 3.352941 2.705882 3.352941 2.882353 2.000000 2.941176 2.352941 2.117647 7.411765 
2.263158 5.578947 2.052632 12.263158 2.526316 11.526316 2.842105 2.105263 2.789474 10.894737 
3.000000 3.000000 2.705882 7.529412 2.176471 2.647059 2.058824 11.705882 2.176471 3.705882 
3.000000 2.818182 3.000000 4.818182 3.272727 11.909091 3.000000 8.272727 2.181818 11.727273 
1.444444 11.333333 2.333333 11.888889 2.333333 4.222222 2.444444 12.555556 2.777778 2.888889 
3.416667 5.500000 2.750000 7.750000 2.250000 4.666667 2.916667 4.916667 2.083333 1.916667 
2.333333 2.833333 2.666667 10.833333 2.416667 1.833333 2.583333 3.833333 2.666667 5.500000 

Avg Classes:
2.482072 7.045153 2.496680 6.972112 2.519256 7.025232 2.520584 6.966799 2.525896 6.812749 
2.442700 6.769231 2.466248 7.087912 2.472527 7.183673 2.525903 6.890110 2.554160 7.221350 
2.550725 8.000000 2.304348 6.318841 2.449275 6.739130 2.565217 6.898551 2.463768 6.869565 
2.413793 8.172414 2.482759 7.965517 2.724138 8.620690 2.620690 6.827586 2.758621 6.517241 
2.600000 7.200000 2.000000 8.400000 2.200000 7.800000 1.600000 6.000000 1.400000 5.000000 
2.000000 3.500000 2.000000 6.500000 2.000000 4.500000 2.000000 5.000000 2.000000 6.250000 
4.000000 8.000000 2.500000 7.000000 2.500000 8.000000 3.500000 10.000000 1.500000 7.000000 
1.000000 2.000000 3.000000 2.000000 4.000000 2.000000 2.000000 2.000000 1.000000 8.000000 
-1.000000 -1.000000 -1.000000 -1.000000 -1.000000 -1.000000 -1.000000 -1.000000 -1.000000 -1.000000 
-1.000000 -1.000000 -1.000000 -1.000000 -1.000000 -1.000000 -1.000000 -1.000000 -1.000000 -1.000000 

Cluster 0 is class 0
Cluster 1 is class 6
Cluster 2 is class 0
Cluster 3 is class 0
Cluster 4 is class 3
Cluster 5 is class 0
Cluster 6 is class 3
Cluster 7 is class 2
Cluster 8 is class 4
Cluster 9 is class 2
Cluster 10 is class 3
Cluster 11 is class 2
Cluster 12 is class 2
Cluster 13 is class 6
Cluster 14 is class 4
Cluster 15 is class 3
Cluster 16 is class 5
Cluster 17 is class 3
Cluster 18 is class 5
Cluster 19 is class 0
Cluster 20 is class 0
Cluster 21 is class 0
Cluster 22 is class 2
Cluster 23 is class 0
Cluster 24 is class 4
Cluster 25 is class 5
Cluster 26 is class 5
Cluster 27 is class 3
Cluster 28 is class 3
Cluster 29 is class 3
Cluster 30 is class 2
Cluster 31 is class 0
Cluster 32 is class 2
Cluster 33 is class 1
Cluster 34 is class 0
Cluster 35 is class 3
Cluster 36 is class 2
Cluster 37 is class 0
Cluster 38 is class 5
Cluster 39 is class 5
Cluster 40 is class 0
Cluster 41 is class 1
Cluster 42 is class 0
Cluster 43 is class 6
Cluster 44 is class 2
Cluster 45 is class 4
Cluster 46 is class 3
Cluster 47 is class 0
Cluster 48 is class 0
Cluster 49 is class 0
Cluster 50 is class 1
Cluster 51 is class 4
Cluster 52 is class 0
Cluster 53 is class 6
Cluster 54 is class 5
Cluster 55 is class 0
Cluster 56 is class 3
Cluster 57 is class 1
Cluster 58 is class 3
Cluster 59 is class 1
Cluster 60 is class 0
Cluster 61 is class 3
Cluster 62 is class 0
Cluster 63 is class 8
Cluster 64 is class 7
Cluster 65 is class 3
Cluster 66 is class 5
Cluster 67 is class 0
Cluster 68 is class 0
Cluster 69 is class 4
Cluster 70 is class 5

Overall Accuracy is 0.218000

