----------------------------For Number of clusters 57----------------------------
Number of Iterations for Kmeans: 44
Avg Clusters:
2.621622 6.162162 2.891892 11.837838 2.324324 9.486486 2.459459 7.405405 2.378378 10.891892 
2.547619 10.333333 2.666667 3.309524 2.000000 5.285714 2.714286 11.500000 2.476190 8.595238 
2.606061 9.757576 2.484848 8.727273 2.484848 2.757576 2.393939 9.212121 2.393939 11.848485 
2.540984 10.163934 2.377049 4.147541 2.639344 9.622951 2.672131 9.786885 2.573770 3.557377 
2.357143 10.690476 2.428571 8.380952 2.285714 11.190476 2.642857 10.833333 2.880952 7.785714 
2.333333 4.404762 2.476190 3.833333 2.809524 2.857143 2.523810 10.428571 2.452381 5.023810 
2.211538 5.326923 2.480769 11.480769 2.673077 10.346154 2.576923 10.384615 2.557692 3.980769 
2.234043 10.042553 2.382979 10.276596 2.446809 10.510638 2.702128 3.170213 2.404255 9.446809 
2.317073 3.097561 2.268293 9.804878 2.121951 3.073171 2.560976 3.560976 2.512195 6.243902 
2.288462 3.673077 2.403846 4.250000 2.653846 5.057692 2.423077 2.961538 2.519231 10.346154 
2.348837 9.744186 2.232558 2.767442 2.697674 8.674419 2.209302 3.604651 2.372093 8.232558 
2.558824 10.970588 2.558824 7.441176 2.735294 3.882353 2.588235 2.676471 2.647059 9.647059 
2.666667 11.266667 2.400000 3.433333 2.500000 1.866667 2.733333 5.433333 3.133333 9.700000 
2.714286 10.428571 2.595238 8.071429 2.333333 6.833333 2.214286 4.928571 2.595238 2.833333 
2.379310 10.793103 2.379310 11.655172 2.448276 7.620690 2.413793 10.931034 2.758621 5.655172 
2.806452 2.774194 2.838710 9.548387 2.322581 11.516129 2.741935 9.064516 2.612903 10.096774 
2.264706 3.323529 2.588235 3.705882 2.500000 3.147059 2.529412 4.205882 2.382353 3.823529 
2.235294 3.941176 2.705882 2.323529 2.617647 9.735294 2.852941 9.970588 2.676471 8.000000 
2.611111 12.166667 2.111111 8.555556 2.944444 7.666667 2.722222 8.055556 2.611111 10.500000 
2.500000 11.026316 2.736842 3.631579 2.473684 11.473684 2.842105 3.789474 2.421053 3.500000 
3.000000 9.157895 2.947368 3.526316 2.631579 7.157895 2.368421 8.105263 2.842105 12.368421 
2.333333 2.583333 2.305556 8.861111 2.944444 9.277778 2.638889 2.972222 2.861111 4.333333 
2.111111 4.888889 1.888889 11.833333 2.388889 10.666667 2.611111 3.944444 2.444444 2.388889 
2.769231 6.461538 2.730769 11.192308 2.307692 4.307692 2.346154 4.076923 2.346154 2.538462 
2.410256 3.641026 2.538462 7.435897 2.179487 6.512821 2.717949 10.307692 2.692308 9.333333 
2.852941 2.970588 2.441176 10.588235 2.647059 3.676471 2.617647 3.617647 2.617647 11.558824 
2.368421 9.842105 2.315789 3.526316 2.210526 12.210526 2.157895 3.368421 2.210526 11.263158 
3.040000 10.680000 2.400000 8.120000 2.680000 1.800000 2.360000 3.120000 2.440000 3.680000 
3.000000 10.904762 2.809524 11.428571 2.285714 11.952381 2.571429 6.952381 2.380952 3.095238 
2.166667 11.333333 1.944444 1.666667 2.333333 3.388889 2.555556 2.944444 2.388889 4.722222 
2.441176 10.852941 2.117647 6.264706 2.558824 2.970588 2.264706 10.588235 2.500000 2.852941 
2.291667 2.708333 2.166667 3.416667 2.375000 4.333333 2.708333 10.750000 2.625000 11.791667 
2.050000 10.800000 1.950000 2.450000 2.650000 3.850000 2.450000 8.800000 1.850000 4.650000 
2.250000 3.166667 2.041667 2.583333 2.291667 10.666667 2.750000 4.375000 2.500000 6.875000 
2.150000 7.400000 2.650000 10.600000 3.150000 2.250000 2.900000 8.200000 1.950000 5.800000 
2.192308 4.576923 2.730769 8.038462 2.153846 11.307692 2.653846 4.500000 2.730769 8.923077 
3.428571 3.857143 1.714286 2.428571 2.214286 9.857143 2.214286 2.142857 3.000000 2.142857 
2.290323 2.870968 2.709677 9.225806 2.451613 4.129032 2.290323 10.516129 2.193548 2.870968 
2.380952 8.666667 2.333333 11.761905 2.238095 4.904762 2.285714 3.523810 2.476190 10.285714 
2.642857 2.785714 1.642857 5.571429 3.071429 11.000000 2.785714 2.357143 2.785714 11.642857 
2.687500 5.312500 2.812500 11.250000 2.687500 2.875000 1.812500 11.937500 2.687500 9.187500 
2.304348 5.565217 2.826087 5.434783 2.521739 11.304348 1.956522 11.782609 1.913043 4.086957 
1.941176 2.235294 2.529412 6.529412 1.705882 2.000000 2.823529 8.470588 2.352941 11.941176 
2.045455 4.000000 2.500000 12.045455 2.590909 10.818182 2.681818 1.681818 3.045455 9.772727 
3.300000 12.200000 3.100000 9.700000 2.300000 2.500000 2.500000 10.100000 2.800000 7.100000 
2.500000 6.833333 2.944444 2.277778 1.833333 2.111111 2.277778 3.111111 2.555556 9.888889 
2.615385 5.461538 2.692308 2.000000 2.461538 7.461538 1.923077 8.307692 2.615385 1.769231 
2.846154 3.615385 2.538462 8.000000 2.384615 11.615385 1.384615 8.538462 3.153846 3.076923 
2.466667 9.533333 2.400000 2.133333 2.333333 11.133333 2.266667 11.266667 2.400000 10.933333 
2.800000 12.000000 2.300000 12.000000 2.800000 7.800000 2.700000 2.600000 1.500000 3.100000 
-1.000000 -1.000000 -1.000000 -1.000000 -1.000000 -1.000000 -1.000000 -1.000000 -1.000000 -1.000000 
2.166667 10.000000 2.416667 11.833333 2.666667 4.416667 2.500000 12.000000 2.833333 2.250000 
2.562500 2.562500 2.500000 3.875000 3.437500 10.187500 2.500000 10.375000 1.875000 12.000000 
2.285714 1.714286 2.285714 6.571429 3.000000 9.357143 2.000000 12.285714 2.285714 6.857143 
2.937500 3.875000 2.375000 12.062500 2.625000 6.562500 3.250000 7.250000 2.750000 5.937500 
2.636364 7.181818 2.272727 5.636364 2.454545 11.181818 2.727273 2.363636 2.545455 2.000000 
2.777778 1.777778 3.444444 3.666667 3.111111 11.666667 3.222222 7.888889 3.222222 2.444444 

Avg Classes:
2.482072 7.045153 2.496680 6.972112 2.519256 7.025232 2.520584 6.966799 2.525896 6.812749 
2.442700 6.769231 2.466248 7.087912 2.472527 7.183673 2.525903 6.890110 2.554160 7.221350 
2.550725 8.000000 2.304348 6.318841 2.449275 6.739130 2.565217 6.898551 2.463768 6.869565 
2.413793 8.172414 2.482759 7.965517 2.724138 8.620690 2.620690 6.827586 2.758621 6.517241 
2.600000 7.200000 2.000000 8.400000 2.200000 7.800000 1.600000 6.000000 1.400000 5.000000 
2.000000 3.500000 2.000000 6.500000 2.000000 4.500000 2.000000 5.000000 2.000000 6.250000 
4.000000 8.000000 2.500000 7.000000 2.500000 8.000000 3.500000 10.000000 1.500000 7.000000 
1.000000 2.000000 3.000000 2.000000 4.000000 2.000000 2.000000 2.000000 1.000000 8.000000 
-1.000000 -1.000000 -1.000000 -1.000000 -1.000000 -1.000000 -1.000000 -1.000000 -1.000000 -1.000000 
-1.000000 -1.000000 -1.000000 -1.000000 -1.000000 -1.000000 -1.000000 -1.000000 -1.000000 -1.000000 

Cluster 0 is class 0
Cluster 1 is class 6
Cluster 2 is class 0
Cluster 3 is class 6
Cluster 4 is class 3
Cluster 5 is class 5
Cluster 6 is class 3
Cluster 7 is class 3
Cluster 8 is class 5
Cluster 9 is class 5
Cluster 10 is class 2
Cluster 11 is class 2
Cluster 12 is class 2
Cluster 13 is class 4
Cluster 14 is class 3
Cluster 15 is class 0
Cluster 16 is class 5
Cluster 17 is class 1
Cluster 18 is class 3
Cluster 19 is class 2
Cluster 20 is class 1
Cluster 21 is class 4
Cluster 22 is class 4
Cluster 23 is class 4
Cluster 24 is class 0
Cluster 25 is class 5
Cluster 26 is class 0
Cluster 27 is class 2
Cluster 28 is class 3
Cluster 29 is class 0
Cluster 30 is class 0
Cluster 31 is class 0
Cluster 32 is class 2
Cluster 33 is class 0
Cluster 34 is class 0
Cluster 35 is class 1
Cluster 36 is class 4
Cluster 37 is class 0
Cluster 38 is class 0
Cluster 39 is class 1
Cluster 40 is class 0
Cluster 41 is class 6
Cluster 42 is class 5
Cluster 43 is class 1
Cluster 44 is class 2
Cluster 45 is class 7
Cluster 46 is class 0
Cluster 47 is class 3
Cluster 48 is class 6
Cluster 49 is class 3
Cluster 50 is class 8
Cluster 51 is class 4
Cluster 52 is class 0
Cluster 53 is class 0
Cluster 54 is class 4
Cluster 55 is class 4
Cluster 56 is class 0

Overall Accuracy is 0.200000

