----------------------------For Number of clusters 87----------------------------
Number of Iterations for Kmeans: 22
Avg Clusters:
2.605263 2.947368 2.789474 10.315789 2.342105 10.973684 2.473684 9.157895 2.500000 10.500000 
2.225806 3.709677 2.838710 10.451613 2.612903 8.129032 2.677419 10.806452 2.290323 5.225806 
2.696970 3.272727 2.515152 3.666667 2.636364 3.060606 2.878788 2.727273 2.333333 8.787879 
2.173913 2.173913 3.000000 5.260870 2.521739 3.130435 2.000000 7.043478 2.695652 2.869565 
2.913043 9.043478 2.608696 10.956522 2.086957 9.652174 2.608696 6.739130 2.434783 12.173913 
2.250000 3.500000 2.325000 3.175000 2.375000 11.000000 2.825000 5.425000 2.600000 7.900000 
2.750000 9.714286 2.392857 10.107143 2.714286 2.607143 2.464286 8.750000 2.321429 11.571429 
3.060606 10.575758 2.393939 7.696970 2.969697 2.575758 2.212121 3.818182 2.696970 5.727273 
2.486486 10.621622 2.594595 4.540541 2.405405 11.891892 2.837838 3.405405 2.405405 3.324324 
3.100000 3.500000 2.500000 8.700000 2.600000 11.450000 1.700000 7.600000 3.000000 2.950000 
2.344828 10.965517 2.068966 5.310345 2.517241 10.793103 2.482759 11.068966 2.965517 3.068966 
2.642857 4.071429 2.119048 10.380952 2.428571 3.690476 2.500000 2.404762 2.380952 10.380952 
1.666667 3.600000 1.466667 4.533333 2.800000 6.533333 3.133333 6.000000 2.466667 6.000000 
2.655172 2.586207 2.724138 9.724138 2.689655 9.137931 2.724138 3.068966 2.827586 8.241379 
2.228571 9.571429 2.885714 3.942857 1.971429 2.857143 2.257143 2.800000 2.800000 10.428571 
2.518519 11.370370 2.777778 10.740741 2.555556 4.481481 2.555556 8.074074 2.555556 2.814815 
2.952381 11.523810 1.904762 11.428571 2.380952 9.523810 3.285714 9.619048 3.142857 7.809524 
2.666667 8.904762 2.523810 2.952381 2.333333 11.523810 2.571429 11.476190 2.857143 9.333333 
2.875000 10.083333 3.083333 4.666667 2.666667 3.625000 2.541667 7.958333 2.833333 11.583333 
2.478261 4.869565 2.869565 9.391304 2.391304 3.913043 2.086957 11.956522 2.043478 2.652174 
2.592593 7.629630 2.518519 8.592593 2.333333 11.962963 2.444444 7.000000 2.481481 6.518519 
2.115385 2.307692 2.692308 6.692308 2.384615 2.653846 2.730769 7.692308 2.576923 11.230769 
2.611111 12.055556 2.555556 5.888889 2.277778 6.111111 1.722222 9.333333 2.333333 4.500000 
1.933333 2.466667 2.466667 5.566667 2.666667 8.700000 2.166667 12.066667 2.600000 8.633333 
2.350000 2.450000 2.450000 3.150000 2.500000 5.150000 2.500000 10.150000 2.550000 11.650000 
2.375000 3.916667 2.458333 11.291667 2.666667 3.291667 2.125000 3.625000 2.708333 4.000000 
2.666667 10.090909 2.636364 3.030303 2.484848 9.666667 2.272727 4.757576 2.515152 11.272727 
1.750000 5.750000 2.083333 12.166667 2.500000 9.583333 3.166667 5.583333 2.083333 1.666667 
2.055556 7.888889 2.222222 12.111111 2.500000 9.333333 2.222222 4.777778 2.166667 6.888889 
2.625000 2.937500 2.187500 3.750000 3.187500 10.375000 2.437500 9.750000 1.937500 11.625000 
2.045455 2.772727 2.318182 10.590909 2.545455 10.454545 2.181818 2.545455 2.863636 3.590909 
2.066667 7.600000 2.266667 5.733333 2.466667 9.666667 2.600000 2.066667 3.133333 8.400000 
2.750000 6.500000 2.950000 7.450000 2.150000 6.500000 3.250000 10.700000 3.000000 9.950000 
2.680000 9.160000 2.640000 2.440000 2.240000 7.800000 2.720000 8.320000 2.600000 4.200000 
1.900000 4.500000 3.000000 7.000000 2.800000 1.500000 2.900000 9.200000 2.800000 5.700000 
3.100000 10.600000 2.700000 8.600000 3.100000 1.900000 2.600000 1.900000 2.100000 1.800000 
2.812500 2.812500 2.562500 8.000000 2.562500 3.500000 2.500000 11.875000 2.875000 7.125000 
2.076923 3.230769 2.307692 2.384615 2.538462 3.000000 2.692308 11.384615 2.307692 5.153846 
1.777778 10.722222 2.333333 11.333333 2.722222 6.555556 2.500000 11.833333 2.555556 5.833333 
2.136364 5.545455 2.227273 12.181818 2.409091 11.272727 2.818182 2.090909 2.590909 10.681818 
2.400000 6.300000 2.100000 1.900000 2.600000 7.100000 1.800000 2.300000 2.200000 8.600000 
2.909091 5.272727 3.090909 2.727273 2.090909 4.272727 3.272727 8.181818 1.909091 1.727273 
2.750000 11.583333 2.166667 12.333333 1.916667 10.666667 3.083333 3.916667 1.666667 3.083333 
2.538462 5.230769 2.769231 4.384615 2.384615 3.384615 2.230769 2.153846 1.769231 3.846154 
2.571429 8.142857 2.428571 8.928571 2.142857 2.000000 2.428571 8.071429 2.214286 2.500000 
2.111111 6.777778 2.333333 11.666667 2.777778 11.000000 2.611111 11.055556 2.777778 3.055556 
2.058824 11.529412 1.941176 1.705882 2.294118 3.411765 2.529412 3.058824 2.235294 4.764706 
1.818182 9.818182 1.727273 6.090909 3.000000 4.272727 1.909091 11.818182 2.909091 2.363636 
3.200000 5.866667 2.133333 1.733333 2.600000 10.333333 2.200000 5.466667 2.933333 1.666667 
2.166667 11.250000 2.250000 5.750000 1.833333 12.500000 2.166667 2.583333 1.833333 10.083333 
2.375000 8.125000 2.187500 2.687500 2.062500 3.125000 2.187500 11.375000 2.312500 8.500000 
3.111111 2.777778 2.222222 11.666667 2.777778 12.222222 3.111111 7.666667 2.888889 6.333333 
2.500000 12.357143 2.000000 5.428571 3.000000 9.071429 2.714286 8.214286 2.714286 8.571429 
1.962963 10.592593 2.407407 10.703704 2.222222 6.185185 2.444444 3.185185 2.814815 11.222222 
2.071429 8.142857 2.000000 2.714286 3.357143 10.428571 2.571429 12.071429 2.357143 5.214286 
1.636364 7.363636 1.727273 2.454545 3.090909 2.272727 2.181818 6.818182 1.818182 6.636364 
3.000000 4.833333 2.583333 5.583333 2.583333 12.083333 1.833333 11.833333 1.750000 3.166667 
2.714286 11.928571 1.642857 3.000000 2.642857 1.428571 2.642857 6.214286 3.142857 8.428571 
2.500000 2.071429 2.857143 10.857143 2.857143 6.000000 2.642857 7.785714 2.000000 2.642857 
2.100000 8.300000 2.700000 2.300000 2.500000 7.900000 2.400000 11.100000 1.800000 12.400000 
2.272727 11.454545 3.272727 7.272727 2.454545 12.272727 2.363636 11.454545 2.909091 9.090909 
2.416667 7.916667 2.500000 11.000000 3.333333 2.750000 2.500000 10.083333 2.250000 7.083333 
2.500000 12.000000 2.583333 7.166667 2.000000 7.166667 1.666667 2.250000 3.083333 3.333333 
3.000000 2.400000 1.800000 5.000000 1.000000 1.600000 3.600000 12.000000 2.400000 12.600000 
2.384615 11.000000 2.153846 2.538462 2.000000 2.769231 2.615385 10.538462 1.769231 2.769231 
3.666667 11.333333 3.333333 11.111111 3.111111 11.777778 3.000000 7.222222 2.666667 2.555556 
2.800000 9.200000 3.300000 12.300000 2.500000 4.700000 2.300000 2.700000 2.400000 3.800000 
1.875000 8.125000 2.875000 11.375000 2.000000 9.500000 1.750000 11.125000 1.750000 10.500000 
2.615385 3.461538 1.923077 3.692308 2.307692 10.153846 2.384615 1.615385 3.153846 2.384615 
2.083333 11.416667 2.583333 1.583333 3.333333 8.833333 3.000000 3.583333 1.750000 4.750000 
1.736842 3.157895 2.421053 4.263158 2.315789 6.684211 2.473684 2.894737 2.894737 11.789474 
2.812500 2.937500 1.875000 5.937500 2.875000 11.437500 2.812500 3.000000 2.937500 11.187500 
2.444444 4.888889 2.555556 8.333333 2.222222 7.000000 3.222222 2.777778 2.777778 2.777778 
2.625000 1.875000 3.375000 3.250000 3.000000 11.750000 3.125000 8.125000 3.125000 2.375000 
1.666667 6.000000 2.000000 12.666667 4.000000 6.000000 3.666667 2.000000 3.333333 8.666667 
2.300000 3.900000 2.900000 1.500000 3.200000 8.100000 2.700000 10.700000 2.500000 6.500000 
1.750000 10.625000 2.375000 11.250000 2.000000 11.500000 2.250000 11.500000 3.125000 2.375000 
2.454545 11.818182 3.454545 2.000000 2.363636 5.909091 2.363636 11.727273 2.454545 7.727273 
3.142857 2.857143 2.142857 11.714286 2.285714 3.714286 2.285714 9.285714 2.571429 12.142857 
3.181818 10.454545 1.909091 7.454545 2.454545 9.272727 2.363636 6.090909 2.545455 2.818182 
2.500000 12.500000 2.100000 10.100000 2.600000 9.300000 3.400000 2.600000 2.000000 7.900000 
2.777778 11.777778 2.111111 6.777778 2.222222 2.444444 2.666667 10.222222 1.888889 6.000000 
2.909091 11.272727 2.363636 6.727273 1.545455 3.909091 2.818182 12.363636 2.545455 10.818182 
-1.000000 -1.000000 -1.000000 -1.000000 -1.000000 -1.000000 -1.000000 -1.000000 -1.000000 -1.000000 
3.166667 7.666667 2.166667 8.000000 2.500000 6.500000 2.000000 4.833333 2.500000 1.666667 
2.375000 2.125000 2.750000 10.500000 2.250000 1.500000 2.500000 6.125000 2.875000 8.250000 
3.125000 5.875000 3.125000 12.000000 2.375000 5.250000 3.250000 7.500000 2.375000 7.750000 

Avg Classes:
2.482072 7.045153 2.496680 6.972112 2.519256 7.025232 2.520584 6.966799 2.525896 6.812749 
2.442700 6.769231 2.466248 7.087912 2.472527 7.183673 2.525903 6.890110 2.554160 7.221350 
2.550725 8.000000 2.304348 6.318841 2.449275 6.739130 2.565217 6.898551 2.463768 6.869565 
2.413793 8.172414 2.482759 7.965517 2.724138 8.620690 2.620690 6.827586 2.758621 6.517241 
2.600000 7.200000 2.000000 8.400000 2.200000 7.800000 1.600000 6.000000 1.400000 5.000000 
2.000000 3.500000 2.000000 6.500000 2.000000 4.500000 2.000000 5.000000 2.000000 6.250000 
4.000000 8.000000 2.500000 7.000000 2.500000 8.000000 3.500000 10.000000 1.500000 7.000000 
1.000000 2.000000 3.000000 2.000000 4.000000 2.000000 2.000000 2.000000 1.000000 8.000000 
-1.000000 -1.000000 -1.000000 -1.000000 -1.000000 -1.000000 -1.000000 -1.000000 -1.000000 -1.000000 
-1.000000 -1.000000 -1.000000 -1.000000 -1.000000 -1.000000 -1.000000 -1.000000 -1.000000 -1.000000 

Cluster 0 is class 0
Cluster 1 is class 0
Cluster 2 is class 7
Cluster 3 is class 5
Cluster 4 is class 3
Cluster 5 is class 0
Cluster 6 is class 0
Cluster 7 is class 0
Cluster 8 is class 2
Cluster 9 is class 3
Cluster 10 is class 6
Cluster 11 is class 5
Cluster 12 is class 5
Cluster 13 is class 1
Cluster 14 is class 2
Cluster 15 is class 4
Cluster 16 is class 3
Cluster 17 is class 6
Cluster 18 is class 2
Cluster 19 is class 0
Cluster 20 is class 3
Cluster 21 is class 5
Cluster 22 is class 2
Cluster 23 is class 6
Cluster 24 is class 0
Cluster 25 is class 5
Cluster 26 is class 2
Cluster 27 is class 4
Cluster 28 is class 3
Cluster 29 is class 0
Cluster 30 is class 4
Cluster 31 is class 0
Cluster 32 is class 1
Cluster 33 is class 0
Cluster 34 is class 5
Cluster 35 is class 4
Cluster 36 is class 0
Cluster 37 is class 5
Cluster 38 is class 3
Cluster 39 is class 1
Cluster 40 is class 2
Cluster 41 is class 0
Cluster 42 is class 3
Cluster 43 is class 5
Cluster 44 is class 4
Cluster 45 is class 3
Cluster 46 is class 0
Cluster 47 is class 0
Cluster 48 is class 0
Cluster 49 is class 3
Cluster 50 is class 0
Cluster 51 is class 3
Cluster 52 is class 2
Cluster 53 is class 0
Cluster 54 is class 6
Cluster 55 is class 0
Cluster 56 is class 6
Cluster 57 is class 2
Cluster 58 is class 4
Cluster 59 is class 6
Cluster 60 is class 6
Cluster 61 is class 0
Cluster 62 is class 4
Cluster 63 is class 0
Cluster 64 is class 2
Cluster 65 is class 3
Cluster 66 is class 4
Cluster 67 is class 6
Cluster 68 is class 4
Cluster 69 is class 2
Cluster 70 is class 5
Cluster 71 is class 0
Cluster 72 is class 4
Cluster 73 is class 0
Cluster 74 is class 0
Cluster 75 is class 0
Cluster 76 is class 3
Cluster 77 is class 2
Cluster 78 is class 1
Cluster 79 is class 3
Cluster 80 is class 3
Cluster 81 is class 2
Cluster 82 is class 6
Cluster 83 is class 8
Cluster 84 is class 4
Cluster 85 is class 5
Cluster 86 is class 0

Overall Accuracy is 0.201333

