----------------------------For Number of clusters 27----------------------------
Number of Iterations for Kmeans: 43
Avg Clusters:
2.511364 3.852273 2.863636 9.852273 2.352273 9.511364 2.454545 10.102273 2.409091 9.488636 
2.373494 3.602410 2.397590 10.397590 2.602410 6.710843 2.578313 3.951807 2.554217 3.385542 
2.519481 10.220779 2.285714 10.064935 2.610390 4.194805 2.649351 10.376623 2.493506 8.896104 
2.289855 4.246377 2.710145 4.217391 2.869565 10.144928 2.318841 10.565217 2.521739 4.478261 
2.322034 3.322034 2.542373 6.440678 2.423729 2.796610 2.525424 10.576271 2.288136 4.932203 
2.781250 10.328125 2.453125 7.546875 2.671875 3.578125 2.312500 3.187500 2.437500 4.281250 
2.682353 10.752941 2.423529 9.788235 2.482353 10.611765 2.576471 8.505882 2.682353 3.905882 
2.420290 10.565217 2.217391 4.623188 2.449275 3.739130 2.347826 10.086957 2.376812 3.536232 
2.400000 4.050000 2.312500 3.950000 2.612500 5.475000 2.600000 2.850000 2.350000 9.425000 
2.450704 10.338028 2.380282 4.197183 2.605634 10.225352 2.366197 4.295775 2.478873 10.239437 
2.402597 9.220779 2.350649 11.337662 2.285714 9.129870 2.688312 4.155844 2.467532 10.285714 
2.250000 10.909091 2.068182 2.318182 2.340909 2.795455 2.727273 4.431818 2.522727 7.000000 
2.666667 10.196078 2.313725 3.431373 2.431373 9.843137 2.607843 10.235294 2.666667 4.176471 
2.245283 2.849057 2.396226 5.396226 2.094340 3.716981 2.660377 9.698113 2.660377 11.433962 
2.338710 3.467742 2.451613 9.435484 2.612903 11.129032 2.741935 3.000000 2.903226 9.032258 
2.636364 9.295455 2.954545 3.363636 2.340909 4.477273 2.500000 10.500000 2.454545 10.545455 
2.578947 3.543860 2.298246 10.614035 2.333333 3.087719 2.543860 3.491228 2.578947 10.052632 
2.476190 6.809524 2.619048 3.761905 1.952381 2.095238 1.857143 4.095238 3.190476 11.333333 
2.511628 3.348837 2.511628 3.581395 2.906977 10.023256 2.558140 9.953488 2.418605 10.604651 
2.125000 5.600000 2.925000 11.475000 2.975000 4.875000 2.425000 10.500000 2.300000 3.725000 
2.500000 3.710526 2.789474 3.184211 2.500000 4.447368 2.342105 5.631579 2.684211 2.789474 
2.451613 10.774194 2.677419 5.064516 2.225806 11.096774 2.387097 11.258065 2.580645 9.903226 
2.225806 11.677419 2.967742 7.032258 2.677419 2.903226 2.677419 4.096774 2.935484 11.129032 
2.481481 9.814815 2.388889 3.500000 2.518519 11.203704 2.722222 3.185185 2.370370 3.240741 
2.833333 11.033333 2.666667 11.866667 2.266667 5.866667 2.300000 4.633333 2.200000 2.700000 
2.611111 2.861111 2.055556 2.861111 2.305556 10.833333 2.611111 3.722222 2.722222 5.833333 
2.558140 4.627907 2.325581 11.209302 2.488372 11.372093 2.534884 9.046512 2.790698 3.488372 

Avg Classes:
2.482072 7.045153 2.496680 6.972112 2.519256 7.025232 2.520584 6.966799 2.525896 6.812749 
2.442700 6.769231 2.466248 7.087912 2.472527 7.183673 2.525903 6.890110 2.554160 7.221350 
2.550725 8.000000 2.304348 6.318841 2.449275 6.739130 2.565217 6.898551 2.463768 6.869565 
2.413793 8.172414 2.482759 7.965517 2.724138 8.620690 2.620690 6.827586 2.758621 6.517241 
2.600000 7.200000 2.000000 8.400000 2.200000 7.800000 1.600000 6.000000 1.400000 5.000000 
2.000000 3.500000 2.000000 6.500000 2.000000 4.500000 2.000000 5.000000 2.000000 6.250000 
4.000000 8.000000 2.500000 7.000000 2.500000 8.000000 3.500000 10.000000 1.500000 7.000000 
1.000000 2.000000 3.000000 2.000000 4.000000 2.000000 2.000000 2.000000 1.000000 8.000000 
-1.000000 -1.000000 -1.000000 -1.000000 -1.000000 -1.000000 -1.000000 -1.000000 -1.000000 -1.000000 
-1.000000 -1.000000 -1.000000 -1.000000 -1.000000 -1.000000 -1.000000 -1.000000 -1.000000 -1.000000 

Cluster 0 is class 0
Cluster 1 is class 4
Cluster 2 is class 0
Cluster 3 is class 0
Cluster 4 is class 0
Cluster 5 is class 0
Cluster 6 is class 3
Cluster 7 is class 2
Cluster 8 is class 5
Cluster 9 is class 0
Cluster 10 is class 3
Cluster 11 is class 2
Cluster 12 is class 6
Cluster 13 is class 0
Cluster 14 is class 0
Cluster 15 is class 2
Cluster 16 is class 5
Cluster 17 is class 1
Cluster 18 is class 0
Cluster 19 is class 4
Cluster 20 is class 5
Cluster 21 is class 6
Cluster 22 is class 2
Cluster 23 is class 2
Cluster 24 is class 4
Cluster 25 is class 0
Cluster 26 is class 3

Overall Accuracy is 0.236000

