----------------------------For Number of clusters 54----------------------------
Number of Iterations for Kmeans: 29
Avg Clusters:
2.191489 2.744681 2.489362 5.893617 2.765957 10.553191 2.510638 9.574468 2.404255 10.617021 
2.509091 3.636364 2.690909 10.872727 2.818182 7.400000 2.636364 9.327273 2.381818 4.327273 
2.509434 3.566038 2.415094 5.094340 2.471698 5.528302 2.528302 2.433962 2.584906 10.754717 
2.259259 2.444444 2.925926 5.333333 2.333333 3.074074 1.962963 7.000000 2.740741 2.851852 
2.500000 9.583333 2.638889 10.666667 2.333333 9.583333 2.194444 9.888889 2.250000 10.777778 
2.500000 3.684211 2.131579 2.868421 2.421053 11.447368 2.763158 4.157895 2.473684 7.868421 
2.642857 9.738095 2.547619 9.357143 2.619048 2.738095 2.428571 9.214286 2.309524 11.166667 
2.627451 10.529412 2.156863 7.980392 2.588235 3.941176 2.215686 3.627451 2.470588 5.333333 
2.522727 10.954545 2.704545 3.840909 2.545455 11.363636 2.863636 3.613636 2.386364 3.431818 
2.743590 3.717949 2.948718 5.923077 2.692308 11.717949 2.153846 9.974359 2.512821 3.333333 
2.471698 10.622642 2.207547 5.169811 2.698113 9.830189 2.471698 11.000000 2.849057 3.641509 
2.500000 3.608696 2.152174 11.152174 2.413043 3.304348 2.586957 3.543478 2.630435 10.500000 
2.777778 4.296296 1.888889 3.592593 2.444444 9.629630 2.518519 2.703704 2.962963 2.333333 
2.297297 3.243243 2.540541 9.486486 2.540541 10.351351 2.675676 3.027027 2.783784 9.486486 
2.292683 9.658537 2.731707 3.853659 2.121951 2.560976 2.365854 3.146341 2.878049 10.170732 
3.000000 10.212121 2.939394 11.363636 2.303030 5.151515 2.454545 4.909091 2.424242 2.424242 
3.130435 11.652174 2.478261 11.260870 2.260870 10.086957 3.347826 8.347826 2.782609 6.608696 
2.500000 8.531250 2.531250 3.437500 2.687500 10.843750 2.593750 11.718750 2.750000 9.000000 
2.709677 11.193548 2.483871 4.193548 2.935484 3.741935 2.935484 7.838710 2.870968 10.387097 
2.666667 4.888889 2.611111 8.777778 1.888889 2.944444 2.000000 11.611111 2.055556 2.666667 
2.607143 6.071429 2.642857 9.500000 2.321429 12.285714 2.571429 7.642857 2.821429 6.535714 
2.236842 2.657895 2.605263 5.210526 2.421053 3.684211 2.684211 7.868421 2.473684 11.157895 
2.888889 10.944444 2.277778 7.888889 2.500000 9.555556 2.388889 6.444444 2.222222 2.666667 
2.107143 3.214286 2.607143 3.250000 3.035714 8.000000 2.714286 11.250000 2.500000 6.607143 
2.266667 2.466667 2.066667 4.866667 1.933333 3.066667 2.600000 12.133333 3.066667 11.466667 
2.483871 3.580645 2.548387 10.806452 2.548387 3.419355 2.483871 3.806452 2.516129 4.000000 
2.513514 10.162162 2.540541 3.297297 2.486486 10.108108 2.081081 4.297297 2.486486 11.270270 
2.161290 3.870968 2.225806 11.483871 2.483871 10.548387 2.354839 3.774194 2.419355 2.580645 
2.277778 8.111111 2.166667 12.055556 2.444444 9.777778 2.277778 3.944444 2.222222 7.222222 
2.615385 5.615385 2.692308 2.153846 2.461538 7.769231 2.307692 11.307692 2.153846 12.076923 
2.350000 2.750000 2.150000 8.400000 3.050000 8.700000 2.750000 2.850000 3.250000 5.300000 
2.260870 9.043478 2.130435 2.217391 2.956522 7.391304 2.304348 2.826087 2.304348 6.869565 
2.833333 5.208333 2.750000 8.333333 2.375000 6.541667 2.833333 11.250000 2.708333 10.000000 
2.228571 10.542857 2.114286 2.628571 2.200000 4.285714 2.628571 9.885714 2.314286 3.800000 
2.000000 5.562500 2.562500 9.250000 2.875000 2.187500 3.000000 8.687500 2.687500 6.687500 
2.571429 9.071429 2.928571 6.785714 2.714286 2.000000 2.571429 2.857143 2.142857 1.857143 
2.933333 2.400000 3.066667 8.133333 2.400000 2.866667 2.400000 11.800000 2.866667 6.866667 
1.882353 4.411765 1.941176 2.176471 2.470588 2.705882 2.411765 10.764706 2.529412 5.882353 
2.038462 10.923077 2.269231 11.192308 2.653846 6.461538 2.346154 11.961538 2.923077 4.692308 
2.590909 6.409091 2.272727 12.136364 2.272727 11.318182 2.863636 2.818182 2.727273 11.227273 
2.454545 5.909091 2.272727 3.181818 1.909091 6.727273 3.545455 6.545455 1.545455 8.454545 
2.428571 5.642857 2.642857 2.357143 2.428571 4.357143 3.071429 7.500000 2.000000 2.428571 
3.000000 11.500000 2.666667 12.250000 2.333333 11.166667 2.916667 4.416667 1.833333 3.166667 
2.227273 3.590909 2.590909 3.136364 2.863636 2.454545 2.409091 2.818182 2.090909 6.318182 
2.083333 8.166667 2.666667 11.500000 3.166667 1.666667 2.666667 10.500000 1.750000 4.333333 
2.136364 7.227273 2.409091 12.000000 2.409091 10.863636 2.318182 11.045455 2.500000 2.500000 
2.470588 11.823529 1.764706 1.647059 2.117647 2.764706 2.705882 3.588235 2.411765 5.117647 
2.958333 11.666667 2.375000 7.083333 2.541667 2.791667 2.291667 10.125000 2.583333 3.708333 
2.461538 7.153846 2.769231 1.615385 2.384615 9.769231 2.230769 8.153846 2.538462 2.692308 
2.200000 11.000000 2.450000 8.250000 2.450000 11.550000 2.900000 3.050000 2.150000 9.400000 
2.590909 10.545455 2.636364 3.409091 1.727273 4.590909 2.500000 12.045455 2.272727 9.090909 
2.666667 2.333333 2.571429 11.761905 2.238095 10.333333 2.380952 8.619048 2.857143 10.095238 
2.111111 12.166667 2.500000 5.055556 2.500000 11.055556 2.055556 8.888889 2.555556 8.277778 
2.100000 10.533333 2.533333 10.900000 2.200000 6.133333 2.600000 3.300000 2.866667 11.400000 

Avg Classes:
2.482072 7.045153 2.496680 6.972112 2.519256 7.025232 2.520584 6.966799 2.525896 6.812749 
2.442700 6.769231 2.466248 7.087912 2.472527 7.183673 2.525903 6.890110 2.554160 7.221350 
2.550725 8.000000 2.304348 6.318841 2.449275 6.739130 2.565217 6.898551 2.463768 6.869565 
2.413793 8.172414 2.482759 7.965517 2.724138 8.620690 2.620690 6.827586 2.758621 6.517241 
2.600000 7.200000 2.000000 8.400000 2.200000 7.800000 1.600000 6.000000 1.400000 5.000000 
2.000000 3.500000 2.000000 6.500000 2.000000 4.500000 2.000000 5.000000 2.000000 6.250000 
4.000000 8.000000 2.500000 7.000000 2.500000 8.000000 3.500000 10.000000 1.500000 7.000000 
1.000000 2.000000 3.000000 2.000000 4.000000 2.000000 2.000000 2.000000 1.000000 8.000000 
-1.000000 -1.000000 -1.000000 -1.000000 -1.000000 -1.000000 -1.000000 -1.000000 -1.000000 -1.000000 
-1.000000 -1.000000 -1.000000 -1.000000 -1.000000 -1.000000 -1.000000 -1.000000 -1.000000 -1.000000 

Cluster 0 is class 1
Cluster 1 is class 4
Cluster 2 is class 5
Cluster 3 is class 5
Cluster 4 is class 1
Cluster 5 is class 0
Cluster 6 is class 0
Cluster 7 is class 2
Cluster 8 is class 2
Cluster 9 is class 0
Cluster 10 is class 6
Cluster 11 is class 5
Cluster 12 is class 4
Cluster 13 is class 1
Cluster 14 is class 0
Cluster 15 is class 4
Cluster 16 is class 3
Cluster 17 is class 6
Cluster 18 is class 2
Cluster 19 is class 0
Cluster 20 is class 3
Cluster 21 is class 5
Cluster 22 is class 3
Cluster 23 is class 0
Cluster 24 is class 0
Cluster 25 is class 5
Cluster 26 is class 0
Cluster 27 is class 4
Cluster 28 is class 3
Cluster 29 is class 6
Cluster 30 is class 5
Cluster 31 is class 2
Cluster 32 is class 0
Cluster 33 is class 2
Cluster 34 is class 0
Cluster 35 is class 4
Cluster 36 is class 1
Cluster 37 is class 2
Cluster 38 is class 6
Cluster 39 is class 1
Cluster 40 is class 0
Cluster 41 is class 2
Cluster 42 is class 3
Cluster 43 is class 7
Cluster 44 is class 0
Cluster 45 is class 3
Cluster 46 is class 2
Cluster 47 is class 0
Cluster 48 is class 0
Cluster 49 is class 3
Cluster 50 is class 6
Cluster 51 is class 1
Cluster 52 is class 2
Cluster 53 is class 0

Overall Accuracy is 0.205333

