----------------------------For Number of clusters 52----------------------------
Number of Iterations for Kmeans: 33
Avg Clusters:
2.520833 2.479167 2.666667 8.958333 2.312500 10.375000 2.437500 9.020833 2.375000 10.229167 
2.510204 3.816327 2.673469 11.061224 2.755102 7.183673 2.693878 9.367347 2.387755 4.387755 
2.490909 3.563636 2.436364 5.072727 2.581818 5.490909 2.545455 2.381818 2.618182 10.763636 
2.344828 2.413793 2.931034 5.448276 2.275862 3.241379 1.931034 7.241379 2.655172 2.827586 
2.564103 9.794872 2.461538 11.179487 2.461538 9.743590 2.461538 9.410256 2.333333 10.435897 
2.375000 4.104167 2.354167 3.520833 2.395833 11.479167 2.666667 4.750000 2.583333 8.687500 
2.755556 10.377778 2.555556 9.400000 2.488889 2.711111 2.577778 9.155556 2.444444 10.777778 
2.678571 10.607143 2.214286 8.071429 2.625000 3.928571 2.178571 3.928571 2.392857 5.357143 
2.520833 11.062500 2.625000 3.812500 2.541667 11.250000 2.770833 4.000000 2.375000 3.645833 
2.625000 3.975000 2.975000 6.125000 2.675000 11.475000 1.925000 10.150000 2.400000 3.525000 
2.500000 10.642857 2.267857 5.160714 2.625000 10.071429 2.428571 10.910714 2.857143 3.928571 
2.543478 3.717391 2.130435 11.239130 2.391304 3.695652 2.673913 3.260870 2.586957 10.152174 
2.851852 4.407407 2.000000 3.296296 2.333333 9.925926 2.407407 2.370370 2.925926 2.629630 
2.121212 3.606061 2.545455 10.181818 2.424242 10.727273 2.787879 2.757576 2.757576 9.060606 
2.320000 10.260000 2.500000 3.700000 2.200000 2.380000 2.520000 3.960000 2.880000 10.120000 
2.666667 7.939394 3.060606 10.909091 2.181818 5.333333 2.272727 3.727273 2.545455 2.515152 
2.448276 11.517241 2.620690 6.034483 2.758621 8.724138 2.551724 8.931034 2.793103 9.517241 
2.461538 9.230769 2.346154 2.769231 2.500000 11.192308 2.653846 11.692308 2.346154 9.615385 
2.696970 7.000000 2.696970 3.787879 2.696970 4.090909 2.363636 9.454545 2.636364 10.969697 
2.565217 6.173913 2.652174 8.913043 2.260870 3.652174 2.130435 11.478261 2.391304 2.521739 
2.741935 8.258065 2.580645 9.903226 2.322581 11.806452 2.451613 6.903226 2.580645 6.193548 
2.153846 2.461538 2.730769 6.807692 2.269231 2.230769 2.461538 7.384615 2.730769 11.307692 
2.800000 11.200000 2.600000 8.700000 2.450000 8.900000 2.300000 6.700000 2.550000 2.700000 
2.064516 3.580645 2.451613 3.451613 3.032258 8.354839 2.451613 11.129032 2.516129 7.129032 
2.500000 1.909091 2.045455 3.954545 1.954545 4.181818 2.818182 11.000000 2.772727 11.636364 
2.521739 2.913043 2.478261 11.000000 2.695652 3.043478 2.521739 4.260870 2.521739 4.304348 
2.515152 10.363636 2.454545 3.030303 2.575758 10.090909 2.060606 4.181818 2.484848 11.363636 
2.166667 3.900000 2.233333 11.333333 2.433333 10.333333 2.333333 3.666667 2.500000 2.466667 
2.189189 10.135135 2.486486 11.081081 2.243243 6.729730 2.486486 3.216216 2.783784 10.891892 
2.600000 3.150000 2.650000 3.600000 3.100000 10.250000 2.350000 10.650000 2.150000 11.800000 
2.300000 2.200000 2.050000 7.600000 3.300000 9.350000 3.150000 3.300000 3.150000 4.950000 
2.269231 8.961538 2.192308 2.269231 2.884615 7.307692 2.423077 2.923077 2.192308 7.076923 
2.619048 4.619048 2.571429 8.714286 2.285714 6.714286 2.714286 11.428571 2.857143 9.904762 
2.257143 10.600000 2.085714 2.514286 2.257143 4.171429 2.685714 9.857143 2.314286 3.971429 
2.000000 5.714286 2.500000 9.071429 3.071429 2.142857 3.071429 8.714286 2.571429 6.428571 
3.000000 11.250000 2.416667 8.833333 2.583333 2.250000 2.500000 2.333333 2.250000 1.750000 
2.705882 2.588235 3.117647 8.294118 2.411765 2.705882 2.235294 11.823529 2.823529 6.941176 
1.875000 3.812500 2.187500 2.312500 2.437500 3.187500 2.687500 11.250000 2.250000 5.437500 
2.142857 11.142857 2.178571 11.500000 2.500000 7.000000 2.607143 11.821429 3.035714 5.035714 
2.578947 6.631579 2.473684 12.315789 2.315789 11.421053 2.894737 2.315789 2.631579 10.736842 
2.142857 3.857143 1.928571 3.142857 2.285714 5.500000 3.142857 6.142857 2.071429 7.571429 
2.250000 6.166667 2.583333 2.416667 2.583333 3.583333 3.083333 7.333333 2.000000 2.333333 
3.000000 11.705882 2.529412 12.117647 2.235294 10.941176 3.176471 4.647059 2.117647 3.176471 
2.363636 4.590909 2.636364 3.500000 2.681818 2.363636 2.590909 2.363636 1.909091 5.681818 
2.090909 8.181818 2.636364 11.545455 3.090909 1.545455 2.545455 10.363636 1.545455 4.545455 
2.095238 7.238095 2.333333 11.952381 2.428571 11.047619 2.380952 11.000000 2.476190 2.571429 
2.333333 11.866667 1.800000 1.666667 2.200000 2.933333 2.666667 3.400000 2.400000 4.733333 
2.956522 11.652174 2.304348 7.086957 2.565217 2.782609 2.304348 10.086957 2.565217 3.521739 
2.588235 5.941176 2.764706 1.941176 2.470588 9.588235 2.588235 8.529412 2.823529 2.176471 
2.125000 11.125000 2.500000 8.312500 2.187500 12.250000 3.000000 3.062500 2.062500 9.437500 
2.350000 11.250000 2.950000 3.300000 1.800000 4.800000 2.950000 11.800000 2.200000 9.400000 
2.722222 3.388889 2.166667 12.000000 3.277778 11.277778 2.722222 8.111111 2.833333 7.111111 

Avg Classes:
2.482072 7.045153 2.496680 6.972112 2.519256 7.025232 2.520584 6.966799 2.525896 6.812749 
2.442700 6.769231 2.466248 7.087912 2.472527 7.183673 2.525903 6.890110 2.554160 7.221350 
2.550725 8.000000 2.304348 6.318841 2.449275 6.739130 2.565217 6.898551 2.463768 6.869565 
2.413793 8.172414 2.482759 7.965517 2.724138 8.620690 2.620690 6.827586 2.758621 6.517241 
2.600000 7.200000 2.000000 8.400000 2.200000 7.800000 1.600000 6.000000 1.400000 5.000000 
2.000000 3.500000 2.000000 6.500000 2.000000 4.500000 2.000000 5.000000 2.000000 6.250000 
4.000000 8.000000 2.500000 7.000000 2.500000 8.000000 3.500000 10.000000 1.500000 7.000000 
1.000000 2.000000 3.000000 2.000000 4.000000 2.000000 2.000000 2.000000 1.000000 8.000000 
-1.000000 -1.000000 -1.000000 -1.000000 -1.000000 -1.000000 -1.000000 -1.000000 -1.000000 -1.000000 
-1.000000 -1.000000 -1.000000 -1.000000 -1.000000 -1.000000 -1.000000 -1.000000 -1.000000 -1.000000 

Cluster 0 is class 1
Cluster 1 is class 4
Cluster 2 is class 5
Cluster 3 is class 5
Cluster 4 is class 3
Cluster 5 is class 0
Cluster 6 is class 0
Cluster 7 is class 0
Cluster 8 is class 3
Cluster 9 is class 6
Cluster 10 is class 6
Cluster 11 is class 5
Cluster 12 is class 4
Cluster 13 is class 0
Cluster 14 is class 0
Cluster 15 is class 4
Cluster 16 is class 0
Cluster 17 is class 6
Cluster 18 is class 0
Cluster 19 is class 0
Cluster 20 is class 3
Cluster 21 is class 5
Cluster 22 is class 3
Cluster 23 is class 0
Cluster 24 is class 1
Cluster 25 is class 5
Cluster 26 is class 1
Cluster 27 is class 4
Cluster 28 is class 0
Cluster 29 is class 0
Cluster 30 is class 5
Cluster 31 is class 2
Cluster 32 is class 1
Cluster 33 is class 2
Cluster 34 is class 0
Cluster 35 is class 4
Cluster 36 is class 5
Cluster 37 is class 5
Cluster 38 is class 6
Cluster 39 is class 1
Cluster 40 is class 5
Cluster 41 is class 5
Cluster 42 is class 3
Cluster 43 is class 5
Cluster 44 is class 0
Cluster 45 is class 3
Cluster 46 is class 2
Cluster 47 is class 0
Cluster 48 is class 0
Cluster 49 is class 3
Cluster 50 is class 6
Cluster 51 is class 3

Overall Accuracy is 0.214000

