----------------------------For Number of clusters 98----------------------------
Number of Iterations for Kmeans: 31
Avg Clusters:
2.137931 3.000000 2.482759 7.206897 2.206897 2.034483 2.551724 5.068966 2.655172 7.137931 
2.478261 9.434783 2.565217 8.826087 2.652174 2.391304 2.347826 8.347826 2.347826 12.173913 
2.666667 3.030303 2.545455 10.545455 2.606061 7.030303 2.303030 3.212121 2.969697 3.969697 
2.480000 9.320000 2.280000 3.080000 2.320000 2.280000 2.280000 2.280000 2.200000 4.600000 
2.343750 4.562500 2.625000 3.687500 2.281250 3.500000 2.625000 10.468750 2.250000 3.656250 
2.121212 2.757576 2.696970 3.484848 2.727273 4.090909 2.545455 2.393939 2.484848 9.727273 
2.343750 3.812500 2.781250 3.000000 2.937500 9.437500 2.656250 11.250000 2.656250 9.125000 
2.656250 11.781250 2.031250 5.812500 2.781250 3.593750 2.343750 10.687500 2.218750 3.281250 
2.388889 8.222222 2.500000 12.000000 1.888889 5.000000 2.055556 4.111111 2.444444 10.333333 
2.107143 9.428571 2.571429 10.535714 2.714286 7.071429 2.285714 11.250000 2.785714 5.571429 
2.342857 3.171429 2.800000 10.685714 3.000000 7.285714 2.371429 10.200000 2.285714 3.400000 
2.894737 10.052632 2.947368 3.684211 2.684211 6.842105 2.578947 7.263158 2.894737 12.105263 
3.222222 10.666667 1.944444 7.222222 2.944444 1.555556 2.277778 3.277778 2.666667 7.277778 
2.529412 7.000000 2.529412 3.764706 1.823529 2.117647 1.823529 4.000000 3.117647 11.588235 
2.214286 10.785714 2.678571 3.178571 1.928571 5.071429 2.928571 11.428571 2.250000 8.785714 
3.000000 10.464286 2.857143 10.250000 2.392857 3.071429 2.535714 3.678571 2.607143 2.892857 
2.500000 9.625000 2.562500 2.937500 2.250000 11.937500 2.125000 4.062500 2.187500 11.937500 
3.000000 9.954545 2.318182 3.181818 3.045455 9.318182 2.363636 11.363636 2.681818 4.863636 
1.842105 7.842105 2.210526 11.421053 2.578947 11.473684 2.315789 10.526316 2.684211 2.421053 
2.636364 11.045455 2.772727 11.909091 2.181818 10.863636 3.045455 4.954545 2.090909 4.545455 
3.111111 3.000000 2.333333 11.333333 2.666667 3.166667 2.722222 6.000000 2.333333 11.666667 
2.000000 7.230769 2.384615 2.000000 2.461538 7.153846 2.076923 2.615385 2.615385 8.230769 
2.444444 11.111111 2.277778 7.444444 2.444444 7.722222 1.611111 2.833333 2.944444 2.666667 
3.000000 11.666667 3.333333 11.111111 3.444444 9.888889 2.333333 9.000000 2.555556 1.666667 
2.400000 1.700000 2.266667 4.733333 1.800000 3.166667 2.633333 9.733333 2.633333 11.933333 
2.517241 3.103448 2.448276 8.241379 2.724138 11.551724 2.724138 3.965517 2.862069 7.206897 
2.681818 4.636364 2.954545 6.045455 2.409091 11.818182 1.818182 11.181818 2.318182 4.045455 
2.450000 11.700000 2.350000 3.250000 2.750000 1.800000 3.050000 6.150000 3.050000 9.150000 
2.095238 4.619048 1.952381 11.476190 2.571429 10.571429 2.380952 3.904762 2.333333 2.238095 
2.416667 7.583333 2.416667 12.416667 2.166667 4.000000 2.416667 5.750000 2.000000 2.750000 
2.235294 4.588235 2.117647 4.000000 2.470588 6.352941 3.352941 6.058824 2.176471 10.411765 
2.136364 3.318182 2.545455 7.818182 2.227273 8.727273 2.772727 11.954545 3.045455 10.454545 
3.066667 5.333333 2.133333 1.600000 2.600000 10.200000 2.133333 5.666667 3.000000 1.466667 
1.894737 10.578947 2.105263 6.526316 1.947368 11.157895 2.789474 10.000000 2.578947 8.315789 
2.588235 11.117647 2.235294 3.294118 2.058824 11.588235 2.647059 2.705882 2.176471 6.823529 
2.636364 2.454545 2.727273 11.181818 2.636364 2.909091 3.272727 5.000000 2.181818 4.454545 
2.545455 1.818182 1.909091 5.090909 3.454545 9.727273 2.090909 8.272727 2.000000 11.454545 
2.833333 11.750000 2.750000 8.333333 2.833333 3.833333 3.000000 2.916667 2.750000 11.583333 
2.428571 7.238095 2.238095 11.047619 2.000000 11.000000 2.904762 3.476190 2.761905 11.190476 
2.400000 9.150000 2.750000 2.400000 2.000000 6.950000 2.900000 8.700000 2.850000 2.900000 
1.800000 10.100000 3.300000 3.600000 1.600000 2.800000 2.600000 2.300000 2.600000 9.500000 
2.352941 2.588235 1.764706 5.411765 2.764706 11.117647 2.647059 2.588235 2.470588 10.823529 
2.750000 5.500000 2.750000 3.250000 2.500000 6.250000 2.875000 11.750000 1.875000 12.250000 
2.769231 12.230769 2.000000 7.846154 3.230769 6.923077 2.615385 7.461538 2.384615 9.461538 
2.952381 3.619048 2.619048 8.761905 2.809524 6.190476 2.571429 2.380952 2.571429 10.714286 
2.400000 5.600000 2.466667 12.400000 2.800000 8.133333 2.933333 7.333333 2.600000 6.733333 
2.444444 9.777778 1.555556 3.444444 2.777778 7.666667 1.777778 3.111111 2.777778 11.333333 
2.523810 3.476190 2.666667 8.857143 1.952381 2.000000 2.190476 11.619048 2.095238 4.619048 
2.470588 7.588235 3.176471 10.823529 2.588235 11.470588 2.235294 10.352941 2.058824 10.294118 
3.000000 11.333333 1.583333 12.083333 2.083333 10.166667 3.500000 10.833333 3.166667 7.583333 
2.631579 2.263158 2.684211 11.421053 2.052632 10.000000 2.263158 8.473684 2.631579 10.736842 
2.583333 9.166667 2.416667 2.250000 2.250000 10.916667 2.583333 11.833333 2.250000 11.416667 
3.000000 4.250000 2.416667 4.083333 1.916667 9.500000 1.666667 1.750000 2.416667 3.916667 
1.500000 6.000000 2.000000 1.625000 3.250000 9.125000 2.500000 11.250000 2.750000 5.375000 
1.875000 7.875000 2.000000 5.875000 3.000000 9.000000 2.625000 2.125000 3.250000 8.625000 
2.714286 8.357143 2.714286 8.357143 2.285714 1.714286 2.142857 8.285714 2.428571 2.571429 
4.000000 7.571429 2.571429 9.571429 2.857143 11.285714 1.285714 6.000000 2.285714 9.714286 
-1.000000 -1.000000 -1.000000 -1.000000 -1.000000 -1.000000 -1.000000 -1.000000 -1.000000 -1.000000 
2.000000 3.000000 2.333333 1.944444 2.166667 10.722222 2.777778 6.000000 2.333333 7.277778 
2.444444 8.333333 2.222222 1.777778 3.444444 10.555556 3.555556 5.111111 1.666667 5.000000 
3.083333 11.500000 2.500000 8.500000 2.166667 3.166667 2.250000 11.916667 2.333333 10.416667 
2.750000 4.300000 2.300000 10.950000 2.350000 12.200000 2.450000 9.200000 2.800000 4.750000 
3.000000 1.500000 3.500000 3.875000 3.125000 11.750000 3.250000 7.750000 3.125000 2.500000 
2.235294 3.235294 2.882353 11.823529 2.470588 10.176471 3.058824 1.705882 2.823529 9.647059 
2.000000 11.076923 1.846154 5.076923 2.461538 11.769231 2.692308 11.230769 2.692308 2.230769 
1.875000 3.812500 1.625000 11.187500 2.062500 2.312500 2.625000 1.875000 2.562500 9.687500 
2.538462 11.384615 2.076923 9.769231 2.846154 6.923077 2.846154 2.461538 2.538462 7.615385 
1.111111 8.333333 1.888889 6.333333 3.111111 4.555556 2.444444 7.666667 2.111111 4.777778 
1.545455 10.818182 2.454545 11.363636 2.181818 8.000000 2.636364 2.727273 2.909091 11.909091 
2.636364 12.545455 2.545455 2.909091 2.545455 7.090909 2.545455 5.000000 2.727273 6.818182 
2.666667 11.066667 2.000000 6.600000 2.733333 11.666667 3.266667 5.000000 2.533333 2.866667 
1.875000 11.500000 2.875000 9.125000 2.125000 12.500000 3.625000 2.500000 2.000000 9.250000 
2.466667 5.533333 2.733333 6.200000 3.000000 4.266667 2.933333 10.200000 2.733333 8.866667 
2.550000 2.900000 2.950000 3.550000 2.650000 3.500000 2.500000 5.700000 2.600000 2.550000 
2.727273 6.090909 2.090909 2.000000 2.636364 2.000000 1.909091 10.545455 2.818182 8.818182 
2.181818 11.545455 1.818182 2.181818 2.000000 3.636364 2.000000 8.000000 2.363636 5.363636 
2.727273 6.181818 3.090909 12.090909 2.909091 4.636364 1.909091 10.909091 2.727273 10.818182 
2.333333 2.333333 2.000000 1.500000 2.500000 10.500000 3.166667 1.500000 3.333333 4.500000 
2.545455 2.181818 3.000000 8.181818 2.636364 5.909091 2.636364 10.090909 2.272727 7.454545 
2.142857 10.571429 2.142857 10.714286 2.142857 9.142857 2.428571 8.285714 2.142857 12.428571 
2.444444 12.111111 2.333333 8.888889 2.444444 10.666667 2.555556 12.000000 3.333333 4.888889 
2.285714 6.714286 2.142857 12.142857 2.571429 12.142857 1.714286 1.714286 2.714286 7.428571 
2.538462 3.923077 2.153846 6.692308 2.692308 5.769231 3.000000 3.692308 2.692308 2.923077 
-1.000000 -1.000000 -1.000000 -1.000000 -1.000000 -1.000000 -1.000000 -1.000000 -1.000000 -1.000000 
3.000000 11.500000 3.250000 7.500000 2.750000 9.750000 1.250000 5.750000 1.750000 7.750000 
2.076923 10.230769 2.384615 11.692308 2.538462 3.615385 2.692308 12.384615 2.846154 3.153846 
2.625000 12.000000 2.875000 2.750000 2.000000 11.875000 2.500000 3.500000 2.500000 2.375000 
2.428571 12.285714 2.428571 3.142857 2.571429 11.428571 1.285714 7.857143 2.571429 8.000000 
2.750000 4.166667 2.916667 6.166667 2.500000 12.666667 3.000000 7.083333 2.916667 10.750000 
1.571429 11.571429 2.571429 1.285714 3.571429 6.714286 2.857143 2.571429 1.714286 3.285714 
3.000000 8.555556 2.666667 6.111111 2.666667 10.111111 2.333333 7.444444 2.000000 4.444444 
2.454545 1.727273 2.545455 6.818182 2.727273 9.363636 2.000000 12.363636 1.818182 6.181818 
1.000000 12.000000 4.000000 8.000000 1.000000 5.000000 4.000000 7.000000 4.000000 4.000000 
2.250000 7.250000 3.125000 5.500000 2.750000 11.875000 2.875000 2.000000 2.125000 2.500000 
2.363636 8.090909 2.272727 11.272727 2.818182 2.454545 2.818182 8.818182 2.090909 7.636364 
2.200000 6.200000 2.400000 6.000000 1.600000 12.600000 2.600000 7.400000 2.600000 2.600000 
2.750000 12.750000 4.000000 7.750000 3.000000 11.750000 2.250000 11.750000 2.500000 9.000000 
3.100000 12.100000 2.500000 9.100000 2.300000 7.500000 2.100000 6.100000 2.200000 2.100000 

Avg Classes:
2.482072 7.045153 2.496680 6.972112 2.519256 7.025232 2.520584 6.966799 2.525896 6.812749 
2.442700 6.769231 2.466248 7.087912 2.472527 7.183673 2.525903 6.890110 2.554160 7.221350 
2.550725 8.000000 2.304348 6.318841 2.449275 6.739130 2.565217 6.898551 2.463768 6.869565 
2.413793 8.172414 2.482759 7.965517 2.724138 8.620690 2.620690 6.827586 2.758621 6.517241 
2.600000 7.200000 2.000000 8.400000 2.200000 7.800000 1.600000 6.000000 1.400000 5.000000 
2.000000 3.500000 2.000000 6.500000 2.000000 4.500000 2.000000 5.000000 2.000000 6.250000 
4.000000 8.000000 2.500000 7.000000 2.500000 8.000000 3.500000 10.000000 1.500000 7.000000 
1.000000 2.000000 3.000000 2.000000 4.000000 2.000000 2.000000 2.000000 1.000000 8.000000 
-1.000000 -1.000000 -1.000000 -1.000000 -1.000000 -1.000000 -1.000000 -1.000000 -1.000000 -1.000000 
-1.000000 -1.000000 -1.000000 -1.000000 -1.000000 -1.000000 -1.000000 -1.000000 -1.000000 -1.000000 

Cluster 0 is class 5
Cluster 1 is class 0
Cluster 2 is class 4
Cluster 3 is class 2
Cluster 4 is class 5
Cluster 5 is class 7
Cluster 6 is class 6
Cluster 7 is class 0
Cluster 8 is class 1
Cluster 9 is class 3
Cluster 10 is class 4
Cluster 11 is class 0
Cluster 12 is class 0
Cluster 13 is class 2
Cluster 14 is class 2
Cluster 15 is class 2
Cluster 16 is class 1
Cluster 17 is class 6
Cluster 18 is class 3
Cluster 19 is class 3
Cluster 20 is class 5
Cluster 21 is class 0
Cluster 22 is class 4
Cluster 23 is class 3
Cluster 24 is class 5
Cluster 25 is class 0
Cluster 26 is class 6
Cluster 27 is class 2
Cluster 28 is class 4
Cluster 29 is class 4
Cluster 30 is class 0
Cluster 31 is class 6
Cluster 32 is class 0
Cluster 33 is class 3
Cluster 34 is class 2
Cluster 35 is class 5
Cluster 36 is class 0
Cluster 37 is class 0
Cluster 38 is class 1
Cluster 39 is class 0
Cluster 40 is class 2
Cluster 41 is class 0
Cluster 42 is class 6
Cluster 43 is class 0
Cluster 44 is class 1
Cluster 45 is class 0
Cluster 46 is class 2
Cluster 47 is class 5
Cluster 48 is class 3
Cluster 49 is class 6
Cluster 50 is class 1
Cluster 51 is class 6
Cluster 52 is class 5
Cluster 53 is class 6
Cluster 54 is class 0
Cluster 55 is class 0
Cluster 56 is class 1
Cluster 57 is class 8
Cluster 58 is class 0
Cluster 59 is class 2
Cluster 60 is class 6
Cluster 61 is class 3
Cluster 62 is class 0
Cluster 63 is class 1
Cluster 64 is class 6
Cluster 65 is class 5
Cluster 66 is class 0
Cluster 67 is class 0
Cluster 68 is class 0
Cluster 69 is class 2
Cluster 70 is class 3
Cluster 71 is class 3
Cluster 72 is class 0
Cluster 73 is class 5
Cluster 74 is class 2
Cluster 75 is class 2
Cluster 76 is class 1
Cluster 77 is class 1
Cluster 78 is class 1
Cluster 79 is class 1
Cluster 80 is class 6
Cluster 81 is class 3
Cluster 82 is class 5
Cluster 83 is class 8
Cluster 84 is class 3
Cluster 85 is class 6
Cluster 86 is class 0
Cluster 87 is class 2
Cluster 88 is class 0
Cluster 89 is class 2
Cluster 90 is class 3
Cluster 91 is class 1
Cluster 92 is class 0
Cluster 93 is class 3
Cluster 94 is class 0
Cluster 95 is class 3
Cluster 96 is class 3
Cluster 97 is class 4

Overall Accuracy is 0.205333

