----------------------------For Number of clusters 36----------------------------
Number of Iterations for Kmeans: 27
Avg Clusters:
2.471429 9.914286 2.242857 3.571429 2.571429 9.971429 2.242857 4.200000 2.414286 9.928571 
2.843750 10.906250 2.515625 8.937500 2.406250 10.453125 2.578125 4.921875 2.312500 3.265625 
2.474576 10.525424 2.728814 7.406780 2.288136 9.305085 2.474576 11.067797 2.966102 8.322034 
2.396552 10.689655 2.086207 3.448276 2.517241 2.689655 2.534483 3.810345 2.362069 5.568966 
2.421875 3.984375 2.671875 11.031250 2.781250 7.125000 2.703125 9.203125 2.359375 4.406250 
2.560606 3.045455 2.196970 5.015152 2.575758 10.984848 2.560606 5.439394 2.530303 9.469697 
2.711538 9.000000 2.442308 10.384615 2.596154 3.134615 2.557692 9.807692 2.346154 10.480769 
2.843137 9.823529 2.627451 10.137255 2.411765 3.725490 2.313725 3.941176 2.215686 3.254902 
2.311475 9.983607 2.196721 3.196721 2.213115 4.180328 2.442623 10.540984 2.278689 4.311475 
2.162791 3.418605 2.813953 3.279070 2.534884 5.488372 2.395349 8.697674 2.604651 3.488372 
2.838710 10.870968 2.548387 8.387097 2.967742 2.677419 2.548387 8.838710 2.903226 3.451613 
2.473684 2.877193 2.596491 9.508772 2.421053 9.789474 2.385965 10.578947 2.578947 10.087719 
2.450000 10.850000 2.275000 11.600000 2.450000 8.700000 2.575000 10.950000 2.875000 4.775000 
2.307692 8.538462 2.692308 11.000000 2.923077 3.538462 2.307692 12.461538 2.461538 2.615385 
2.777778 4.666667 2.166667 2.833333 2.555556 10.472222 2.611111 2.944444 2.805556 2.861111 
2.300000 10.825000 2.625000 2.750000 2.450000 10.475000 2.825000 4.150000 2.350000 3.950000 
2.441860 4.372093 2.651163 2.534884 2.906977 9.302326 2.767442 11.325581 2.395349 9.093023 
2.225000 3.725000 2.325000 10.900000 2.500000 3.525000 2.425000 3.075000 2.500000 5.400000 
2.725000 10.600000 2.825000 5.150000 2.700000 3.275000 2.625000 6.975000 2.800000 11.450000 
2.478261 9.586957 2.695652 10.891304 2.456522 10.108696 2.652174 5.804348 2.304348 10.347826 
2.135135 9.864865 2.432432 10.675676 2.432432 5.297297 2.432432 2.945946 2.648649 9.756757 
2.160714 3.285714 2.357143 5.000000 2.375000 3.714286 2.803571 10.232143 2.767857 10.482143 
2.878049 2.804878 2.268293 10.341463 2.609756 3.609756 2.487805 3.902439 2.609756 11.243902 
2.514286 3.542857 2.342857 3.542857 2.885714 3.742857 2.600000 2.742857 2.028571 7.742857 
2.750000 2.850000 3.000000 4.400000 1.950000 2.300000 2.200000 5.600000 3.000000 11.200000 
2.000000 4.115385 2.269231 4.615385 2.384615 6.846154 2.461538 2.500000 2.961538 11.615385 
2.275000 3.650000 2.700000 11.325000 2.450000 10.800000 2.850000 3.000000 2.800000 8.975000 
2.450000 10.250000 2.000000 3.975000 2.800000 10.725000 2.450000 10.675000 2.600000 3.425000 
2.240000 9.120000 2.640000 3.680000 2.000000 2.560000 2.120000 2.440000 2.680000 10.360000 
2.361111 5.833333 2.500000 10.750000 2.305556 12.111111 2.361111 9.500000 2.944444 3.250000 
2.322581 4.064516 2.903226 5.354839 2.806452 11.225806 2.032258 10.935484 2.161290 3.903226 
2.282609 3.217391 2.239130 9.717391 2.869565 9.630435 2.608696 3.500000 2.717391 3.391304 
2.157895 8.578947 2.210526 10.894737 2.000000 11.368421 2.894737 1.684211 2.315789 9.736842 
2.580645 3.806452 2.612903 8.354839 2.064516 2.096774 2.516129 10.774194 2.290323 4.580645 
2.470588 2.529412 2.823529 5.352941 1.941176 2.588235 2.352941 4.764706 2.470588 2.705882 
2.615385 10.269231 2.769231 2.384615 2.000000 7.961538 2.807692 11.730769 2.269231 10.730769 

Avg Classes:
2.482072 7.045153 2.496680 6.972112 2.519256 7.025232 2.520584 6.966799 2.525896 6.812749 
2.442700 6.769231 2.466248 7.087912 2.472527 7.183673 2.525903 6.890110 2.554160 7.221350 
2.550725 8.000000 2.304348 6.318841 2.449275 6.739130 2.565217 6.898551 2.463768 6.869565 
2.413793 8.172414 2.482759 7.965517 2.724138 8.620690 2.620690 6.827586 2.758621 6.517241 
2.600000 7.200000 2.000000 8.400000 2.200000 7.800000 1.600000 6.000000 1.400000 5.000000 
2.000000 3.500000 2.000000 6.500000 2.000000 4.500000 2.000000 5.000000 2.000000 6.250000 
4.000000 8.000000 2.500000 7.000000 2.500000 8.000000 3.500000 10.000000 1.500000 7.000000 
1.000000 2.000000 3.000000 2.000000 4.000000 2.000000 2.000000 2.000000 1.000000 8.000000 
-1.000000 -1.000000 -1.000000 -1.000000 -1.000000 -1.000000 -1.000000 -1.000000 -1.000000 -1.000000 
-1.000000 -1.000000 -1.000000 -1.000000 -1.000000 -1.000000 -1.000000 -1.000000 -1.000000 -1.000000 

Cluster 0 is class 0
Cluster 1 is class 3
Cluster 2 is class 6
Cluster 3 is class 2
Cluster 4 is class 4
Cluster 5 is class 0
Cluster 6 is class 0
Cluster 7 is class 4
Cluster 8 is class 2
Cluster 9 is class 5
Cluster 10 is class 2
Cluster 11 is class 0
Cluster 12 is class 3
Cluster 13 is class 0
Cluster 14 is class 4
Cluster 15 is class 0
Cluster 16 is class 6
Cluster 17 is class 5
Cluster 18 is class 2
Cluster 19 is class 3
Cluster 20 is class 1
Cluster 21 is class 0
Cluster 22 is class 5
Cluster 23 is class 7
Cluster 24 is class 5
Cluster 25 is class 5
Cluster 26 is class 1
Cluster 27 is class 6
Cluster 28 is class 2
Cluster 29 is class 3
Cluster 30 is class 6
Cluster 31 is class 4
Cluster 32 is class 3
Cluster 33 is class 5
Cluster 34 is class 5
Cluster 35 is class 6

Overall Accuracy is 0.150667

