----------------------------For Number of clusters 50----------------------------
Number of Iterations for Kmeans: 20
Avg Clusters:
2.600000 2.945455 2.672727 10.381818 2.436364 10.581818 2.654545 9.072727 2.636364 9.618182 
2.456522 3.347826 2.804348 10.500000 2.847826 7.282609 2.608696 9.478261 2.391304 3.913043 
2.482143 3.428571 2.464286 4.500000 2.571429 3.625000 2.535714 3.285714 2.357143 9.428571 
2.269231 2.461538 3.000000 5.269231 2.384615 2.769231 2.076923 7.384615 2.615385 3.153846 
2.487179 9.615385 2.461538 11.153846 2.384615 9.666667 2.487179 8.923077 2.358974 10.538462 
2.442308 3.865385 2.230769 3.500000 2.442308 11.173077 2.884615 5.000000 2.576923 8.461538 
2.612245 10.163265 2.551020 8.897959 2.571429 2.938776 2.387755 9.265306 2.346939 11.040816 
2.723404 10.851064 2.276596 7.851064 2.765957 3.702128 2.212766 3.510638 2.531915 5.595745 
2.520833 11.062500 2.625000 3.812500 2.541667 11.250000 2.770833 4.000000 2.375000 3.645833 
2.571429 4.285714 2.904762 5.761905 2.547619 11.595238 2.095238 10.214286 2.523810 3.595238 
2.482759 10.637931 2.327586 4.896552 2.620690 9.551724 2.344828 10.862069 2.844828 3.965517 
2.576923 3.500000 2.230769 10.961538 2.461538 3.750000 2.538462 3.346154 2.673077 10.442308 
2.863636 3.863636 2.045455 3.045455 2.318182 9.863636 2.227273 1.772727 2.772727 3.227273 
2.484848 3.000000 2.363636 8.969697 2.727273 10.333333 2.727273 2.939394 2.939394 8.878788 
2.380000 10.420000 2.420000 3.860000 2.260000 2.460000 2.540000 4.180000 2.840000 10.240000 
2.595238 9.214286 2.761905 11.119048 2.476190 5.833333 2.214286 5.047619 2.476190 3.452381 
2.468750 11.593750 2.531250 6.312500 2.437500 9.593750 2.593750 9.125000 2.781250 8.937500 
2.520000 9.000000 2.440000 2.680000 2.480000 11.280000 2.680000 11.840000 2.360000 9.760000 
2.435897 9.307692 2.743590 2.846154 2.230769 4.564103 2.692308 11.000000 2.435897 9.846154 
2.631579 5.105263 2.684211 8.842105 1.947368 3.052632 2.000000 11.684211 2.000000 2.631579 
2.533333 7.000000 2.500000 10.400000 2.366667 12.100000 2.600000 7.200000 2.866667 6.066667 
2.055556 2.527778 2.500000 5.138889 2.222222 3.972222 2.694444 8.361111 2.388889 11.527778 
3.047619 11.142857 2.619048 8.619048 2.428571 9.619048 2.428571 6.666667 2.333333 2.523810 
2.093750 3.500000 2.406250 3.531250 3.062500 8.468750 2.468750 11.156250 2.500000 7.125000 
2.411765 2.235294 2.176471 4.941176 2.000000 4.411765 2.705882 12.588235 3.058824 11.235294 
2.481481 3.148148 2.592593 11.074074 2.592593 3.222222 2.518519 4.148148 2.481481 4.111111 
2.500000 10.264706 2.500000 3.088235 2.617647 10.147059 2.029412 4.176471 2.441176 11.382353 
2.275862 3.793103 2.137931 11.827586 2.655172 10.379310 2.344828 3.965517 2.413793 2.724138 
2.176471 10.117647 2.441176 10.970588 2.205882 6.823529 2.500000 3.117647 2.823529 11.088235 
2.526316 2.894737 2.526316 3.789474 3.315789 10.263158 2.368421 10.368421 1.947368 12.052632 
2.136364 3.454545 2.681818 7.772727 2.545455 8.909091 2.863636 2.954545 2.954545 3.636364 
2.222222 8.888889 2.148148 2.370370 2.851852 7.296296 2.481481 3.074074 2.222222 7.037037 
2.826087 5.347826 2.782609 8.260870 2.304348 6.521739 2.826087 11.260870 2.695652 10.000000 
2.312500 10.656250 2.062500 2.562500 2.218750 3.968750 2.500000 9.875000 2.281250 3.875000 
2.133333 5.733333 2.400000 9.933333 2.600000 2.333333 3.000000 8.600000 2.666667 6.933333 
3.125000 10.437500 2.437500 8.875000 2.437500 2.500000 2.687500 2.437500 2.375000 1.937500 
2.933333 2.400000 3.066667 8.133333 2.400000 2.866667 2.400000 11.800000 2.866667 6.866667 
1.875000 4.187500 2.187500 2.312500 2.687500 2.562500 2.625000 10.625000 2.437500 5.625000 
2.258065 11.129032 2.064516 11.322581 2.516129 7.096774 2.645161 11.870968 3.064516 5.064516 
2.208333 5.833333 2.375000 12.333333 2.333333 11.333333 2.875000 2.166667 2.541667 10.375000 
2.125000 4.750000 2.375000 4.437500 2.250000 6.937500 2.562500 2.437500 3.000000 12.062500 
2.315789 6.421053 2.631579 3.000000 2.421053 4.578947 3.157895 7.684211 2.105263 2.315789 
2.866667 11.733333 2.600000 12.133333 2.000000 10.933333 3.200000 4.400000 2.066667 3.533333 
2.375000 5.062500 2.562500 3.875000 2.562500 2.937500 2.312500 2.187500 2.187500 4.312500 
2.083333 8.166667 2.666667 11.500000 3.166667 1.666667 2.666667 10.500000 1.750000 4.333333 
2.136364 7.227273 2.409091 12.000000 2.409091 10.863636 2.318182 11.045455 2.500000 2.500000 
2.333333 11.866667 1.800000 1.666667 2.200000 2.933333 2.666667 3.400000 2.400000 4.733333 
3.000000 11.523810 2.333333 7.190476 2.714286 2.476190 2.380952 9.952381 2.476190 3.333333 
3.000000 5.928571 2.285714 1.857143 2.642857 10.214286 2.071429 6.785714 2.857143 1.642857 
2.333333 10.888889 2.555556 8.555556 2.388889 12.166667 2.666667 3.000000 1.888889 9.277778 

Avg Classes:
2.482072 7.045153 2.496680 6.972112 2.519256 7.025232 2.520584 6.966799 2.525896 6.812749 
2.442700 6.769231 2.466248 7.087912 2.472527 7.183673 2.525903 6.890110 2.554160 7.221350 
2.550725 8.000000 2.304348 6.318841 2.449275 6.739130 2.565217 6.898551 2.463768 6.869565 
2.413793 8.172414 2.482759 7.965517 2.724138 8.620690 2.620690 6.827586 2.758621 6.517241 
2.600000 7.200000 2.000000 8.400000 2.200000 7.800000 1.600000 6.000000 1.400000 5.000000 
2.000000 3.500000 2.000000 6.500000 2.000000 4.500000 2.000000 5.000000 2.000000 6.250000 
4.000000 8.000000 2.500000 7.000000 2.500000 8.000000 3.500000 10.000000 1.500000 7.000000 
1.000000 2.000000 3.000000 2.000000 4.000000 2.000000 2.000000 2.000000 1.000000 8.000000 
-1.000000 -1.000000 -1.000000 -1.000000 -1.000000 -1.000000 -1.000000 -1.000000 -1.000000 -1.000000 
-1.000000 -1.000000 -1.000000 -1.000000 -1.000000 -1.000000 -1.000000 -1.000000 -1.000000 -1.000000 

Cluster 0 is class 1
Cluster 1 is class 4
Cluster 2 is class 5
Cluster 3 is class 5
Cluster 4 is class 3
Cluster 5 is class 0
Cluster 6 is class 2
Cluster 7 is class 2
Cluster 8 is class 3
Cluster 9 is class 6
Cluster 10 is class 6
Cluster 11 is class 5
Cluster 12 is class 5
Cluster 13 is class 1
Cluster 14 is class 0
Cluster 15 is class 4
Cluster 16 is class 2
Cluster 17 is class 6
Cluster 18 is class 2
Cluster 19 is class 0
Cluster 20 is class 3
Cluster 21 is class 5
Cluster 22 is class 3
Cluster 23 is class 0
Cluster 24 is class 6
Cluster 25 is class 5
Cluster 26 is class 1
Cluster 27 is class 4
Cluster 28 is class 0
Cluster 29 is class 0
Cluster 30 is class 4
Cluster 31 is class 2
Cluster 32 is class 6
Cluster 33 is class 2
Cluster 34 is class 0
Cluster 35 is class 4
Cluster 36 is class 1
Cluster 37 is class 2
Cluster 38 is class 6
Cluster 39 is class 1
Cluster 40 is class 0
Cluster 41 is class 0
Cluster 42 is class 3
Cluster 43 is class 5
Cluster 44 is class 0
Cluster 45 is class 3
Cluster 46 is class 2
Cluster 47 is class 0
Cluster 48 is class 0
Cluster 49 is class 3

Overall Accuracy is 0.178000

