----------------------------For Number of clusters 76----------------------------
Number of Iterations for Kmeans: 25
Avg Clusters:
2.720930 10.139535 2.348837 10.348837 2.883721 4.372093 2.418605 3.604651 2.511628 8.511628 
2.600000 4.650000 2.575000 2.700000 2.775000 9.400000 2.750000 11.275000 2.475000 9.875000 
2.857143 4.535714 2.000000 3.214286 2.357143 10.000000 2.464286 2.464286 2.892857 2.642857 
2.216216 2.891892 2.621622 7.216216 2.405405 7.675676 2.243243 11.810811 2.864865 8.324324 
2.133333 9.800000 2.466667 4.966667 2.466667 11.300000 2.533333 10.300000 2.433333 3.233333 
2.500000 3.076923 3.000000 4.423077 2.769231 10.384615 2.192308 8.500000 2.923077 2.692308 
2.222222 9.666667 2.555556 11.111111 2.583333 7.055556 2.416667 10.333333 2.861111 5.305556 
2.323529 10.588235 2.676471 4.235294 2.764706 2.382353 2.617647 7.205882 2.823529 10.294118 
2.125000 2.781250 2.218750 9.625000 2.812500 9.437500 2.562500 2.625000 3.187500 4.312500 
2.656250 8.937500 2.656250 11.281250 2.187500 4.000000 2.531250 3.750000 2.406250 2.781250 
2.812500 11.531250 2.156250 6.781250 2.656250 9.281250 2.437500 2.656250 2.937500 3.937500 
2.346154 10.269231 2.461538 2.500000 2.423077 11.884615 2.884615 3.769231 2.192308 4.500000 
3.040000 10.920000 2.440000 7.200000 2.040000 2.880000 2.280000 11.080000 2.240000 8.680000 
2.608696 8.391304 2.130435 2.347826 3.173913 9.086957 2.478261 11.304348 2.695652 5.304348 
2.789474 10.263158 2.526316 9.210526 3.000000 8.315789 2.315789 5.736842 2.421053 2.000000 
2.157895 7.578947 2.368421 11.947368 2.421053 10.789474 2.315789 11.105263 2.526316 2.157895 
2.360000 3.680000 2.480000 5.920000 2.400000 2.360000 2.480000 6.200000 2.840000 9.880000 
2.750000 11.416667 2.500000 7.000000 2.500000 8.083333 2.833333 10.250000 2.958333 8.791667 
2.178571 2.964286 2.678571 3.821429 2.571429 3.428571 2.214286 5.000000 2.392857 3.285714 
2.437500 10.375000 2.562500 5.656250 2.562500 10.843750 2.156250 3.312500 2.312500 10.906250 
2.575758 3.787879 2.393939 11.909091 2.636364 10.030303 2.606061 7.727273 2.848485 8.000000 
2.296296 5.296296 2.259259 2.925926 2.407407 3.148148 2.555556 9.703704 2.074074 3.481481 
1.961538 11.846154 2.461538 2.076923 2.192308 4.423077 2.615385 10.923077 2.115385 5.653846 
2.857143 2.642857 2.000000 4.857143 2.571429 11.071429 2.535714 3.464286 2.500000 8.714286 
3.111111 4.055556 2.222222 11.055556 2.611111 11.555556 2.000000 7.944444 2.666667 2.555556 
2.500000 3.312500 2.343750 9.937500 2.625000 5.656250 2.968750 2.593750 2.468750 9.437500 
1.947368 2.157895 2.315789 3.315789 2.526316 6.105263 2.684211 7.263158 2.578947 11.631579 
2.923077 12.538462 3.000000 5.307692 2.076923 10.000000 2.000000 7.076923 1.692308 2.923077 
2.285714 11.785714 2.785714 11.571429 2.285714 10.285714 3.428571 4.428571 1.785714 7.071429 
2.437500 10.875000 1.937500 11.500000 1.750000 10.937500 2.750000 10.875000 2.562500 8.750000 
1.684211 11.578947 2.157895 1.736842 2.684211 4.736842 2.736842 3.052632 2.105263 4.368421 
2.576923 11.000000 2.500000 7.346154 2.807692 2.769231 2.346154 9.038462 2.730769 2.730769 
2.200000 11.400000 2.000000 2.933333 2.800000 7.733333 2.466667 6.266667 2.333333 7.800000 
2.545455 2.363636 2.727273 6.545455 2.818182 6.818182 2.909091 7.363636 1.818182 8.181818 
2.545455 5.409091 2.681818 11.181818 2.545455 3.636364 2.227273 10.772727 2.772727 10.045455 
3.083333 11.416667 2.750000 11.583333 2.416667 12.500000 2.833333 6.333333 2.250000 2.666667 
2.277778 10.277778 2.833333 4.111111 2.111111 2.833333 2.444444 2.888889 2.444444 11.333333 
2.411765 5.470588 2.647059 3.000000 2.470588 2.823529 2.294118 11.176471 2.764706 8.235294 
2.000000 3.000000 2.409091 4.318182 2.454545 5.954545 2.681818 2.409091 2.681818 10.954545 
3.000000 3.400000 2.000000 11.750000 2.200000 2.650000 2.650000 4.200000 2.500000 11.500000 
2.437500 10.562500 1.812500 10.500000 2.375000 2.375000 2.875000 8.312500 2.437500 12.125000 
2.818182 8.000000 2.818182 10.545455 2.727273 10.590909 2.318182 8.227273 2.409091 11.454545 
2.357143 8.857143 2.928571 2.357143 2.071429 7.357143 3.071429 7.500000 2.928571 3.571429 
2.200000 9.500000 1.700000 4.600000 2.900000 6.400000 1.500000 12.300000 2.900000 2.600000 
2.950000 9.850000 2.500000 3.150000 2.250000 1.900000 2.350000 2.950000 2.650000 7.500000 
2.312500 2.562500 2.437500 11.375000 3.062500 5.625000 2.812500 8.687500 2.187500 4.500000 
2.428571 6.071429 2.571429 9.000000 1.785714 12.214286 2.714286 9.214286 2.571429 6.071429 
3.222222 5.000000 2.555556 5.333333 2.777778 12.555556 1.444444 12.444444 2.111111 3.000000 
2.470588 9.294118 2.588235 2.000000 2.117647 10.294118 2.529412 5.117647 2.705882 11.470588 
2.000000 7.000000 1.928571 2.500000 2.428571 7.285714 2.142857 2.000000 2.571429 8.500000 
2.400000 2.100000 2.800000 10.500000 1.800000 10.000000 2.300000 9.000000 2.500000 12.200000 
2.222222 1.888889 3.444444 10.444444 2.666667 6.666667 3.555556 6.333333 2.111111 2.555556 
2.727273 2.272727 2.181818 4.454545 1.909091 3.909091 2.454545 12.363636 2.545455 12.090909 
2.071429 10.928571 2.714286 3.714286 2.500000 12.285714 2.142857 10.857143 2.571429 9.214286 
2.454545 6.545455 2.090909 6.272727 2.181818 3.272727 1.272727 2.000000 3.000000 11.363636 
2.200000 6.600000 2.640000 10.080000 2.840000 2.080000 3.000000 9.720000 1.960000 4.480000 
2.600000 12.200000 2.200000 8.400000 2.600000 11.000000 2.500000 11.600000 3.100000 4.900000 
1.875000 3.625000 2.437500 1.750000 2.000000 11.375000 2.687500 6.437500 2.375000 7.375000 
2.500000 2.375000 2.875000 9.125000 2.125000 12.250000 2.750000 12.125000 2.125000 8.875000 
1.923077 1.923077 2.307692 6.230769 1.692308 2.307692 3.076923 9.076923 2.615385 12.000000 
1.857143 9.809524 2.380952 11.190476 1.761905 7.619048 2.619048 3.380952 2.619048 12.000000 
2.285714 7.571429 2.642857 10.714286 2.285714 11.857143 2.857143 3.285714 2.285714 7.857143 
2.944444 9.166667 2.722222 4.555556 2.444444 6.055556 2.388889 10.277778 2.166667 12.277778 
-1.000000 -1.000000 -1.000000 -1.000000 -1.000000 -1.000000 -1.000000 -1.000000 -1.000000 -1.000000 
2.500000 3.125000 2.687500 3.125000 2.812500 1.937500 2.875000 2.437500 2.250000 7.875000 
2.157895 5.263158 2.210526 12.315789 2.526316 11.315789 2.789474 2.052632 2.894737 10.789474 
3.055556 3.000000 2.722222 7.444444 2.277778 2.722222 2.111111 11.666667 2.277778 3.888889 
2.692308 3.384615 3.153846 5.384615 3.000000 12.307692 3.153846 7.846154 2.538462 11.538462 
2.111111 11.888889 2.222222 12.111111 3.000000 4.444444 2.555556 12.000000 2.777778 2.222222 
3.454545 5.545455 2.818182 7.818182 2.181818 5.090909 2.727273 4.545455 2.272727 2.000000 
2.368421 3.052632 2.421053 10.789474 2.578947 2.263158 2.263158 3.894737 2.578947 4.473684 
1.888889 5.333333 2.222222 11.333333 2.333333 10.888889 2.555556 3.000000 1.666667 1.777778 
1.933333 3.933333 2.533333 10.266667 3.066667 7.866667 2.400000 11.933333 2.333333 3.666667 
3.125000 10.187500 2.625000 6.125000 2.437500 1.750000 2.375000 2.000000 2.187500 3.500000 
2.647059 3.117647 2.941176 9.352941 2.470588 10.823529 2.882353 2.588235 2.941176 9.588235 
3.428571 8.142857 2.857143 6.857143 2.142857 11.428571 2.428571 6.428571 2.285714 6.285714 

Avg Classes:
2.482072 7.045153 2.496680 6.972112 2.519256 7.025232 2.520584 6.966799 2.525896 6.812749 
2.442700 6.769231 2.466248 7.087912 2.472527 7.183673 2.525903 6.890110 2.554160 7.221350 
2.550725 8.000000 2.304348 6.318841 2.449275 6.739130 2.565217 6.898551 2.463768 6.869565 
2.413793 8.172414 2.482759 7.965517 2.724138 8.620690 2.620690 6.827586 2.758621 6.517241 
2.600000 7.200000 2.000000 8.400000 2.200000 7.800000 1.600000 6.000000 1.400000 5.000000 
2.000000 3.500000 2.000000 6.500000 2.000000 4.500000 2.000000 5.000000 2.000000 6.250000 
4.000000 8.000000 2.500000 7.000000 2.500000 8.000000 3.500000 10.000000 1.500000 7.000000 
1.000000 2.000000 3.000000 2.000000 4.000000 2.000000 2.000000 2.000000 1.000000 8.000000 
-1.000000 -1.000000 -1.000000 -1.000000 -1.000000 -1.000000 -1.000000 -1.000000 -1.000000 -1.000000 
-1.000000 -1.000000 -1.000000 -1.000000 -1.000000 -1.000000 -1.000000 -1.000000 -1.000000 -1.000000 

Cluster 0 is class 0
Cluster 1 is class 6
Cluster 2 is class 4
Cluster 3 is class 0
Cluster 4 is class 3
Cluster 5 is class 0
Cluster 6 is class 3
Cluster 7 is class 2
Cluster 8 is class 4
Cluster 9 is class 4
Cluster 10 is class 2
Cluster 11 is class 2
Cluster 12 is class 2
Cluster 13 is class 6
Cluster 14 is class 4
Cluster 15 is class 3
Cluster 16 is class 5
Cluster 17 is class 6
Cluster 18 is class 5
Cluster 19 is class 3
Cluster 20 is class 0
Cluster 21 is class 5
Cluster 22 is class 2
Cluster 23 is class 0
Cluster 24 is class 4
Cluster 25 is class 5
Cluster 26 is class 0
Cluster 27 is class 3
Cluster 28 is class 3
Cluster 29 is class 3
Cluster 30 is class 2
Cluster 31 is class 2
Cluster 32 is class 2
Cluster 33 is class 0
Cluster 34 is class 0
Cluster 35 is class 3
Cluster 36 is class 2
Cluster 37 is class 0
Cluster 38 is class 5
Cluster 39 is class 5
Cluster 40 is class 0
Cluster 41 is class 1
Cluster 42 is class 2
Cluster 43 is class 6
Cluster 44 is class 2
Cluster 45 is class 4
Cluster 46 is class 3
Cluster 47 is class 6
Cluster 48 is class 1
Cluster 49 is class 0
Cluster 50 is class 0
Cluster 51 is class 4
Cluster 52 is class 0
Cluster 53 is class 3
Cluster 54 is class 5
Cluster 55 is class 0
Cluster 56 is class 3
Cluster 57 is class 0
Cluster 58 is class 1
Cluster 59 is class 5
Cluster 60 is class 1
Cluster 61 is class 3
Cluster 62 is class 2
Cluster 63 is class 8
Cluster 64 is class 7
Cluster 65 is class 3
Cluster 66 is class 5
Cluster 67 is class 1
Cluster 68 is class 3
Cluster 69 is class 4
Cluster 70 is class 5
Cluster 71 is class 4
Cluster 72 is class 6
Cluster 73 is class 0
Cluster 74 is class 0
Cluster 75 is class 3

Overall Accuracy is 0.174667

