----------------------------For Number of clusters 43----------------------------
Number of Iterations for Kmeans: 32
Avg Clusters:
2.569444 11.208333 2.402778 4.777778 2.527778 10.194444 2.625000 4.277778 2.486111 3.916667 
2.615385 10.615385 2.673077 4.211538 2.634615 9.980769 2.326923 9.230769 2.557692 10.288462 
2.600000 4.360000 2.940000 10.300000 2.320000 9.880000 2.440000 9.640000 2.500000 10.740000 
2.140351 9.614035 2.192982 3.017544 2.385965 5.087719 2.543860 9.701754 2.368421 4.157895 
2.327869 3.622951 2.475410 9.950820 2.245902 3.754098 2.688525 3.639344 2.475410 4.721311 
2.513889 4.527778 2.500000 3.750000 2.486111 3.902778 2.402778 3.013889 2.569444 9.763889 
2.266667 9.355556 2.266667 3.355556 2.288889 10.377778 2.244444 3.044444 2.422222 9.622222 
2.296296 9.666667 2.351852 10.722222 2.407407 6.351852 2.444444 3.185185 2.518519 9.870370 
2.333333 3.512821 2.692308 3.564103 2.564103 4.692308 2.435897 6.461538 2.512821 2.871795 
2.254237 4.457627 2.610169 11.220339 2.881356 7.830508 2.576271 9.593220 2.440678 3.593220 
2.148936 3.191489 2.319149 4.042553 2.872340 8.638298 2.638298 10.255319 2.553191 8.638298 
2.372093 11.093023 2.302326 10.604651 2.395349 10.139535 2.558140 11.279070 3.069767 4.860465 
2.485714 9.971429 2.542857 10.342857 2.342857 11.257143 2.857143 5.314286 2.200000 9.971429 
2.529412 4.000000 2.794118 7.911765 2.147059 2.147059 2.323529 10.823529 2.294118 4.058824 
2.423077 2.346154 2.538462 8.115385 2.423077 7.500000 2.346154 11.653846 2.307692 7.384615 
2.354839 2.225806 2.096774 5.774194 2.709677 9.709677 2.516129 2.967742 3.032258 5.419355 
2.523810 4.428571 2.809524 2.761905 2.952381 10.333333 2.571429 11.523810 2.142857 11.761905 
2.435897 2.692308 2.487179 7.461538 2.666667 8.846154 2.692308 2.538462 2.769231 10.948718 
2.847826 10.347826 2.891304 10.326087 2.456522 4.652174 2.217391 4.217391 2.369565 2.630435 
2.451613 5.774194 2.580645 10.129032 2.741935 3.096774 2.677419 10.064516 2.612903 9.322581 
2.264706 3.823529 2.235294 11.176471 2.617647 10.264706 2.441176 3.352941 2.617647 3.000000 
2.350000 9.750000 2.175000 4.025000 2.800000 10.700000 2.525000 10.975000 2.575000 3.450000 
2.694444 7.638889 2.777778 4.111111 2.638889 3.722222 2.361111 9.222222 2.527778 10.972222 
2.714286 3.178571 2.964286 5.500000 2.607143 11.535714 2.178571 8.714286 2.678571 2.892857 
3.033333 10.566667 2.133333 7.033333 2.733333 1.933333 2.200000 3.500000 2.433333 5.166667 
2.312500 10.125000 2.500000 11.312500 2.812500 4.343750 2.531250 11.281250 2.656250 4.593750 
2.285714 1.785714 2.250000 4.714286 1.785714 3.250000 2.678571 9.607143 2.428571 12.285714 
2.625000 11.375000 2.916667 3.708333 1.833333 5.166667 2.791667 11.791667 2.583333 9.000000 
2.826087 5.478261 2.043478 2.565217 2.652174 10.608696 2.652174 3.043478 2.782609 2.217391 
2.750000 11.541667 2.208333 6.458333 2.625000 2.250000 2.375000 10.083333 2.416667 3.083333 
2.103448 10.241379 2.344828 1.931034 2.379310 3.172414 2.620690 3.103448 2.103448 5.206897 
2.103448 5.586207 2.413793 12.172414 2.379310 11.034483 2.931034 2.172414 2.655172 10.103448 
2.441176 11.470588 2.411765 4.147059 2.500000 2.176471 2.647059 4.558824 2.941176 10.264706 
2.200000 8.800000 2.333333 7.533333 2.266667 11.933333 2.400000 8.133333 2.600000 5.866667 
3.125000 11.291667 2.708333 11.541667 2.291667 10.958333 2.875000 5.333333 2.208333 3.375000 
2.750000 4.150000 2.800000 7.550000 2.400000 12.300000 2.400000 5.800000 2.900000 9.600000 
2.235294 3.647059 2.058824 1.823529 2.176471 12.000000 2.823529 5.294118 2.117647 8.058824 
2.333333 3.166667 2.333333 3.055556 2.666667 3.277778 2.611111 11.611111 2.611111 5.833333 
2.913043 11.434783 2.521739 8.913043 2.652174 4.826087 2.478261 10.347826 2.347826 10.478261 
3.285714 5.285714 2.142857 5.571429 3.000000 12.714286 1.285714 12.571429 2.142857 2.857143 
2.125000 10.312500 2.125000 10.937500 2.187500 2.562500 2.812500 7.312500 2.625000 12.125000 
2.636364 4.045455 2.681818 11.318182 2.318182 12.136364 2.863636 9.500000 2.818182 5.818182 
2.757576 3.181818 2.151515 10.818182 2.484848 2.666667 2.575758 4.393939 2.636364 11.060606 

Avg Classes:
2.482072 7.045153 2.496680 6.972112 2.519256 7.025232 2.520584 6.966799 2.525896 6.812749 
2.442700 6.769231 2.466248 7.087912 2.472527 7.183673 2.525903 6.890110 2.554160 7.221350 
2.550725 8.000000 2.304348 6.318841 2.449275 6.739130 2.565217 6.898551 2.463768 6.869565 
2.413793 8.172414 2.482759 7.965517 2.724138 8.620690 2.620690 6.827586 2.758621 6.517241 
2.600000 7.200000 2.000000 8.400000 2.200000 7.800000 1.600000 6.000000 1.400000 5.000000 
2.000000 3.500000 2.000000 6.500000 2.000000 4.500000 2.000000 5.000000 2.000000 6.250000 
4.000000 8.000000 2.500000 7.000000 2.500000 8.000000 3.500000 10.000000 1.500000 7.000000 
1.000000 2.000000 3.000000 2.000000 4.000000 2.000000 2.000000 2.000000 1.000000 8.000000 
-1.000000 -1.000000 -1.000000 -1.000000 -1.000000 -1.000000 -1.000000 -1.000000 -1.000000 -1.000000 
-1.000000 -1.000000 -1.000000 -1.000000 -1.000000 -1.000000 -1.000000 -1.000000 -1.000000 -1.000000 

Cluster 0 is class 3
Cluster 1 is class 6
Cluster 2 is class 1
Cluster 3 is class 2
Cluster 4 is class 5
Cluster 5 is class 7
Cluster 6 is class 2
Cluster 7 is class 0
Cluster 8 is class 5
Cluster 9 is class 4
Cluster 10 is class 0
Cluster 11 is class 3
Cluster 12 is class 3
Cluster 13 is class 5
Cluster 14 is class 0
Cluster 15 is class 1
Cluster 16 is class 1
Cluster 17 is class 0
Cluster 18 is class 4
Cluster 19 is class 0
Cluster 20 is class 4
Cluster 21 is class 6
Cluster 22 is class 0
Cluster 23 is class 0
Cluster 24 is class 2
Cluster 25 is class 0
Cluster 26 is class 1
Cluster 27 is class 6
Cluster 28 is class 0
Cluster 29 is class 2
Cluster 30 is class 2
Cluster 31 is class 0
Cluster 32 is class 2
Cluster 33 is class 3
Cluster 34 is class 3
Cluster 35 is class 0
Cluster 36 is class 0
Cluster 37 is class 5
Cluster 38 is class 2
Cluster 39 is class 6
Cluster 40 is class 0
Cluster 41 is class 3
Cluster 42 is class 5

Overall Accuracy is 0.188667

