----------------------------For Number of clusters 66----------------------------
Number of Iterations for Kmeans: 28
Avg Clusters:
2.571429 7.942857 2.657143 10.971429 2.800000 3.371429 2.485714 9.914286 2.400000 9.085714 
2.292683 4.024390 2.243902 11.000000 2.170732 3.219512 2.682927 2.780488 2.658537 8.756098 
2.242424 7.606061 3.242424 6.606061 2.333333 8.363636 2.757576 11.151515 2.848485 7.333333 
2.666667 2.583333 2.458333 9.750000 2.666667 2.625000 2.833333 6.708333 2.583333 10.750000 
2.571429 10.892857 2.357143 8.500000 2.714286 3.214286 2.464286 8.357143 2.071429 11.821429 
2.384615 3.512821 2.410256 3.692308 2.794872 3.358974 2.717949 2.923077 2.051282 7.076923 
1.941176 4.088235 2.176471 5.558824 2.647059 8.529412 2.705882 2.470588 2.941176 11.323529 
2.806452 10.806452 2.322581 3.935484 2.451613 2.193548 2.419355 2.387097 2.387097 5.387097 
2.421053 5.894737 2.473684 3.447368 2.368421 4.052632 2.578947 8.552632 2.184211 2.526316 
2.454545 11.424242 2.606061 3.757576 1.909091 4.575758 2.606061 11.303030 2.242424 8.515152 
2.853659 11.658537 2.658537 9.414634 2.365854 5.975610 2.048780 4.268293 2.560976 3.000000 
2.190476 2.785714 2.404762 5.500000 2.666667 8.714286 2.357143 10.642857 2.166667 10.785714 
2.333333 4.256410 2.512821 11.410256 2.512821 9.897436 2.923077 10.282051 2.717949 5.487179 
2.454545 3.393939 2.030303 2.939394 2.515152 11.424242 2.696970 4.363636 2.636364 7.484848 
2.176471 2.117647 2.000000 5.294118 1.823529 2.764706 2.705882 11.176471 2.764706 12.058824 
2.733333 5.400000 2.633333 11.300000 2.433333 4.133333 2.266667 4.266667 2.166667 2.866667 
2.407407 7.703704 2.481481 3.555556 1.777778 2.555556 2.111111 3.148148 2.888889 10.777778 
2.285714 10.314286 2.085714 3.057143 2.342857 9.485714 2.228571 3.742857 2.485714 9.800000 
2.481481 11.814815 2.518519 3.925926 2.592593 2.222222 2.925926 5.296296 3.074074 10.111111 
2.400000 9.525000 2.350000 10.225000 2.300000 11.325000 2.800000 3.125000 2.225000 9.725000 
2.555556 10.527778 2.000000 4.138889 2.638889 10.416667 2.444444 10.833333 2.555556 3.000000 
2.781250 3.625000 2.250000 3.312500 2.562500 10.156250 2.500000 4.312500 2.812500 2.187500 
2.833333 4.100000 2.633333 6.600000 2.766667 11.600000 1.766667 10.000000 2.466667 2.866667 
2.227273 2.545455 2.590909 9.727273 2.681818 5.272727 2.545455 10.272727 2.000000 2.590909 
2.394737 3.473684 2.684211 10.868421 2.473684 11.263158 2.842105 2.500000 2.868421 8.631579 
2.428571 3.964286 2.857143 2.107143 2.857143 10.035714 2.928571 10.428571 2.785714 9.142857 
2.947368 8.894737 2.842105 4.315789 2.631579 6.315789 2.789474 8.894737 2.631579 12.105263 
2.809524 6.571429 2.714286 7.571429 2.238095 12.333333 2.476190 7.047619 2.714286 7.952381 
2.629630 8.925926 2.518519 9.037037 2.592593 2.111111 2.518519 10.407407 2.481481 3.333333 
2.545455 11.636364 2.181818 10.636364 2.090909 9.681818 3.181818 11.590909 2.590909 7.136364 
2.000000 8.666667 2.666667 11.476190 2.571429 11.238095 2.047619 10.619048 2.809524 2.190476 
2.500000 6.571429 2.142857 2.285714 2.428571 2.500000 1.928571 10.285714 2.857143 8.500000 
2.361111 10.527778 2.666667 3.944444 2.750000 11.222222 3.138889 3.305556 2.388889 3.194444 
2.565217 10.521739 2.826087 2.739130 2.434783 8.260870 2.956522 7.478261 2.521739 4.782609 
3.090909 11.181818 2.818182 11.500000 2.409091 11.227273 3.045455 5.409091 2.136364 3.363636 
2.083333 10.583333 2.416667 11.000000 2.638889 5.777778 2.527778 3.361111 2.750000 9.583333 
2.571429 9.357143 2.285714 12.071429 2.500000 7.571429 2.642857 9.428571 3.071429 5.285714 
2.166667 12.000000 2.416667 9.333333 2.666667 9.333333 2.250000 8.750000 2.583333 10.666667 
2.736842 7.263158 2.789474 12.105263 2.105263 8.052632 2.578947 6.631579 2.368421 11.789474 
3.300000 2.100000 2.600000 9.500000 3.300000 6.100000 2.300000 2.400000 2.700000 11.000000 
1.904762 4.523810 2.333333 11.095238 2.428571 10.380952 2.523810 3.380952 2.190476 2.095238 
3.500000 11.000000 1.500000 1.500000 1.500000 11.500000 1.000000 3.750000 2.750000 1.250000 
2.904762 8.857143 2.761905 8.380952 2.476190 2.000000 2.238095 3.285714 2.523810 3.380952 
2.190476 11.523810 1.809524 3.380952 2.333333 3.095238 2.285714 10.523810 2.142857 3.285714 
2.368421 2.421053 2.631579 10.736842 2.368421 10.421053 2.263158 7.315789 2.631579 10.631579 
2.000000 6.833333 2.250000 1.750000 2.916667 9.083333 2.500000 11.500000 2.750000 5.250000 
3.090909 10.090909 3.090909 4.090909 3.181818 10.909091 1.909091 4.909091 2.000000 12.818182 
3.200000 2.066667 2.200000 11.733333 3.200000 9.000000 2.133333 6.000000 2.800000 3.800000 
2.411765 2.529412 2.529412 3.352941 2.294118 5.352941 2.882353 7.117647 2.411765 11.000000 
2.625000 12.437500 2.187500 10.500000 3.125000 4.500000 2.750000 10.687500 3.250000 3.250000 
2.230769 7.923077 1.538462 7.384615 3.076923 7.846154 2.846154 5.538462 2.230769 3.538462 
2.571429 6.571429 2.428571 2.642857 2.571429 7.500000 1.714286 1.785714 2.285714 7.500000 
2.066667 1.533333 2.800000 5.666667 2.000000 2.133333 2.133333 6.266667 2.733333 3.200000 
2.277778 10.166667 2.388889 3.111111 2.444444 11.444444 2.388889 11.333333 2.444444 10.500000 
3.142857 2.285714 2.285714 11.857143 2.000000 8.142857 2.285714 11.000000 2.571429 10.857143 
1.750000 7.250000 4.000000 11.750000 2.000000 6.000000 1.250000 12.250000 2.000000 2.250000 
2.083333 12.166667 2.083333 2.666667 2.416667 5.166667 2.583333 4.916667 2.500000 5.750000 
2.809524 3.095238 2.666667 8.238095 2.380952 3.285714 2.380952 11.904762 2.476190 6.428571 
2.166667 2.833333 1.777778 8.000000 2.944444 8.222222 2.666667 2.833333 3.388889 5.000000 
2.428571 12.428571 2.285714 7.714286 3.000000 12.285714 1.571429 11.571429 3.714286 5.428571 
2.666667 7.800000 3.133333 10.733333 2.333333 11.666667 2.266667 10.333333 2.333333 10.266667 
2.166667 2.416667 2.916667 5.333333 1.833333 2.833333 2.333333 4.750000 2.416667 12.166667 
2.384615 1.769231 2.692308 6.692308 2.692308 9.076923 2.230769 11.923077 1.923077 6.230769 
2.428571 11.571429 2.000000 3.857143 2.000000 12.285714 1.714286 4.714286 2.285714 7.000000 
1.857143 5.142857 2.857143 7.285714 3.142857 1.714286 3.428571 8.428571 2.428571 5.714286 
2.272727 2.181818 2.909091 2.727273 2.727273 3.454545 2.454545 11.727273 2.818182 6.181818 

Avg Classes:
2.482072 7.045153 2.496680 6.972112 2.519256 7.025232 2.520584 6.966799 2.525896 6.812749 
2.442700 6.769231 2.466248 7.087912 2.472527 7.183673 2.525903 6.890110 2.554160 7.221350 
2.550725 8.000000 2.304348 6.318841 2.449275 6.739130 2.565217 6.898551 2.463768 6.869565 
2.413793 8.172414 2.482759 7.965517 2.724138 8.620690 2.620690 6.827586 2.758621 6.517241 
2.600000 7.200000 2.000000 8.400000 2.200000 7.800000 1.600000 6.000000 1.400000 5.000000 
2.000000 3.500000 2.000000 6.500000 2.000000 4.500000 2.000000 5.000000 2.000000 6.250000 
4.000000 8.000000 2.500000 7.000000 2.500000 8.000000 3.500000 10.000000 1.500000 7.000000 
1.000000 2.000000 3.000000 2.000000 4.000000 2.000000 2.000000 2.000000 1.000000 8.000000 
-1.000000 -1.000000 -1.000000 -1.000000 -1.000000 -1.000000 -1.000000 -1.000000 -1.000000 -1.000000 
-1.000000 -1.000000 -1.000000 -1.000000 -1.000000 -1.000000 -1.000000 -1.000000 -1.000000 -1.000000 

Cluster 0 is class 0
Cluster 1 is class 5
Cluster 2 is class 6
Cluster 3 is class 5
Cluster 4 is class 0
Cluster 5 is class 5
Cluster 6 is class 1
Cluster 7 is class 2
Cluster 8 is class 0
Cluster 9 is class 2
Cluster 10 is class 4
Cluster 11 is class 1
Cluster 12 is class 0
Cluster 13 is class 0
Cluster 14 is class 5
Cluster 15 is class 4
Cluster 16 is class 0
Cluster 17 is class 2
Cluster 18 is class 2
Cluster 19 is class 3
Cluster 20 is class 6
Cluster 21 is class 0
Cluster 22 is class 0
Cluster 23 is class 0
Cluster 24 is class 1
Cluster 25 is class 0
Cluster 26 is class 0
Cluster 27 is class 3
Cluster 28 is class 0
Cluster 29 is class 6
Cluster 30 is class 3
Cluster 31 is class 0
Cluster 32 is class 2
Cluster 33 is class 2
Cluster 34 is class 3
Cluster 35 is class 3
Cluster 36 is class 3
Cluster 37 is class 3
Cluster 38 is class 1
Cluster 39 is class 5
Cluster 40 is class 4
Cluster 41 is class 4
Cluster 42 is class 4
Cluster 43 is class 2
Cluster 44 is class 0
Cluster 45 is class 6
Cluster 46 is class 0
Cluster 47 is class 4
Cluster 48 is class 5
Cluster 49 is class 0
Cluster 50 is class 4
Cluster 51 is class 0
Cluster 52 is class 5
Cluster 53 is class 6
Cluster 54 is class 1
Cluster 55 is class 0
Cluster 56 is class 2
Cluster 57 is class 0
Cluster 58 is class 4
Cluster 59 is class 3
Cluster 60 is class 3
Cluster 61 is class 5
Cluster 62 is class 6
Cluster 63 is class 3
Cluster 64 is class 5
Cluster 65 is class 0

Overall Accuracy is 0.226000

