----------------------------For Number of clusters 10----------------------------
Number of Iterations for Kmeans: 236
Avg Clusters:
2.505840 9.800599 2.504303 9.770401 2.506992 5.378362 2.487782 3.600661 2.491548 4.991394 
2.496914 4.385417 2.505093 4.421528 2.493056 8.411188 2.494367 10.308719 2.504552 9.651466 
2.508920 10.103313 2.476516 8.684326 2.512288 4.857091 2.483251 9.398143 2.497178 10.568087 
2.509675 4.560952 2.512094 5.605070 2.516254 3.998065 2.492357 3.537732 2.491002 9.854489 
2.490020 10.328557 2.503557 3.996542 2.506621 10.216304 2.512352 4.487945 2.495356 8.384783 
2.508854 4.224035 2.516415 10.787107 2.505571 10.495623 2.494628 5.217469 2.508456 7.943792 
2.493430 9.066689 2.492768 8.384675 2.513746 10.026720 2.502484 10.459976 2.506238 3.470134 
2.481774 8.654713 2.499233 3.459243 2.496638 3.540639 2.510086 9.120562 2.509496 3.920019 
2.501857 3.689503 2.479983 4.204430 2.506672 9.266612 2.509011 4.739029 2.504333 3.265786 
2.500712 3.483892 2.501229 10.318023 2.504076 3.766335 2.520637 9.613533 2.517402 4.968431 

Avg Classes:
2.498204 6.973453 2.508583 7.031118 2.505409 6.988423 2.496707 6.974830 2.504311 7.004371 
2.501837 7.002323 2.486808 7.011047 2.508641 7.010833 2.500889 7.001730 2.498921 6.981249 
2.515494 6.960599 2.506464 7.006156 2.492715 6.956905 2.489021 6.992202 2.502770 6.969013 
2.459485 6.999047 2.513346 7.008580 2.476644 7.014299 2.534795 6.994280 2.488084 7.075310 
2.591029 7.232190 2.572559 7.453826 2.562005 7.292876 2.527704 7.395778 2.474934 7.298153 
2.594872 6.979487 2.594872 7.117949 2.594872 7.287179 2.594872 6.887179 2.594872 6.769231 
2.500000 7.326667 2.533333 6.880000 2.460000 6.940000 2.406667 7.160000 2.493333 6.866667 
2.111111 8.166667 2.222222 7.277778 3.222222 7.611111 2.444444 8.277778 2.277778 7.888889 
4.000000 5.000000 4.000000 4.000000 4.000000 8.000000 4.000000 6.000000 4.000000 7.000000 
4.000000 12.000000 4.000000 1.000000 4.000000 13.000000 4.000000 11.000000 4.000000 10.000000 

Cluster 0 is class 0
Cluster 1 is class 0
Cluster 2 is class 7
Cluster 3 is class 0
Cluster 4 is class 0
Cluster 5 is class 4
Cluster 6 is class 4
Cluster 7 is class 0
Cluster 8 is class 8
Cluster 9 is class 0

Overall Accuracy is 0.324030

