----------------------------For Number of clusters 46----------------------------
Number of Iterations for Kmeans: 22
Avg Clusters:
2.596154 3.000000 2.711538 10.365385 2.500000 10.788462 2.615385 9.211538 2.653846 9.634615 
2.520000 3.220000 2.740000 10.540000 2.780000 7.240000 2.640000 9.340000 2.380000 3.960000 
2.388060 3.626866 2.582090 4.402985 2.462687 4.388060 2.462687 3.000000 2.626866 9.970149 
2.441176 3.147059 2.764706 5.088235 2.382353 3.147059 2.235294 6.441176 2.294118 2.735294 
2.555556 9.533333 2.533333 11.155556 2.288889 9.533333 2.444444 8.577778 2.288889 10.533333 
2.450980 3.725490 2.235294 3.607843 2.392157 11.411765 2.764706 4.862745 2.588235 8.450980 
2.661017 10.118644 2.627119 9.576271 2.576271 3.101695 2.406780 8.338983 2.423729 10.864407 
3.147059 10.147059 2.176471 7.058824 2.617647 2.235294 2.235294 3.470588 2.470588 4.764706 
2.533333 10.866667 2.416667 4.700000 2.550000 10.800000 2.700000 4.466667 2.483333 3.583333 
2.545455 4.340909 2.863636 5.022727 2.750000 11.636364 2.113636 9.909091 2.613636 3.272727 
2.516667 10.516667 2.283333 5.133333 2.716667 9.683333 2.433333 11.166667 2.716667 4.133333 
2.568627 3.725490 2.176471 10.921569 2.411765 3.901961 2.666667 3.019608 2.568627 10.372549 
2.800000 4.233333 1.966667 3.166667 2.300000 9.700000 2.366667 2.533333 2.866667 2.800000 
2.394737 3.157895 2.289474 9.078947 2.789474 10.026316 2.631579 3.000000 2.868421 8.421053 
2.408163 10.734694 2.489796 3.489796 2.326531 2.428571 2.653061 4.408163 2.775510 9.979592 
2.342105 9.631579 2.631579 11.078947 2.500000 5.815789 2.289474 5.684211 2.421053 3.500000 
2.459459 11.648649 2.486486 5.864865 2.405405 10.324324 2.432432 9.270270 2.702703 8.783784 
2.739130 8.043478 2.826087 2.000000 2.478261 10.217391 2.652174 11.434783 2.608696 11.260870 
2.384615 9.769231 2.615385 3.102564 2.153846 4.461538 2.717949 11.025641 2.410256 9.666667 
2.600000 4.950000 2.750000 8.750000 1.950000 3.200000 1.950000 11.900000 2.100000 2.950000 
2.586207 6.931034 2.448276 10.241379 2.379310 12.206897 2.586207 7.344828 3.000000 5.862069 
2.147059 2.941176 2.529412 6.470588 2.382353 3.205882 2.588235 7.735294 2.441176 11.500000 
2.592593 11.333333 2.259259 7.259259 2.777778 2.740741 2.407407 10.037037 2.555556 3.000000 
2.294118 3.176471 2.470588 3.882353 2.764706 8.294118 2.470588 11.000000 2.382353 7.323529 
2.347826 1.869565 2.043478 4.043478 2.043478 4.217391 2.913043 11.173913 2.913043 11.391304 
2.464286 3.892857 2.642857 11.000000 2.607143 3.321429 2.357143 3.571429 2.642857 3.750000 
2.500000 10.361111 2.472222 3.916667 2.500000 10.972222 2.166667 3.722222 2.222222 10.972222 
2.275862 3.793103 2.137931 11.827586 2.655172 10.379310 2.344828 3.965517 2.413793 2.724138 
2.256410 10.923077 2.410256 10.282051 2.410256 8.307692 2.820513 2.692308 2.589744 9.923077 
2.444444 2.444444 2.555556 4.500000 3.222222 10.111111 2.444444 10.444444 1.888889 11.833333 
2.214286 4.214286 2.857143 8.428571 2.357143 9.214286 2.928571 2.357143 2.928571 3.642857 
2.000000 11.807692 2.153846 2.076923 2.692308 5.615385 2.538462 3.576923 2.192308 5.038462 
2.826087 5.347826 2.782609 8.260870 2.304348 6.521739 2.826087 11.260870 2.695652 10.000000 
2.333333 10.833333 2.208333 2.458333 2.166667 3.541667 2.375000 10.166667 2.125000 3.875000 
2.000000 5.400000 2.466667 9.666667 2.933333 2.266667 2.866667 8.600000 2.533333 6.466667 
2.888889 11.666667 2.833333 9.722222 2.611111 4.555556 1.888889 2.166667 2.222222 2.500000 
2.625000 2.375000 3.062500 7.812500 2.500000 2.750000 2.250000 11.625000 3.062500 7.062500 
1.944444 4.388889 2.222222 2.500000 2.611111 2.555556 2.500000 10.555556 2.555556 6.000000 
2.321429 10.964286 2.071429 11.357143 2.500000 7.250000 2.642857 11.892857 3.071429 5.285714 
2.208333 5.833333 2.375000 12.333333 2.333333 11.333333 2.875000 2.166667 2.541667 10.375000 
2.000000 7.360000 1.880000 2.920000 2.640000 7.280000 2.600000 3.240000 2.560000 9.040000 
2.619048 7.238095 2.809524 2.190476 2.380952 6.857143 2.761905 8.428571 2.666667 2.619048 
3.095238 11.523810 2.714286 11.380952 2.095238 11.142857 3.047619 5.476190 2.285714 2.857143 
2.375000 6.000000 2.500000 2.812500 2.312500 2.375000 2.687500 2.250000 1.750000 4.562500 
2.090909 8.181818 2.727273 11.636364 3.090909 1.454545 2.727273 10.636364 1.818182 4.454545 
2.136364 7.227273 2.409091 12.000000 2.409091 10.863636 2.318182 11.045455 2.500000 2.500000 

Avg Classes:
2.482072 7.045153 2.496680 6.972112 2.519256 7.025232 2.520584 6.966799 2.525896 6.812749 
2.442700 6.769231 2.466248 7.087912 2.472527 7.183673 2.525903 6.890110 2.554160 7.221350 
2.550725 8.000000 2.304348 6.318841 2.449275 6.739130 2.565217 6.898551 2.463768 6.869565 
2.413793 8.172414 2.482759 7.965517 2.724138 8.620690 2.620690 6.827586 2.758621 6.517241 
2.600000 7.200000 2.000000 8.400000 2.200000 7.800000 1.600000 6.000000 1.400000 5.000000 
2.000000 3.500000 2.000000 6.500000 2.000000 4.500000 2.000000 5.000000 2.000000 6.250000 
4.000000 8.000000 2.500000 7.000000 2.500000 8.000000 3.500000 10.000000 1.500000 7.000000 
1.000000 2.000000 3.000000 2.000000 4.000000 2.000000 2.000000 2.000000 1.000000 8.000000 
-1.000000 -1.000000 -1.000000 -1.000000 -1.000000 -1.000000 -1.000000 -1.000000 -1.000000 -1.000000 
-1.000000 -1.000000 -1.000000 -1.000000 -1.000000 -1.000000 -1.000000 -1.000000 -1.000000 -1.000000 

Cluster 0 is class 0
Cluster 1 is class 4
Cluster 2 is class 5
Cluster 3 is class 5
Cluster 4 is class 3
Cluster 5 is class 0
Cluster 6 is class 2
Cluster 7 is class 2
Cluster 8 is class 2
Cluster 9 is class 0
Cluster 10 is class 6
Cluster 11 is class 5
Cluster 12 is class 4
Cluster 13 is class 0
Cluster 14 is class 0
Cluster 15 is class 4
Cluster 16 is class 2
Cluster 17 is class 6
Cluster 18 is class 2
Cluster 19 is class 0
Cluster 20 is class 3
Cluster 21 is class 5
Cluster 22 is class 0
Cluster 23 is class 0
Cluster 24 is class 1
Cluster 25 is class 5
Cluster 26 is class 0
Cluster 27 is class 4
Cluster 28 is class 3
Cluster 29 is class 0
Cluster 30 is class 4
Cluster 31 is class 2
Cluster 32 is class 6
Cluster 33 is class 2
Cluster 34 is class 0
Cluster 35 is class 4
Cluster 36 is class 0
Cluster 37 is class 0
Cluster 38 is class 3
Cluster 39 is class 1
Cluster 40 is class 1
Cluster 41 is class 0
Cluster 42 is class 3
Cluster 43 is class 5
Cluster 44 is class 0
Cluster 45 is class 3

Overall Accuracy is 0.204667

