----------------------------For Number of clusters 79----------------------------
Number of Iterations for Kmeans: 16
Avg Clusters:
2.585366 2.975610 2.707317 10.097561 2.463415 10.585366 2.463415 9.146341 2.536585 10.682927 
2.548387 3.548387 2.677419 11.064516 2.548387 6.741935 2.967742 9.483871 2.580645 6.419355 
2.787879 3.303030 2.515152 3.878788 2.666667 3.090909 2.939394 2.666667 2.242424 8.878788 
2.240000 2.640000 2.960000 5.800000 2.280000 3.120000 1.920000 6.720000 2.560000 2.640000 
2.760000 9.000000 2.560000 10.920000 2.040000 9.440000 2.440000 7.120000 2.320000 12.280000 
2.300000 3.625000 2.425000 3.225000 2.300000 11.125000 2.800000 5.250000 2.575000 7.825000 
2.736842 10.736842 2.368421 9.157895 2.394737 3.078947 2.394737 9.552632 2.236842 10.763158 
2.916667 10.333333 2.277778 7.861111 2.777778 2.666667 2.166667 3.611111 2.527778 5.750000 
2.687500 11.062500 2.750000 4.656250 2.406250 11.500000 2.750000 3.500000 2.562500 2.875000 
3.136364 3.772727 2.409091 8.863636 2.681818 11.272727 1.727273 7.454545 3.000000 3.000000 
2.514286 11.000000 2.257143 5.400000 2.542857 10.342857 2.457143 11.057143 2.800000 3.400000 
2.577778 4.000000 2.111111 10.733333 2.466667 3.488889 2.466667 2.733333 2.555556 10.622222 
1.705882 3.470588 1.529412 4.294118 2.823529 6.352941 2.882353 5.941176 2.647059 5.941176 
2.566667 2.766667 2.766667 9.733333 2.666667 9.266667 2.666667 2.866667 2.833333 8.333333 
2.147059 9.735294 2.911765 4.000000 2.058824 2.941176 2.235294 2.911765 2.764706 10.617647 
2.625000 11.458333 2.916667 10.291667 2.750000 4.916667 2.500000 7.583333 2.375000 2.791667 
2.807692 11.076923 2.000000 11.346154 2.346154 9.653846 3.115385 8.307692 2.538462 7.692308 
2.388889 8.222222 2.666667 2.888889 2.333333 11.388889 2.777778 12.055556 2.722222 10.000000 
2.791667 9.875000 3.083333 4.666667 2.708333 3.541667 2.541667 7.916667 2.875000 11.750000 
2.291667 4.958333 2.750000 9.041667 2.416667 4.416667 2.041667 11.791667 2.000000 2.750000 
2.260870 7.173913 2.782609 8.521739 2.130435 12.043478 2.565217 7.956522 2.782609 6.304348 
2.074074 2.259259 2.629630 6.444444 2.296296 2.370370 2.481481 7.481481 2.740741 11.037037 
2.888889 10.444444 2.333333 7.722222 2.500000 9.000000 2.000000 5.833333 2.444444 2.777778 
2.250000 2.208333 2.333333 6.541667 2.666667 9.375000 2.333333 12.250000 2.333333 7.000000 
2.500000 3.115385 2.769231 3.384615 2.192308 5.653846 2.269231 10.269231 2.692308 11.230769 
2.520000 3.520000 2.480000 11.440000 2.720000 3.400000 2.240000 3.960000 2.480000 4.200000 
2.500000 9.781250 2.656250 3.156250 2.281250 10.312500 2.031250 4.843750 2.343750 11.375000 
1.357143 5.000000 2.428571 11.642857 2.285714 9.928571 2.857143 3.714286 2.214286 1.500000 
2.071429 7.285714 2.000000 12.428571 2.357143 9.142857 2.500000 5.285714 2.285714 6.714286 
2.428571 3.000000 2.285714 3.857143 3.190476 10.095238 2.380952 10.190476 2.047619 11.571429 
2.294118 2.411765 2.235294 10.470588 2.705882 10.588235 2.235294 2.705882 2.941176 4.117647 
2.772727 10.454545 1.818182 4.090909 2.727273 8.909091 2.727273 2.136364 2.681818 8.045455 
2.666667 6.722222 3.111111 7.388889 2.166667 6.555556 3.333333 10.777778 3.000000 9.888889 
2.555556 9.638889 2.611111 2.500000 2.472222 7.250000 2.472222 8.777778 2.500000 4.388889 
1.700000 4.600000 2.500000 7.900000 2.700000 1.700000 3.500000 8.500000 2.600000 6.200000 
3.181818 10.363636 2.636364 8.454545 3.000000 2.090909 2.636364 2.090909 2.090909 1.727273 
2.800000 2.800000 2.800000 7.666667 2.533333 2.933333 2.333333 12.200000 3.000000 6.800000 
2.076923 3.230769 2.307692 2.384615 2.538462 3.000000 2.692308 11.384615 2.307692 5.153846 
1.956522 11.173913 2.217391 11.173913 2.565217 6.739130 2.652174 12.086957 2.913043 5.739130 
2.318182 5.818182 2.227273 12.272727 2.545455 11.363636 2.909091 2.227273 2.590909 10.727273 
2.250000 6.666667 1.916667 1.833333 2.583333 6.666667 1.916667 2.083333 2.333333 8.500000 
3.000000 5.083333 3.083333 2.666667 2.250000 4.083333 3.166667 8.166667 2.000000 1.666667 
2.642857 11.571429 2.357143 12.214286 1.857143 10.642857 3.000000 4.000000 1.785714 3.500000 
2.666667 6.066667 2.800000 3.800000 2.200000 3.066667 2.333333 2.066667 1.733333 4.133333 
2.200000 8.100000 2.700000 11.500000 3.200000 1.600000 2.700000 10.300000 1.900000 3.700000 
2.368421 6.578947 2.578947 11.894737 2.578947 10.000000 2.421053 11.157895 2.210526 2.684211 
2.125000 12.250000 1.875000 1.750000 2.187500 3.437500 2.812500 4.250000 2.312500 5.062500 
2.607143 10.500000 2.071429 6.428571 2.357143 2.928571 2.285714 10.357143 2.607143 3.178571 
3.200000 5.866667 2.133333 1.733333 2.600000 10.333333 2.200000 5.466667 2.933333 1.666667 
2.416667 10.833333 2.500000 8.416667 2.500000 12.583333 2.750000 2.750000 1.750000 9.000000 
2.153846 8.307692 2.000000 2.769231 2.153846 2.846154 2.076923 11.692308 2.153846 8.230769 
2.769231 3.076923 2.461538 11.615385 2.846154 12.230769 2.846154 8.615385 3.000000 6.230769 
2.375000 12.250000 2.250000 4.687500 2.687500 10.250000 2.250000 8.312500 2.562500 8.500000 
2.178571 10.821429 2.464286 10.857143 2.428571 6.107143 2.500000 2.964286 2.785714 10.964286 
2.200000 7.500000 1.600000 2.100000 3.600000 11.300000 2.400000 11.800000 2.500000 4.500000 
1.636364 7.363636 1.727273 2.454545 3.090909 2.272727 2.181818 6.818182 1.818182 6.636364 
2.545455 5.090909 3.000000 5.818182 2.636364 11.636364 1.727273 12.090909 1.818182 2.909091 
2.583333 12.000000 1.500000 3.250000 2.750000 1.333333 2.500000 6.416667 3.250000 8.583333 
2.500000 2.083333 3.000000 10.583333 3.000000 6.166667 2.750000 7.666667 2.000000 2.416667 
2.111111 9.444444 2.555556 3.222222 2.555556 6.666667 3.000000 11.333333 1.333333 11.888889 
2.300000 11.500000 3.200000 7.500000 2.600000 12.200000 2.300000 11.700000 2.900000 9.300000 
2.250000 7.333333 2.500000 11.333333 3.250000 2.500000 3.000000 9.250000 2.333333 8.083333 
2.400000 12.000000 2.400000 7.400000 2.000000 6.900000 1.800000 2.100000 3.000000 2.800000 
3.000000 2.333333 1.666667 4.666667 1.333333 2.000000 3.333333 12.166667 2.500000 12.666667 
1.750000 11.250000 2.125000 2.250000 2.000000 2.500000 2.125000 11.250000 1.625000 2.500000 
3.625000 11.500000 3.250000 11.375000 3.000000 11.875000 3.125000 7.250000 2.625000 2.625000 
2.583333 8.833333 3.083333 12.000000 2.083333 4.416667 2.500000 3.083333 2.750000 3.416667 
1.750000 7.500000 4.000000 12.000000 3.000000 7.500000 1.000000 10.750000 1.750000 9.750000 
2.615385 3.461538 1.923077 3.692308 2.307692 10.153846 2.384615 1.615385 3.153846 2.384615 
1.642857 10.071429 2.285714 1.714286 3.000000 10.571429 3.142857 3.571429 1.642857 4.928571 
1.736842 3.157895 2.421053 4.263158 2.315789 6.684211 2.473684 2.894737 2.894737 11.789474 
2.882353 3.058824 1.823529 6.000000 2.823529 11.529412 2.823529 3.176471 2.941176 11.058824 
2.600000 5.000000 2.400000 8.300000 2.300000 7.000000 3.300000 3.200000 2.800000 2.800000 
2.625000 1.875000 3.375000 3.250000 3.000000 11.750000 3.125000 8.125000 3.125000 2.375000 
1.750000 6.750000 2.750000 8.625000 2.000000 7.750000 2.875000 2.500000 2.875000 9.500000 
2.272727 3.636364 2.818182 1.818182 3.181818 8.272727 3.000000 10.818182 2.454545 6.909091 
1.600000 10.200000 2.200000 11.000000 2.200000 11.400000 2.500000 11.500000 3.300000 2.500000 
3.200000 11.600000 2.733333 2.933333 1.933333 6.200000 2.466667 12.066667 3.266667 8.200000 
2.833333 2.333333 2.166667 11.000000 2.500000 3.833333 2.500000 10.666667 3.000000 12.000000 

Avg Classes:
2.482072 7.045153 2.496680 6.972112 2.519256 7.025232 2.520584 6.966799 2.525896 6.812749 
2.442700 6.769231 2.466248 7.087912 2.472527 7.183673 2.525903 6.890110 2.554160 7.221350 
2.550725 8.000000 2.304348 6.318841 2.449275 6.739130 2.565217 6.898551 2.463768 6.869565 
2.413793 8.172414 2.482759 7.965517 2.724138 8.620690 2.620690 6.827586 2.758621 6.517241 
2.600000 7.200000 2.000000 8.400000 2.200000 7.800000 1.600000 6.000000 1.400000 5.000000 
2.000000 3.500000 2.000000 6.500000 2.000000 4.500000 2.000000 5.000000 2.000000 6.250000 
4.000000 8.000000 2.500000 7.000000 2.500000 8.000000 3.500000 10.000000 1.500000 7.000000 
1.000000 2.000000 3.000000 2.000000 4.000000 2.000000 2.000000 2.000000 1.000000 8.000000 
-1.000000 -1.000000 -1.000000 -1.000000 -1.000000 -1.000000 -1.000000 -1.000000 -1.000000 -1.000000 
-1.000000 -1.000000 -1.000000 -1.000000 -1.000000 -1.000000 -1.000000 -1.000000 -1.000000 -1.000000 

Cluster 0 is class 0
Cluster 1 is class 0
Cluster 2 is class 7
Cluster 3 is class 5
Cluster 4 is class 3
Cluster 5 is class 0
Cluster 6 is class 0
Cluster 7 is class 0
Cluster 8 is class 2
Cluster 9 is class 4
Cluster 10 is class 3
Cluster 11 is class 5
Cluster 12 is class 5
Cluster 13 is class 1
Cluster 14 is class 2
Cluster 15 is class 2
Cluster 16 is class 3
Cluster 17 is class 6
Cluster 18 is class 2
Cluster 19 is class 0
Cluster 20 is class 3
Cluster 21 is class 5
Cluster 22 is class 3
Cluster 23 is class 6
Cluster 24 is class 0
Cluster 25 is class 5
Cluster 26 is class 0
Cluster 27 is class 4
Cluster 28 is class 3
Cluster 29 is class 1
Cluster 30 is class 4
Cluster 31 is class 0
Cluster 32 is class 1
Cluster 33 is class 0
Cluster 34 is class 5
Cluster 35 is class 4
Cluster 36 is class 0
Cluster 37 is class 5
Cluster 38 is class 6
Cluster 39 is class 1
Cluster 40 is class 2
Cluster 41 is class 0
Cluster 42 is class 3
Cluster 43 is class 5
Cluster 44 is class 0
Cluster 45 is class 3
Cluster 46 is class 2
Cluster 47 is class 2
Cluster 48 is class 0
Cluster 49 is class 3
Cluster 50 is class 0
Cluster 51 is class 3
Cluster 52 is class 0
Cluster 53 is class 0
Cluster 54 is class 6
Cluster 55 is class 0
Cluster 56 is class 6
Cluster 57 is class 2
Cluster 58 is class 4
Cluster 59 is class 6
Cluster 60 is class 6
Cluster 61 is class 0
Cluster 62 is class 4
Cluster 63 is class 0
Cluster 64 is class 0
Cluster 65 is class 3
Cluster 66 is class 4
Cluster 67 is class 6
Cluster 68 is class 4
Cluster 69 is class 2
Cluster 70 is class 5
Cluster 71 is class 1
Cluster 72 is class 4
Cluster 73 is class 0
Cluster 74 is class 0
Cluster 75 is class 0
Cluster 76 is class 3
Cluster 77 is class 6
Cluster 78 is class 0

Overall Accuracy is 0.234000

