----------------------------For Number of clusters 69----------------------------
Number of Iterations for Kmeans: 30
Avg Clusters:
2.433333 7.600000 2.366667 11.366667 2.833333 3.033333 2.566667 9.500000 2.500000 8.366667 
2.413043 3.869565 2.108696 11.086957 2.195652 3.347826 2.760870 3.000000 2.456522 9.065217 
2.303030 7.696970 3.151515 6.575758 2.303030 8.272727 2.787879 11.121212 3.000000 7.545455 
2.500000 3.136364 2.727273 7.727273 2.772727 2.590909 2.454545 6.272727 2.954545 10.681818 
2.600000 10.514286 2.657143 8.314286 2.457143 3.400000 2.485714 9.371429 2.314286 11.571429 
2.526316 3.052632 2.605263 3.500000 2.815789 3.236842 2.526316 3.368421 2.210526 5.921053 
2.033333 6.066667 2.166667 6.000000 2.500000 6.733333 2.533333 2.266667 2.900000 11.066667 
2.823529 10.882353 2.294118 3.823529 2.352941 2.264706 2.470588 2.588235 2.441176 5.470588 
2.428571 6.228571 2.257143 3.628571 2.400000 3.600000 2.600000 8.771429 2.085714 2.685714 
2.400000 11.480000 2.520000 3.600000 1.840000 4.920000 3.000000 11.320000 2.360000 9.240000 
2.875000 11.425000 2.625000 9.575000 2.300000 5.975000 2.125000 4.075000 2.575000 2.850000 
2.026316 2.500000 2.342105 5.710526 2.815789 8.052632 2.289474 10.578947 2.289474 10.447368 
2.307692 4.358974 2.384615 11.743590 2.717949 9.076923 2.743590 9.717949 2.794872 5.410256 
2.463415 2.902439 2.097561 3.292683 2.390244 10.951220 2.658537 4.268293 2.853659 9.121951 
2.363636 2.818182 2.454545 9.454545 2.090909 2.545455 2.363636 11.636364 2.909091 11.090909 
2.518519 4.370370 2.555556 11.407407 2.555556 4.000000 2.296296 4.296296 2.444444 3.222222 
2.590909 7.272727 2.409091 2.636364 1.772727 2.136364 2.227273 3.681818 2.772727 10.409091 
2.322581 10.290323 2.129032 2.935484 2.354839 9.677419 2.322581 3.645161 2.483871 9.322581 
2.440000 11.840000 2.640000 4.520000 2.720000 2.240000 2.760000 5.120000 3.120000 10.520000 
2.297297 9.486486 2.324324 10.459459 2.243243 11.135135 2.729730 2.864865 2.351351 10.027027 
2.527778 10.555556 1.972222 4.222222 2.722222 10.194444 2.472222 10.777778 2.472222 2.888889 
2.742857 3.771429 2.314286 3.114286 2.571429 10.314286 2.457143 4.485714 2.800000 2.342857 
2.560000 4.600000 2.920000 6.000000 2.600000 11.720000 1.880000 10.560000 2.160000 3.320000 
2.333333 2.523810 2.857143 9.285714 2.809524 5.714286 2.428571 10.190476 1.952381 2.380952 
2.441176 3.323529 2.558824 11.147059 2.500000 11.117647 2.823529 2.441176 2.852941 9.029412 
2.642857 4.178571 2.714286 2.285714 2.678571 10.214286 2.571429 10.785714 2.714286 9.678571 
2.950000 10.650000 2.750000 4.800000 2.850000 8.100000 2.350000 7.700000 2.650000 12.050000 
2.700000 6.500000 2.950000 7.950000 2.300000 12.200000 2.500000 5.850000 2.650000 8.250000 
2.750000 10.214286 2.464286 7.857143 2.642857 2.535714 2.321429 10.571429 2.392857 3.107143 
2.640000 11.640000 2.040000 10.280000 1.960000 10.280000 3.200000 11.120000 2.760000 7.120000 
1.782609 7.869565 2.260870 11.608696 2.391304 11.173913 2.391304 10.304348 2.869565 2.478261 
2.400000 6.866667 2.400000 2.866667 2.533333 2.400000 2.000000 11.066667 2.466667 8.733333 
2.307692 10.358974 2.666667 4.153846 2.641026 11.512821 3.051282 3.179487 2.282051 3.461538 
2.600000 9.800000 2.850000 2.300000 2.250000 7.900000 3.000000 7.700000 2.500000 4.200000 
3.080000 11.200000 2.880000 11.600000 2.440000 10.920000 2.920000 5.720000 2.240000 3.400000 
2.290323 10.483871 2.419355 10.580645 2.709677 5.225806 2.419355 3.290323 2.612903 9.548387 
2.111111 11.055556 2.222222 11.666667 2.722222 6.388889 2.333333 11.666667 2.833333 5.166667 
2.166667 12.250000 2.500000 11.166667 2.750000 8.666667 2.750000 6.666667 2.333333 9.833333 
2.739130 6.956522 2.782609 12.086957 2.000000 8.086957 2.608696 6.826087 2.478261 11.391304 
3.071429 2.357143 2.500000 9.285714 3.071429 5.500000 2.428571 2.642857 2.500000 11.357143 
2.047619 3.809524 2.238095 11.238095 2.809524 10.047619 2.380952 3.142857 2.285714 2.380952 
3.400000 10.400000 1.400000 1.800000 1.600000 11.000000 1.400000 3.800000 3.000000 1.200000 
2.904762 8.857143 2.761905 8.380952 2.476190 2.000000 2.238095 3.285714 2.523810 3.380952 
2.000000 11.600000 2.100000 2.500000 2.350000 3.600000 2.450000 10.350000 2.200000 4.200000 
2.500000 2.250000 2.600000 10.950000 2.250000 10.200000 2.350000 7.750000 2.700000 10.850000 
2.083333 6.416667 2.333333 1.666667 3.000000 8.750000 2.750000 11.500000 2.750000 5.416667 
2.777778 9.888889 2.444444 3.555556 2.555556 12.222222 1.555556 4.000000 1.777778 12.777778 
3.687500 3.062500 2.375000 10.187500 2.750000 11.187500 2.062500 7.687500 2.750000 3.125000 
2.176471 4.294118 2.411765 2.823529 2.176471 5.941176 3.470588 7.647059 1.941176 10.058824 
3.100000 12.800000 2.400000 10.300000 3.300000 3.100000 2.600000 9.100000 3.400000 3.400000 
2.230769 7.923077 1.538462 7.384615 3.076923 7.846154 2.846154 5.538462 2.230769 3.538462 
2.533333 6.400000 2.400000 2.666667 2.666667 7.333333 1.866667 1.733333 2.400000 7.600000 
1.400000 1.733333 2.866667 7.400000 2.066667 1.933333 1.866667 8.400000 2.266667 4.666667 
2.277778 10.166667 2.388889 3.111111 2.444444 11.444444 2.388889 11.333333 2.444444 10.500000 
2.454545 2.727273 3.090909 9.090909 2.272727 12.454545 2.545455 11.636364 1.818182 9.363636 
1.750000 7.250000 4.000000 11.750000 2.000000 6.000000 1.250000 12.250000 2.000000 2.250000 
2.076923 12.230769 2.230769 2.461538 2.615385 5.153846 2.769231 5.230769 2.538462 6.384615 
3.142857 3.214286 2.357143 7.500000 2.642857 3.857143 2.571429 12.071429 2.571429 6.357143 
2.375000 3.375000 2.250000 7.812500 2.437500 6.937500 2.812500 2.812500 3.375000 3.750000 
2.250000 12.000000 2.500000 7.625000 3.375000 12.250000 1.625000 11.125000 3.375000 4.250000 
2.615385 8.000000 3.076923 10.692308 2.384615 11.769231 2.307692 10.461538 2.230769 10.461538 
2.000000 1.500000 3.000000 4.400000 1.400000 3.600000 3.000000 4.900000 2.700000 12.200000 
2.800000 1.900000 3.000000 6.800000 2.600000 9.000000 2.200000 12.000000 1.900000 5.800000 
2.200000 12.500000 2.800000 4.600000 2.500000 10.400000 2.200000 6.800000 2.400000 6.400000 
2.363636 5.636364 2.818182 9.454545 2.636364 1.363636 2.636364 8.727273 2.000000 3.818182 
2.250000 2.083333 3.000000 2.666667 2.833333 3.750000 2.583333 11.583333 2.833333 6.333333 
2.090909 2.181818 1.818182 7.454545 3.363636 11.272727 2.818182 2.909091 2.727273 6.000000 
-1.000000 -1.000000 -1.000000 -1.000000 -1.000000 -1.000000 -1.000000 -1.000000 -1.000000 -1.000000 
2.642857 1.714286 2.000000 4.285714 2.071429 2.928571 2.571429 10.500000 2.500000 12.214286 

Avg Classes:
2.482072 7.045153 2.496680 6.972112 2.519256 7.025232 2.520584 6.966799 2.525896 6.812749 
2.442700 6.769231 2.466248 7.087912 2.472527 7.183673 2.525903 6.890110 2.554160 7.221350 
2.550725 8.000000 2.304348 6.318841 2.449275 6.739130 2.565217 6.898551 2.463768 6.869565 
2.413793 8.172414 2.482759 7.965517 2.724138 8.620690 2.620690 6.827586 2.758621 6.517241 
2.600000 7.200000 2.000000 8.400000 2.200000 7.800000 1.600000 6.000000 1.400000 5.000000 
2.000000 3.500000 2.000000 6.500000 2.000000 4.500000 2.000000 5.000000 2.000000 6.250000 
4.000000 8.000000 2.500000 7.000000 2.500000 8.000000 3.500000 10.000000 1.500000 7.000000 
1.000000 2.000000 3.000000 2.000000 4.000000 2.000000 2.000000 2.000000 1.000000 8.000000 
-1.000000 -1.000000 -1.000000 -1.000000 -1.000000 -1.000000 -1.000000 -1.000000 -1.000000 -1.000000 
-1.000000 -1.000000 -1.000000 -1.000000 -1.000000 -1.000000 -1.000000 -1.000000 -1.000000 -1.000000 

Cluster 0 is class 0
Cluster 1 is class 5
Cluster 2 is class 6
Cluster 3 is class 5
Cluster 4 is class 0
Cluster 5 is class 5
Cluster 6 is class 0
Cluster 7 is class 2
Cluster 8 is class 0
Cluster 9 is class 2
Cluster 10 is class 4
Cluster 11 is class 1
Cluster 12 is class 0
Cluster 13 is class 0
Cluster 14 is class 1
Cluster 15 is class 5
Cluster 16 is class 7
Cluster 17 is class 2
Cluster 18 is class 2
Cluster 19 is class 3
Cluster 20 is class 6
Cluster 21 is class 0
Cluster 22 is class 6
Cluster 23 is class 0
Cluster 24 is class 0
Cluster 25 is class 0
Cluster 26 is class 0
Cluster 27 is class 3
Cluster 28 is class 0
Cluster 29 is class 6
Cluster 30 is class 3
Cluster 31 is class 0
Cluster 32 is class 2
Cluster 33 is class 2
Cluster 34 is class 3
Cluster 35 is class 1
Cluster 36 is class 6
Cluster 37 is class 3
Cluster 38 is class 0
Cluster 39 is class 5
Cluster 40 is class 4
Cluster 41 is class 0
Cluster 42 is class 4
Cluster 43 is class 2
Cluster 44 is class 1
Cluster 45 is class 6
Cluster 46 is class 0
Cluster 47 is class 4
Cluster 48 is class 1
Cluster 49 is class 0
Cluster 50 is class 4
Cluster 51 is class 0
Cluster 52 is class 5
Cluster 53 is class 6
Cluster 54 is class 1
Cluster 55 is class 0
Cluster 56 is class 2
Cluster 57 is class 6
Cluster 58 is class 5
Cluster 59 is class 3
Cluster 60 is class 3
Cluster 61 is class 5
Cluster 62 is class 6
Cluster 63 is class 3
Cluster 64 is class 5
Cluster 65 is class 5
Cluster 66 is class 0
Cluster 67 is class 8
Cluster 68 is class 5

Overall Accuracy is 0.219333

