----------------------------For Number of clusters 41----------------------------
Number of Iterations for Kmeans: 33
Avg Clusters:
2.619718 11.211268 2.422535 5.042254 2.577465 10.112676 2.549296 4.422535 2.464789 3.873239 
2.638298 10.744681 2.489362 3.276596 2.617021 9.276596 2.212766 5.723404 2.404255 10.765957 
2.535714 3.767857 2.767857 10.875000 2.285714 11.017857 2.482143 9.196429 2.589286 9.428571 
2.258621 10.396552 2.224138 3.534483 2.396552 4.672414 2.344828 9.931034 2.310345 4.224138 
2.600000 3.328571 2.342857 10.400000 2.385714 3.585714 2.571429 3.271429 2.485714 9.628571 
2.478261 4.289855 2.507246 3.652174 2.492754 3.956522 2.478261 3.144928 2.608696 9.753623 
2.121212 8.545455 2.333333 3.909091 2.212121 11.272727 2.454545 2.333333 2.333333 8.151515 
2.280000 10.000000 2.360000 10.700000 2.440000 6.620000 2.520000 3.360000 2.540000 9.800000 
2.394737 5.236842 2.710526 2.078947 2.447368 7.210526 2.763158 7.921053 2.578947 3.210526 
2.357143 4.228571 2.600000 11.228571 2.800000 8.385714 2.614286 9.585714 2.385714 3.642857 
2.148148 2.722222 2.370370 4.870370 2.851852 9.018519 2.388889 10.481481 2.370370 9.425926 
2.302326 10.813953 2.279070 10.837209 2.372093 10.209302 2.651163 10.837209 3.023256 4.767442 
2.575758 10.000000 2.424242 10.363636 2.424242 11.121212 2.757576 5.848485 2.272727 10.272727 
2.333333 3.176471 2.784314 7.196078 2.352941 2.450980 2.372549 9.156863 2.333333 3.627451 
2.631579 4.526316 2.605263 7.868421 2.315789 5.236842 2.947368 10.921053 2.894737 8.947368 
2.083333 2.416667 2.055556 4.833333 2.777778 7.666667 2.305556 3.250000 2.833333 5.055556 
2.653846 7.192308 2.615385 2.153846 2.615385 10.000000 2.692308 11.846154 2.423077 11.423077 
2.562500 2.906250 2.343750 6.781250 2.593750 10.437500 2.750000 2.781250 2.750000 10.968750 
2.625000 6.437500 2.666667 10.625000 2.416667 4.437500 2.416667 4.000000 2.270833 2.979167 
2.724138 6.137931 2.724138 11.413793 2.827586 3.551724 2.448276 9.586207 2.586207 10.137931 
2.394737 3.736842 2.236842 10.605263 2.684211 10.473684 2.526316 3.052632 2.736842 3.473684 
2.405405 10.054054 1.972973 4.027027 2.783784 10.729730 2.567568 10.945946 2.648649 3.459459 
2.625000 7.843750 2.812500 4.093750 2.625000 3.375000 2.156250 9.156250 2.468750 10.968750 
2.950000 2.950000 2.700000 6.150000 2.800000 12.150000 2.350000 8.050000 2.950000 3.150000 
2.933333 11.044444 2.622222 8.555556 2.733333 3.088889 2.177778 3.911111 2.600000 3.688889 
2.393939 10.151515 2.545455 11.363636 2.818182 4.363636 2.515152 11.151515 2.696970 4.333333 
2.354839 1.774194 2.258065 4.580645 1.870968 3.354839 2.645161 9.774194 2.548387 12.032258 
2.578947 11.368421 3.052632 3.157895 1.947368 5.631579 3.052632 11.789474 2.684211 9.263158 
2.947368 5.315789 1.947368 2.947368 2.578947 10.684211 2.526316 2.368421 2.947368 1.947368 
3.105263 11.210526 2.263158 7.157895 2.526316 2.210526 2.526316 9.894737 2.631579 2.736842 
2.218750 10.218750 2.312500 2.187500 2.375000 3.187500 2.593750 2.906250 2.093750 5.062500 
2.103448 5.586207 2.413793 12.172414 2.379310 11.034483 2.931034 2.172414 2.655172 10.103448 
2.384615 11.307692 2.487179 4.256410 2.435897 2.128205 2.589744 4.256410 2.897436 10.025641 
2.200000 10.600000 2.760000 7.080000 2.080000 11.400000 2.360000 10.840000 2.800000 8.680000 
3.000000 11.240000 2.600000 11.560000 2.360000 10.800000 2.720000 5.040000 2.160000 3.120000 
2.437500 4.812500 2.875000 7.437500 2.312500 12.062500 2.437500 5.812500 2.937500 8.687500 
2.066667 3.666667 2.066667 1.733333 2.133333 12.133333 2.866667 5.600000 2.266667 7.933333 
1.894737 3.842105 2.315789 2.368421 2.473684 3.684211 2.684211 11.421053 2.263158 5.578947 
3.047619 11.761905 2.238095 8.476190 2.476190 4.095238 2.428571 10.809524 2.380952 10.047619 
2.526316 4.684211 3.105263 5.947368 2.789474 11.157895 1.894737 12.052632 1.894737 3.894737 
2.066667 11.000000 2.200000 10.666667 2.266667 2.333333 2.933333 7.000000 2.400000 11.466667 

Avg Classes:
2.482072 7.045153 2.496680 6.972112 2.519256 7.025232 2.520584 6.966799 2.525896 6.812749 
2.442700 6.769231 2.466248 7.087912 2.472527 7.183673 2.525903 6.890110 2.554160 7.221350 
2.550725 8.000000 2.304348 6.318841 2.449275 6.739130 2.565217 6.898551 2.463768 6.869565 
2.413793 8.172414 2.482759 7.965517 2.724138 8.620690 2.620690 6.827586 2.758621 6.517241 
2.600000 7.200000 2.000000 8.400000 2.200000 7.800000 1.600000 6.000000 1.400000 5.000000 
2.000000 3.500000 2.000000 6.500000 2.000000 4.500000 2.000000 5.000000 2.000000 6.250000 
4.000000 8.000000 2.500000 7.000000 2.500000 8.000000 3.500000 10.000000 1.500000 7.000000 
1.000000 2.000000 3.000000 2.000000 4.000000 2.000000 2.000000 2.000000 1.000000 8.000000 
-1.000000 -1.000000 -1.000000 -1.000000 -1.000000 -1.000000 -1.000000 -1.000000 -1.000000 -1.000000 
-1.000000 -1.000000 -1.000000 -1.000000 -1.000000 -1.000000 -1.000000 -1.000000 -1.000000 -1.000000 

Cluster 0 is class 3
Cluster 1 is class 1
Cluster 2 is class 1
Cluster 3 is class 2
Cluster 4 is class 5
Cluster 5 is class 7
Cluster 6 is class 3
Cluster 7 is class 0
Cluster 8 is class 0
Cluster 9 is class 4
Cluster 10 is class 0
Cluster 11 is class 3
Cluster 12 is class 3
Cluster 13 is class 5
Cluster 14 is class 0
Cluster 15 is class 5
Cluster 16 is class 6
Cluster 17 is class 0
Cluster 18 is class 4
Cluster 19 is class 1
Cluster 20 is class 4
Cluster 21 is class 6
Cluster 22 is class 0
Cluster 23 is class 0
Cluster 24 is class 2
Cluster 25 is class 0
Cluster 26 is class 1
Cluster 27 is class 6
Cluster 28 is class 0
Cluster 29 is class 2
Cluster 30 is class 2
Cluster 31 is class 0
Cluster 32 is class 2
Cluster 33 is class 3
Cluster 34 is class 3
Cluster 35 is class 0
Cluster 36 is class 0
Cluster 37 is class 5
Cluster 38 is class 6
Cluster 39 is class 6
Cluster 40 is class 0

Overall Accuracy is 0.192667

