----------------------------For Number of clusters 58----------------------------
Number of Iterations for Kmeans: 27
Avg Clusters:
2.422222 2.511111 2.555556 9.466667 2.622222 10.222222 2.400000 9.022222 2.422222 10.777778 
2.416667 3.437500 2.708333 10.562500 2.854167 7.291667 2.583333 9.625000 2.333333 3.979167 
2.509434 3.509434 2.396226 5.075472 2.584906 5.566038 2.547170 2.396226 2.603774 10.754717 
2.235294 2.352941 2.617647 4.794118 2.352941 3.676471 2.205882 6.058824 2.676471 3.852941 
2.529412 9.676471 2.794118 10.852941 2.382353 9.000000 2.176471 10.147059 2.323529 10.823529 
2.480769 3.865385 2.288462 3.750000 2.346154 11.461538 2.653846 5.038462 2.596154 8.903846 
2.621622 10.054054 2.378378 9.756757 2.594595 2.621622 2.648649 9.189189 2.270270 10.756757 
2.630435 10.586957 2.304348 8.043478 2.608696 4.369565 2.065217 4.021739 2.369565 4.456522 
2.545455 10.727273 2.750000 3.840909 2.500000 11.522727 2.795455 3.613636 2.295455 3.500000 
2.590909 3.045455 3.000000 5.681818 2.590909 11.636364 2.318182 8.454545 2.954545 2.772727 
2.396226 10.811321 2.301887 5.660377 2.660377 9.867925 2.528302 10.735849 2.792453 3.641509 
2.571429 3.632653 2.102041 10.918367 2.367347 3.285714 2.510204 3.591837 2.653061 10.326531 
2.909091 4.090909 2.045455 3.272727 2.318182 10.136364 2.363636 2.136364 2.909091 2.727273 
2.256410 3.461538 2.589744 10.717949 2.564103 10.666667 2.820513 2.435897 2.948718 9.230769 
2.205882 9.500000 2.941176 3.911765 1.941176 2.911765 2.205882 2.794118 2.794118 10.411765 
2.529412 6.882353 2.970588 11.000000 2.147059 4.705882 2.323529 3.970588 2.441176 2.970588 
3.000000 11.576923 2.500000 11.230769 2.269231 10.307692 3.307692 8.115385 2.692308 6.692308 
2.333333 8.875000 2.541667 3.416667 2.333333 11.208333 2.666667 11.958333 2.708333 10.000000 
2.733333 10.133333 2.833333 4.500000 2.833333 3.700000 2.633333 8.033333 2.800000 11.500000 
2.619048 4.428571 2.857143 8.142857 2.047619 2.428571 2.142857 11.476190 2.238095 3.000000 
2.409091 7.227273 2.636364 9.000000 2.181818 12.000000 2.500000 7.636364 2.818182 6.409091 
2.078947 2.552632 2.578947 5.210526 2.210526 3.763158 2.763158 8.289474 2.526316 11.368421 
3.000000 10.809524 2.809524 8.761905 2.428571 8.619048 2.142857 6.047619 2.761905 2.380952 
2.193548 2.935484 2.580645 4.064516 2.806452 8.677419 2.290323 11.322581 2.516129 7.580645 
2.500000 2.937500 2.125000 4.000000 2.250000 2.875000 2.500000 12.562500 2.937500 10.625000 
2.421053 2.315789 2.315789 11.421053 2.736842 3.105263 2.789474 4.315789 2.473684 4.842105 
2.545455 10.454545 2.575758 3.181818 2.424242 10.090909 2.090909 4.333333 2.454545 11.393939 
2.200000 4.066667 2.200000 11.300000 2.533333 10.300000 2.233333 3.833333 2.500000 2.400000 
2.176471 8.176471 2.176471 12.176471 2.411765 9.294118 2.352941 4.117647 2.176471 7.411765 
2.833333 4.111111 2.777778 2.777778 3.055556 9.055556 2.555556 11.277778 1.944444 12.111111 
2.210526 2.263158 1.947368 7.631579 3.263158 9.263158 3.105263 3.157895 3.105263 5.052632 
2.260870 9.695652 2.000000 3.130435 3.130435 7.869565 2.695652 3.130435 2.478261 6.695652 
2.826087 5.347826 2.782609 8.260870 2.304348 6.521739 2.826087 11.260870 2.695652 10.000000 
2.272727 10.696970 2.151515 2.454545 2.212121 4.272727 2.757576 9.727273 2.363636 4.090909 
2.117647 5.705882 2.529412 9.235294 2.941176 2.117647 3.000000 8.470588 2.705882 6.705882 
3.230769 11.461538 2.384615 8.384615 2.692308 1.615385 2.846154 2.076923 2.307692 2.615385 
3.000000 2.428571 2.785714 8.142857 2.500000 3.285714 2.571429 11.857143 2.714286 7.142857 
1.750000 4.937500 2.062500 2.250000 2.500000 3.375000 2.562500 10.625000 2.187500 4.500000 
2.040000 10.760000 2.320000 11.360000 2.600000 6.480000 2.200000 12.000000 2.840000 4.680000 
2.583333 7.958333 2.333333 11.250000 2.041667 10.416667 2.875000 3.458333 2.500000 11.708333 
2.714286 6.357143 2.285714 2.142857 2.071429 6.857143 2.785714 5.357143 1.928571 8.785714 
3.000000 5.090909 3.000000 2.363636 2.090909 5.000000 3.000000 8.000000 2.363636 1.818182 
2.928571 11.500000 2.285714 12.142857 2.071429 10.857143 3.142857 4.214286 1.857143 2.928571 
2.105263 4.315789 2.684211 3.789474 2.736842 2.421053 2.842105 2.052632 1.736842 5.578947 
2.600000 9.866667 2.533333 11.533333 3.066667 2.066667 2.733333 9.866667 2.466667 3.933333 
2.150000 7.550000 2.400000 11.950000 2.350000 10.700000 2.250000 11.100000 2.450000 2.350000 
2.250000 11.687500 1.750000 1.625000 2.312500 3.000000 2.687500 3.250000 2.375000 4.812500 
2.615385 11.192308 2.307692 6.807692 2.576923 3.038462 2.307692 10.076923 2.500000 3.307692 
2.642857 6.857143 2.500000 1.571429 2.285714 9.642857 2.142857 7.214286 2.714286 2.071429 
2.312500 10.937500 2.250000 8.187500 2.500000 11.937500 2.750000 2.750000 1.812500 8.875000 
2.625000 10.541667 2.750000 3.583333 1.833333 4.625000 2.458333 12.000000 2.375000 9.000000 
2.529412 3.352941 2.529412 11.529412 2.764706 11.882353 3.000000 9.411765 2.941176 6.058824 
2.368421 12.157895 2.473684 4.789474 2.789474 10.368421 2.157895 8.578947 2.631579 8.421053 
2.120000 10.840000 2.640000 10.800000 2.360000 5.720000 2.400000 3.360000 3.040000 11.240000 
2.307692 7.846154 1.692308 1.923077 3.461538 10.615385 2.384615 11.923077 2.538462 4.769231 
2.000000 6.333333 1.777778 1.888889 3.222222 2.000000 2.111111 5.888889 2.111111 7.333333 
2.857143 4.928571 2.857143 6.428571 2.785714 11.785714 1.928571 11.785714 1.714286 4.000000 
2.800000 11.733333 1.800000 4.200000 2.533333 1.266667 2.600000 4.733333 3.000000 8.266667 

Avg Classes:
2.482072 7.045153 2.496680 6.972112 2.519256 7.025232 2.520584 6.966799 2.525896 6.812749 
2.442700 6.769231 2.466248 7.087912 2.472527 7.183673 2.525903 6.890110 2.554160 7.221350 
2.550725 8.000000 2.304348 6.318841 2.449275 6.739130 2.565217 6.898551 2.463768 6.869565 
2.413793 8.172414 2.482759 7.965517 2.724138 8.620690 2.620690 6.827586 2.758621 6.517241 
2.600000 7.200000 2.000000 8.400000 2.200000 7.800000 1.600000 6.000000 1.400000 5.000000 
2.000000 3.500000 2.000000 6.500000 2.000000 4.500000 2.000000 5.000000 2.000000 6.250000 
4.000000 8.000000 2.500000 7.000000 2.500000 8.000000 3.500000 10.000000 1.500000 7.000000 
1.000000 2.000000 3.000000 2.000000 4.000000 2.000000 2.000000 2.000000 1.000000 8.000000 
-1.000000 -1.000000 -1.000000 -1.000000 -1.000000 -1.000000 -1.000000 -1.000000 -1.000000 -1.000000 
-1.000000 -1.000000 -1.000000 -1.000000 -1.000000 -1.000000 -1.000000 -1.000000 -1.000000 -1.000000 

Cluster 0 is class 0
Cluster 1 is class 0
Cluster 2 is class 5
Cluster 3 is class 5
Cluster 4 is class 3
Cluster 5 is class 0
Cluster 6 is class 0
Cluster 7 is class 0
Cluster 8 is class 2
Cluster 9 is class 0
Cluster 10 is class 6
Cluster 11 is class 5
Cluster 12 is class 0
Cluster 13 is class 1
Cluster 14 is class 0
Cluster 15 is class 4
Cluster 16 is class 3
Cluster 17 is class 6
Cluster 18 is class 2
Cluster 19 is class 5
Cluster 20 is class 3
Cluster 21 is class 5
Cluster 22 is class 4
Cluster 23 is class 0
Cluster 24 is class 0
Cluster 25 is class 5
Cluster 26 is class 0
Cluster 27 is class 4
Cluster 28 is class 3
Cluster 29 is class 0
Cluster 30 is class 5
Cluster 31 is class 2
Cluster 32 is class 6
Cluster 33 is class 2
Cluster 34 is class 0
Cluster 35 is class 4
Cluster 36 is class 0
Cluster 37 is class 0
Cluster 38 is class 6
Cluster 39 is class 1
Cluster 40 is class 0
Cluster 41 is class 0
Cluster 42 is class 3
Cluster 43 is class 5
Cluster 44 is class 0
Cluster 45 is class 3
Cluster 46 is class 2
Cluster 47 is class 2
Cluster 48 is class 0
Cluster 49 is class 3
Cluster 50 is class 6
Cluster 51 is class 1
Cluster 52 is class 3
Cluster 53 is class 0
Cluster 54 is class 6
Cluster 55 is class 2
Cluster 56 is class 6
Cluster 57 is class 2

Overall Accuracy is 0.224000

