----------------------------For Number of clusters 23----------------------------
Number of Iterations for Kmeans: 34
Avg Clusters:
2.428571 3.846154 2.362637 10.494505 2.648352 6.571429 2.593407 3.494505 2.626374 4.076923 
2.452381 9.500000 2.261905 3.440476 2.500000 9.773810 2.380952 4.416667 2.511905 9.952381 
2.646341 9.341463 2.646341 9.975610 2.560976 3.670732 2.463415 8.731707 2.390244 10.536585 
2.786667 10.160000 2.533333 8.560000 2.440000 3.373333 2.240000 3.853333 2.413333 3.480000 
2.436975 9.815126 2.495798 4.890756 2.529412 10.075630 2.453782 10.478992 2.563025 4.487395 
2.537313 9.746269 2.477612 10.820896 2.477612 9.701493 2.701493 9.880597 2.626866 8.880597 
2.480519 3.259740 2.337662 3.584416 2.480519 10.454545 2.545455 4.922078 2.766234 4.181818 
2.463918 4.134021 2.567010 9.670103 2.443299 10.927835 2.639175 3.917526 2.731959 10.020619 
2.207547 10.679245 2.415094 10.377358 2.396226 8.603774 2.754717 2.830189 2.547170 9.547170 
2.483333 8.816667 2.533333 4.116667 2.300000 2.683333 2.216667 3.466667 2.933333 10.516667 
2.465517 9.344828 2.741379 3.344828 2.275862 4.965517 2.603448 11.000000 2.344828 9.758621 
2.482143 10.714286 2.464286 4.071429 2.607143 10.839286 2.857143 3.696429 2.392857 3.321429 
2.370370 3.839506 2.703704 4.827160 2.493827 3.419753 2.456790 9.679012 2.382716 3.913580 
2.926829 10.756098 2.682927 11.487805 2.268293 10.219512 2.512195 6.512195 2.219512 2.853659 
2.437500 2.718750 2.562500 8.468750 2.593750 9.343750 2.390625 11.328125 2.453125 8.546875 
2.433962 11.000000 2.207547 7.905660 2.641509 3.433962 2.396226 10.905660 2.679245 3.207547 
2.593220 3.084746 2.186441 9.966102 2.372881 3.152542 2.576271 3.847458 2.474576 10.474576 
2.270833 3.812500 2.916667 11.187500 2.604167 5.145833 2.562500 10.166667 2.395833 4.354167 
2.192308 2.442308 2.288462 4.807692 2.115385 4.423077 2.653846 9.173077 2.634615 11.596154 
2.510638 4.106383 2.595745 2.723404 2.808511 10.148936 2.829787 10.638298 2.446809 9.829787 
2.354167 3.416667 2.541667 3.333333 2.770833 4.125000 2.395833 2.625000 2.291667 7.895833 
2.181818 11.340909 1.931818 2.318182 2.477273 3.113636 2.727273 5.340909 2.340909 5.931818 
2.500000 5.250000 2.272727 11.000000 2.636364 11.500000 2.295455 9.295455 2.772727 3.136364 

Avg Classes:
2.482072 7.045153 2.496680 6.972112 2.519256 7.025232 2.520584 6.966799 2.525896 6.812749 
2.442700 6.769231 2.466248 7.087912 2.472527 7.183673 2.525903 6.890110 2.554160 7.221350 
2.550725 8.000000 2.304348 6.318841 2.449275 6.739130 2.565217 6.898551 2.463768 6.869565 
2.413793 8.172414 2.482759 7.965517 2.724138 8.620690 2.620690 6.827586 2.758621 6.517241 
2.600000 7.200000 2.000000 8.400000 2.200000 7.800000 1.600000 6.000000 1.400000 5.000000 
2.000000 3.500000 2.000000 6.500000 2.000000 4.500000 2.000000 5.000000 2.000000 6.250000 
4.000000 8.000000 2.500000 7.000000 2.500000 8.000000 3.500000 10.000000 1.500000 7.000000 
1.000000 2.000000 3.000000 2.000000 4.000000 2.000000 2.000000 2.000000 1.000000 8.000000 
-1.000000 -1.000000 -1.000000 -1.000000 -1.000000 -1.000000 -1.000000 -1.000000 -1.000000 -1.000000 
-1.000000 -1.000000 -1.000000 -1.000000 -1.000000 -1.000000 -1.000000 -1.000000 -1.000000 -1.000000 

Cluster 0 is class 4
Cluster 1 is class 2
Cluster 2 is class 0
Cluster 3 is class 0
Cluster 4 is class 6
Cluster 5 is class 3
Cluster 6 is class 0
Cluster 7 is class 1
Cluster 8 is class 3
Cluster 9 is class 2
Cluster 10 is class 0
Cluster 11 is class 3
Cluster 12 is class 5
Cluster 13 is class 3
Cluster 14 is class 0
Cluster 15 is class 0
Cluster 16 is class 5
Cluster 17 is class 0
Cluster 18 is class 0
Cluster 19 is class 0
Cluster 20 is class 7
Cluster 21 is class 2
Cluster 22 is class 3

Overall Accuracy is 0.239333

