----------------------------For Number of clusters 45----------------------------
Number of Iterations for Kmeans: 28
Avg Clusters:
2.634921 11.460317 2.444444 4.793651 2.523810 10.349206 2.682540 4.126984 2.507937 3.952381 
2.551020 10.673469 2.653061 4.510204 2.591837 9.979592 2.285714 9.408163 2.612245 9.857143 
2.640625 4.078125 2.937500 10.328125 2.312500 10.281250 2.500000 9.640625 2.515625 10.031250 
2.232143 8.357143 2.464286 2.964286 2.357143 5.428571 2.517857 9.767857 2.392857 3.500000 
2.395833 3.708333 2.354167 9.604167 2.291667 2.875000 2.458333 3.395833 2.479167 6.125000 
2.393443 3.704918 2.491803 3.918033 2.590164 4.081967 2.491803 3.245902 2.672131 10.196721 
2.324324 10.162162 2.162162 3.351351 2.297297 10.459459 2.243243 3.351351 2.459459 10.486486 
2.288462 9.788462 2.288462 10.711538 2.384615 6.442308 2.442308 3.269231 2.538462 9.884615 
2.117647 3.117647 2.588235 3.647059 2.764706 3.882353 2.441176 5.441176 2.352941 3.205882 
2.255814 5.976744 2.441860 11.837209 2.441860 10.534884 2.441860 10.186047 2.465116 3.209302 
2.140000 2.820000 2.360000 4.440000 2.900000 8.520000 2.420000 10.360000 2.300000 9.220000 
2.450000 11.425000 2.375000 10.175000 2.325000 10.200000 2.675000 10.925000 3.200000 5.525000 
2.485714 10.142857 2.600000 10.200000 2.342857 11.057143 2.971429 5.742857 2.228571 10.257143 
2.638889 4.138889 2.805556 8.527778 2.222222 2.694444 2.194444 10.944444 2.277778 3.638889 
2.333333 3.133333 2.800000 8.433333 2.600000 7.366667 2.533333 11.666667 2.433333 6.366667 
2.333333 2.200000 2.200000 6.133333 2.733333 9.533333 2.633333 3.000000 3.166667 5.600000 
2.736842 5.368421 2.842105 2.105263 2.789474 10.315789 2.736842 11.789474 2.473684 11.526316 
2.617647 2.823529 2.294118 8.058824 2.705882 9.058824 2.705882 2.558824 2.735294 10.823529 
2.418605 7.093023 2.534884 10.139535 2.441860 4.767442 2.441860 4.558140 2.418605 3.023256 
2.371429 5.600000 2.457143 10.342857 2.657143 3.142857 2.628571 9.857143 2.771429 9.800000 
2.307692 3.500000 2.076923 11.500000 2.653846 10.153846 2.346154 3.230769 2.538462 2.730769 
2.394737 10.026316 2.000000 3.868421 2.763158 10.605263 2.605263 10.684211 2.710526 3.368421 
2.722222 7.777778 2.694444 4.083333 2.638889 3.555556 2.305556 9.138889 2.555556 11.000000 
2.708333 2.666667 3.125000 5.166667 2.833333 11.041667 2.000000 8.708333 2.916667 2.666667 
3.000000 11.806452 2.774194 10.322581 2.580645 4.580645 2.161290 4.612903 2.516129 2.967742 
2.096774 10.193548 2.483871 11.387097 2.806452 4.709677 2.580645 11.580645 2.580645 4.645161 
2.285714 1.785714 2.250000 4.714286 1.785714 3.250000 2.678571 9.607143 2.428571 12.285714 
2.310345 11.344828 2.586207 3.275862 1.827586 5.310345 2.896552 11.448276 2.620690 8.344828 
2.920000 5.320000 2.120000 2.640000 2.720000 10.480000 2.400000 2.440000 2.680000 2.480000 
2.750000 11.541667 2.208333 6.458333 2.625000 2.250000 2.375000 10.083333 2.416667 3.083333 
2.214286 8.464286 2.357143 1.892857 2.357143 5.357143 2.250000 2.500000 2.214286 7.071429 
2.184211 5.605263 2.657895 11.684211 2.421053 11.342105 2.815789 2.421053 2.684211 9.421053 
2.433333 10.866667 2.733333 4.733333 2.333333 2.333333 2.300000 3.266667 2.866667 10.566667 
2.523810 7.476190 1.952381 7.761905 2.523810 11.571429 2.428571 6.285714 2.476190 3.285714 
3.000000 11.400000 2.650000 11.900000 2.300000 10.900000 2.850000 5.050000 2.150000 3.350000 
2.954545 4.363636 2.636364 5.545455 2.363636 12.454545 2.545455 5.363636 2.681818 10.000000 
2.000000 4.117647 2.235294 1.588235 2.294118 11.647059 3.000000 5.529412 2.058824 7.235294 
2.470588 2.529412 2.647059 3.294118 2.764706 2.823529 2.529412 11.352941 2.647059 6.176471 
3.045455 11.681818 2.363636 8.636364 2.590909 3.954545 2.363636 10.363636 2.363636 10.045455 
2.529412 6.000000 2.823529 5.529412 2.764706 11.705882 1.941176 12.000000 2.000000 4.529412 
2.200000 10.800000 2.133333 10.800000 2.133333 2.333333 2.866667 6.866667 2.400000 11.800000 
2.541667 2.416667 2.541667 11.541667 2.916667 6.458333 3.125000 7.625000 2.416667 4.291667 
2.785714 3.285714 2.250000 10.714286 2.571429 2.892857 2.714286 3.857143 2.357143 11.321429 
2.214286 11.821429 1.892857 2.678571 2.357143 2.750000 3.000000 6.000000 2.571429 6.821429 
3.090909 10.363636 2.590909 5.863636 2.545455 1.818182 2.454545 2.272727 2.454545 3.590909 

Avg Classes:
2.482072 7.045153 2.496680 6.972112 2.519256 7.025232 2.520584 6.966799 2.525896 6.812749 
2.442700 6.769231 2.466248 7.087912 2.472527 7.183673 2.525903 6.890110 2.554160 7.221350 
2.550725 8.000000 2.304348 6.318841 2.449275 6.739130 2.565217 6.898551 2.463768 6.869565 
2.413793 8.172414 2.482759 7.965517 2.724138 8.620690 2.620690 6.827586 2.758621 6.517241 
2.600000 7.200000 2.000000 8.400000 2.200000 7.800000 1.600000 6.000000 1.400000 5.000000 
2.000000 3.500000 2.000000 6.500000 2.000000 4.500000 2.000000 5.000000 2.000000 6.250000 
4.000000 8.000000 2.500000 7.000000 2.500000 8.000000 3.500000 10.000000 1.500000 7.000000 
1.000000 2.000000 3.000000 2.000000 4.000000 2.000000 2.000000 2.000000 1.000000 8.000000 
-1.000000 -1.000000 -1.000000 -1.000000 -1.000000 -1.000000 -1.000000 -1.000000 -1.000000 -1.000000 
-1.000000 -1.000000 -1.000000 -1.000000 -1.000000 -1.000000 -1.000000 -1.000000 -1.000000 -1.000000 

Cluster 0 is class 2
Cluster 1 is class 6
Cluster 2 is class 0
Cluster 3 is class 2
Cluster 4 is class 5
Cluster 5 is class 7
Cluster 6 is class 0
Cluster 7 is class 0
Cluster 8 is class 5
Cluster 9 is class 3
Cluster 10 is class 0
Cluster 11 is class 6
Cluster 12 is class 3
Cluster 13 is class 0
Cluster 14 is class 6
Cluster 15 is class 5
Cluster 16 is class 6
Cluster 17 is class 0
Cluster 18 is class 4
Cluster 19 is class 0
Cluster 20 is class 4
Cluster 21 is class 6
Cluster 22 is class 0
Cluster 23 is class 0
Cluster 24 is class 4
Cluster 25 is class 6
Cluster 26 is class 1
Cluster 27 is class 2
Cluster 28 is class 0
Cluster 29 is class 2
Cluster 30 is class 2
Cluster 31 is class 3
Cluster 32 is class 2
Cluster 33 is class 3
Cluster 34 is class 3
Cluster 35 is class 1
Cluster 36 is class 0
Cluster 37 is class 5
Cluster 38 is class 6
Cluster 39 is class 6
Cluster 40 is class 0
Cluster 41 is class 4
Cluster 42 is class 5
Cluster 43 is class 2
Cluster 44 is class 2

Overall Accuracy is 0.173333

