----------------------------For Number of clusters 31----------------------------
Number of Iterations for Kmeans: 35
Avg Clusters:
2.303797 9.987342 2.189873 3.303797 2.506329 10.063291 2.405063 4.063291 2.443038 9.240506 
2.802469 11.049383 2.530864 7.555556 2.395062 10.358025 2.530864 4.543210 2.419753 3.074074 
2.700000 10.228571 2.771429 4.214286 2.328571 8.257143 2.571429 10.885714 2.600000 9.628571 
2.509434 10.603774 2.150943 3.509434 2.603774 3.056604 2.566038 3.377358 2.320755 5.037736 
2.465753 3.315068 2.383562 9.904110 2.726027 8.397260 2.534247 4.479452 2.643836 3.164384 
2.546875 3.078125 2.234375 4.921875 2.515625 10.750000 2.562500 5.859375 2.515625 9.390625 
2.418919 4.121622 2.581081 9.797297 2.554054 4.189189 2.648649 10.391892 2.581081 7.391892 
2.785714 9.607143 2.660714 10.232143 2.482143 3.571429 2.285714 4.428571 2.214286 3.357143 
2.287879 10.045455 2.257576 3.500000 2.227273 4.136364 2.333333 10.363636 2.272727 4.318182 
2.442308 3.076923 2.884615 4.346154 2.500000 3.423077 2.384615 9.134615 2.423077 3.346154 
2.736842 10.500000 2.421053 9.736842 2.842105 3.052632 2.710526 10.368421 2.710526 3.210526 
2.460317 3.777778 2.857143 10.142857 2.317460 10.222222 2.444444 10.206349 2.555556 10.000000 
2.384615 11.250000 2.230769 10.846154 2.423077 9.000000 2.653846 10.807692 2.980769 6.519231 
2.151515 6.151515 2.757576 11.242424 2.515152 9.121212 2.303030 11.454545 2.272727 2.696970 
2.780488 4.804878 2.097561 2.585366 2.658537 10.243902 2.609756 3.317073 2.756098 3.073171 
2.500000 11.384615 2.615385 3.307692 2.692308 1.923077 3.115385 6.692308 2.923077 9.807692 
2.270833 4.229167 2.666667 2.916667 2.895833 9.458333 2.625000 11.437500 2.479167 8.875000 
2.179487 3.179487 2.384615 10.487179 2.282051 3.076923 2.615385 3.615385 2.358974 5.358974 
2.586957 9.956522 2.608696 9.065217 2.521739 3.217391 2.478261 9.326087 2.456522 11.521739 
2.420290 9.173913 2.449275 10.942029 2.333333 10.318841 2.724638 4.159420 2.376812 10.057971 
2.351351 9.918919 2.567568 10.351351 2.540541 4.594595 2.513514 2.972973 2.459459 9.837838 
2.268293 2.414634 2.390244 4.365854 2.219512 3.609756 2.536585 10.024390 2.585366 11.390244 
2.928571 3.071429 2.238095 10.190476 2.642857 3.714286 2.500000 3.619048 2.547619 11.357143 
2.365854 3.926829 2.414634 3.317073 2.878049 3.585366 2.585366 2.926829 2.024390 7.390244 
2.875000 4.562500 2.562500 3.812500 1.937500 1.750000 2.375000 5.437500 3.437500 11.312500 
1.961538 3.846154 2.461538 4.384615 2.269231 6.769231 2.346154 2.615385 2.961538 11.500000 
2.292683 3.463415 2.512195 10.609756 2.585366 11.121951 2.902439 2.414634 2.951220 8.829268 
2.346939 10.102041 2.265306 3.979592 2.591837 10.714286 2.530612 10.163265 2.632653 3.530612 
1.956522 9.869565 2.652174 4.565217 2.130435 3.173913 2.043478 2.304348 2.782609 10.652174 
2.517241 5.586207 2.275862 10.793103 2.448276 12.241379 2.310345 8.551724 2.965517 3.758621 
2.406250 3.625000 2.843750 5.093750 2.687500 11.031250 2.187500 10.437500 2.156250 3.718750 

Avg Classes:
2.482072 7.045153 2.496680 6.972112 2.519256 7.025232 2.520584 6.966799 2.525896 6.812749 
2.442700 6.769231 2.466248 7.087912 2.472527 7.183673 2.525903 6.890110 2.554160 7.221350 
2.550725 8.000000 2.304348 6.318841 2.449275 6.739130 2.565217 6.898551 2.463768 6.869565 
2.413793 8.172414 2.482759 7.965517 2.724138 8.620690 2.620690 6.827586 2.758621 6.517241 
2.600000 7.200000 2.000000 8.400000 2.200000 7.800000 1.600000 6.000000 1.400000 5.000000 
2.000000 3.500000 2.000000 6.500000 2.000000 4.500000 2.000000 5.000000 2.000000 6.250000 
4.000000 8.000000 2.500000 7.000000 2.500000 8.000000 3.500000 10.000000 1.500000 7.000000 
1.000000 2.000000 3.000000 2.000000 4.000000 2.000000 2.000000 2.000000 1.000000 8.000000 
-1.000000 -1.000000 -1.000000 -1.000000 -1.000000 -1.000000 -1.000000 -1.000000 -1.000000 -1.000000 
-1.000000 -1.000000 -1.000000 -1.000000 -1.000000 -1.000000 -1.000000 -1.000000 -1.000000 -1.000000 

Cluster 0 is class 0
Cluster 1 is class 3
Cluster 2 is class 6
Cluster 3 is class 2
Cluster 4 is class 4
Cluster 5 is class 0
Cluster 6 is class 1
Cluster 7 is class 4
Cluster 8 is class 0
Cluster 9 is class 5
Cluster 10 is class 0
Cluster 11 is class 1
Cluster 12 is class 3
Cluster 13 is class 4
Cluster 14 is class 0
Cluster 15 is class 2
Cluster 16 is class 6
Cluster 17 is class 5
Cluster 18 is class 0
Cluster 19 is class 3
Cluster 20 is class 2
Cluster 21 is class 5
Cluster 22 is class 5
Cluster 23 is class 7
Cluster 24 is class 5
Cluster 25 is class 5
Cluster 26 is class 1
Cluster 27 is class 2
Cluster 28 is class 2
Cluster 29 is class 3
Cluster 30 is class 6

Overall Accuracy is 0.192667

