----------------------------For Number of clusters 81----------------------------
Number of Iterations for Kmeans: 16
Avg Clusters:
2.575000 2.750000 2.775000 10.050000 2.450000 10.525000 2.500000 9.150000 2.525000 10.425000 
2.551724 3.517241 2.655172 11.241379 2.551724 6.724138 3.000000 9.482759 2.586207 6.482759 
2.735294 3.294118 2.500000 3.647059 2.588235 3.176471 2.911765 2.823529 2.294118 8.823529 
2.120000 2.320000 2.920000 5.480000 2.320000 3.200000 1.880000 6.840000 2.760000 3.000000 
2.916667 9.125000 2.625000 10.708333 2.208333 9.500000 2.625000 6.541667 2.583333 12.166667 
2.179487 3.641026 2.384615 3.128205 2.384615 11.205128 2.820513 5.282051 2.589744 7.769231 
2.604651 10.372093 2.465116 8.790698 2.534884 3.186047 2.488372 8.627907 2.325581 11.186047 
3.030303 10.272727 2.454545 7.939394 2.787879 2.515152 2.181818 3.818182 2.696970 5.575758 
2.500000 10.700000 2.500000 4.175000 2.550000 11.725000 2.925000 3.675000 2.375000 3.400000 
3.142857 3.619048 2.476190 8.857143 2.666667 11.333333 1.666667 7.571429 3.000000 2.952381 
2.411765 10.705882 2.088235 5.470588 2.647059 10.235294 2.617647 11.323529 2.970588 3.235294 
2.666667 3.955556 2.133333 10.577778 2.400000 3.511111 2.444444 2.733333 2.422222 10.644444 
1.666667 3.600000 1.466667 4.533333 2.800000 6.533333 3.133333 6.000000 2.466667 6.000000 
2.566667 2.766667 2.766667 9.466667 2.633333 9.266667 2.733333 3.000000 2.866667 8.400000 
2.228571 9.457143 2.857143 3.971429 2.000000 2.800000 2.200000 3.228571 2.800000 10.600000 
2.583333 11.291667 2.875000 10.583333 2.583333 4.666667 2.500000 7.541667 2.500000 2.875000 
2.850000 11.350000 1.700000 11.750000 2.250000 9.550000 3.350000 9.650000 3.100000 7.950000 
2.500000 8.333333 2.666667 2.833333 2.388889 11.333333 2.888889 12.166667 2.888889 9.666667 
2.681818 11.000000 2.772727 3.909091 2.863636 2.863636 3.000000 7.818182 3.045455 10.590909 
2.346154 5.153846 2.807692 9.307692 2.538462 4.615385 2.038462 11.884615 2.153846 2.769231 
2.592593 7.666667 2.555556 8.481481 2.259259 12.074074 2.444444 7.185185 2.518519 6.629630 
2.115385 2.346154 2.692308 6.653846 2.307692 2.346154 2.538462 7.384615 2.692308 11.076923 
2.761905 12.047619 2.666667 5.428571 2.095238 6.000000 1.761905 9.190476 2.142857 4.380952 
2.269231 2.307692 2.461538 6.538462 2.576923 9.384615 2.384615 12.000000 2.230769 6.923077 
2.217391 2.869565 2.608696 3.347826 2.478261 5.086957 2.434783 10.130435 2.608696 11.347826 
2.461538 3.423077 2.461538 11.384615 2.730769 3.307692 2.269231 4.076923 2.423077 4.269231 
2.656250 10.093750 2.593750 2.906250 2.437500 9.687500 2.250000 4.750000 2.500000 11.250000 
1.437500 5.312500 2.562500 11.250000 2.250000 9.937500 2.812500 3.625000 2.125000 1.500000 
2.055556 7.833333 2.166667 12.166667 2.333333 9.166667 2.277778 5.166667 2.222222 6.666667 
2.500000 2.909091 2.363636 4.000000 3.000000 9.954545 2.318182 10.272727 2.136364 11.409091 
2.294118 2.411765 2.235294 10.470588 2.705882 10.588235 2.235294 2.705882 2.941176 4.117647 
2.266667 7.666667 2.400000 5.733333 2.533333 9.400000 2.600000 2.000000 2.933333 8.266667 
2.736842 6.631579 3.000000 7.263158 2.052632 6.684211 3.210526 10.947368 3.052632 10.105263 
2.560000 8.960000 2.640000 2.400000 2.360000 7.840000 2.600000 8.360000 2.560000 4.320000 
2.000000 5.714286 2.500000 9.071429 3.071429 2.142857 3.071429 8.714286 2.571429 6.428571 
3.181818 10.363636 2.636364 8.454545 3.000000 2.090909 2.636364 2.090909 2.090909 1.727273 
2.800000 2.800000 2.800000 7.666667 2.533333 2.933333 2.333333 12.200000 3.000000 6.800000 
2.076923 3.230769 2.307692 2.384615 2.538462 3.000000 2.692308 11.384615 2.307692 5.153846 
1.954545 10.909091 2.227273 11.136364 2.727273 6.272727 2.409091 11.818182 2.818182 5.409091 
2.173913 5.652174 2.217391 12.173913 2.478261 11.260870 2.782609 2.043478 2.565217 10.565217 
2.250000 6.666667 1.916667 1.833333 2.583333 6.666667 1.916667 2.083333 2.333333 8.500000 
3.000000 5.083333 3.083333 2.666667 2.250000 4.083333 3.166667 8.166667 2.000000 1.666667 
2.750000 11.583333 2.166667 12.333333 1.916667 10.666667 3.083333 3.916667 1.666667 3.083333 
2.666667 6.066667 2.800000 3.800000 2.200000 3.066667 2.333333 2.066667 1.733333 4.133333 
2.100000 7.200000 2.500000 10.700000 2.500000 2.000000 2.600000 8.400000 1.500000 2.900000 
2.142857 6.285714 2.523810 11.809524 2.619048 10.476190 2.523810 11.000000 2.428571 3.142857 
2.200000 12.333333 1.733333 1.600000 2.133333 3.066667 2.800000 4.533333 2.533333 5.066667 
2.904762 10.333333 2.238095 6.619048 2.238095 2.190476 2.714286 10.047619 2.523810 3.142857 
3.214286 5.714286 2.071429 1.785714 2.500000 10.214286 2.142857 5.571429 2.857143 1.571429 
2.166667 11.250000 2.250000 5.750000 1.833333 12.500000 2.166667 2.583333 1.833333 10.083333 
2.533333 8.600000 2.066667 2.533333 1.933333 3.266667 2.333333 11.600000 2.333333 8.133333 
3.111111 2.777778 2.222222 11.666667 2.777778 12.222222 3.111111 7.666667 2.888889 6.333333 
2.294118 12.235294 2.235294 4.764706 2.647059 10.411765 2.176471 8.352941 2.588235 8.352941 
1.916667 10.458333 2.458333 10.875000 2.166667 6.291667 2.375000 2.958333 2.833333 11.208333 
2.333333 8.000000 1.583333 2.000000 3.500000 10.833333 2.250000 11.916667 2.416667 4.666667 
1.636364 7.363636 1.727273 2.454545 3.090909 2.272727 2.181818 6.818182 1.818182 6.636364 
2.545455 5.090909 3.000000 5.818182 2.636364 11.636364 1.727273 12.090909 1.818182 2.909091 
3.000000 11.833333 1.166667 4.000000 3.000000 1.000000 2.500000 3.333333 3.000000 8.833333 
2.500000 2.083333 3.000000 10.583333 3.000000 6.166667 2.750000 7.666667 2.000000 2.416667 
2.222222 8.111111 2.555556 2.333333 2.444444 7.666667 2.333333 10.888889 1.777778 12.444444 
2.222222 11.888889 3.111111 7.333333 2.555556 12.222222 2.333333 11.666667 2.888889 9.111111 
2.555556 8.111111 3.000000 12.333333 2.888889 2.777778 2.000000 11.555556 2.000000 9.000000 
2.400000 12.000000 2.400000 7.400000 2.000000 6.900000 1.800000 2.100000 3.000000 2.800000 
3.000000 2.333333 1.666667 4.666667 1.333333 2.000000 3.333333 12.166667 2.500000 12.666667 
1.750000 11.166667 2.166667 2.250000 2.583333 3.416667 2.166667 11.333333 1.750000 2.666667 
3.666667 11.333333 3.333333 11.111111 3.111111 11.777778 3.000000 7.222222 2.666667 2.555556 
2.727273 9.000000 3.181818 12.090909 2.363636 4.545455 2.363636 2.636364 2.545455 3.727273 
2.300000 7.600000 2.900000 11.200000 2.500000 11.000000 1.700000 10.700000 1.900000 10.800000 
2.615385 3.461538 1.923077 3.692308 2.307692 10.153846 2.384615 1.615385 3.153846 2.384615 
2.230769 11.692308 2.923077 2.076923 3.230769 7.692308 2.384615 3.153846 2.076923 5.230769 
1.736842 3.157895 2.421053 4.263158 2.315789 6.684211 2.473684 2.894737 2.894737 11.789474 
2.866667 2.933333 1.733333 5.866667 3.000000 11.533333 2.866667 2.933333 2.933333 11.266667 
2.600000 5.000000 2.400000 8.300000 2.300000 7.000000 3.300000 3.200000 2.800000 2.800000 
2.625000 1.875000 3.375000 3.250000 3.000000 11.750000 3.125000 8.125000 3.125000 2.375000 
1.666667 6.000000 2.000000 12.666667 4.000000 6.000000 3.666667 2.000000 3.333333 8.666667 
2.272727 3.636364 2.818182 1.818182 3.181818 8.272727 3.000000 10.818182 2.454545 6.909091 
1.666667 10.333333 2.222222 11.222222 2.111111 11.666667 2.333333 11.444444 3.222222 2.444444 
2.750000 11.875000 2.937500 4.125000 2.000000 5.437500 2.500000 11.875000 2.500000 9.250000 
2.833333 2.333333 2.166667 11.000000 2.500000 3.833333 2.500000 10.666667 3.000000 12.000000 
3.000000 9.769231 2.000000 7.923077 2.538462 9.000000 2.153846 5.384615 3.000000 3.000000 
2.500000 12.500000 2.100000 10.100000 2.600000 9.300000 3.400000 2.600000 2.000000 7.900000 

Avg Classes:
2.482072 7.045153 2.496680 6.972112 2.519256 7.025232 2.520584 6.966799 2.525896 6.812749 
2.442700 6.769231 2.466248 7.087912 2.472527 7.183673 2.525903 6.890110 2.554160 7.221350 
2.550725 8.000000 2.304348 6.318841 2.449275 6.739130 2.565217 6.898551 2.463768 6.869565 
2.413793 8.172414 2.482759 7.965517 2.724138 8.620690 2.620690 6.827586 2.758621 6.517241 
2.600000 7.200000 2.000000 8.400000 2.200000 7.800000 1.600000 6.000000 1.400000 5.000000 
2.000000 3.500000 2.000000 6.500000 2.000000 4.500000 2.000000 5.000000 2.000000 6.250000 
4.000000 8.000000 2.500000 7.000000 2.500000 8.000000 3.500000 10.000000 1.500000 7.000000 
1.000000 2.000000 3.000000 2.000000 4.000000 2.000000 2.000000 2.000000 1.000000 8.000000 
-1.000000 -1.000000 -1.000000 -1.000000 -1.000000 -1.000000 -1.000000 -1.000000 -1.000000 -1.000000 
-1.000000 -1.000000 -1.000000 -1.000000 -1.000000 -1.000000 -1.000000 -1.000000 -1.000000 -1.000000 

Cluster 0 is class 0
Cluster 1 is class 1
Cluster 2 is class 7
Cluster 3 is class 5
Cluster 4 is class 1
Cluster 5 is class 0
Cluster 6 is class 2
Cluster 7 is class 0
Cluster 8 is class 2
Cluster 9 is class 4
Cluster 10 is class 3
Cluster 11 is class 5
Cluster 12 is class 5
Cluster 13 is class 0
Cluster 14 is class 0
Cluster 15 is class 3
Cluster 16 is class 3
Cluster 17 is class 6
Cluster 18 is class 2
Cluster 19 is class 0
Cluster 20 is class 3
Cluster 21 is class 5
Cluster 22 is class 2
Cluster 23 is class 6
Cluster 24 is class 1
Cluster 25 is class 5
Cluster 26 is class 2
Cluster 27 is class 4
Cluster 28 is class 3
Cluster 29 is class 1
Cluster 30 is class 4
Cluster 31 is class 0
Cluster 32 is class 6
Cluster 33 is class 0
Cluster 34 is class 0
Cluster 35 is class 4
Cluster 36 is class 0
Cluster 37 is class 5
Cluster 38 is class 6
Cluster 39 is class 1
Cluster 40 is class 2
Cluster 41 is class 0
Cluster 42 is class 3
Cluster 43 is class 5
Cluster 44 is class 0
Cluster 45 is class 3
Cluster 46 is class 2
Cluster 47 is class 0
Cluster 48 is class 0
Cluster 49 is class 3
Cluster 50 is class 0
Cluster 51 is class 3
Cluster 52 is class 3
Cluster 53 is class 0
Cluster 54 is class 6
Cluster 55 is class 0
Cluster 56 is class 6
Cluster 57 is class 2
Cluster 58 is class 4
Cluster 59 is class 6
Cluster 60 is class 6
Cluster 61 is class 0
Cluster 62 is class 4
Cluster 63 is class 0
Cluster 64 is class 2
Cluster 65 is class 3
Cluster 66 is class 4
Cluster 67 is class 6
Cluster 68 is class 4
Cluster 69 is class 2
Cluster 70 is class 5
Cluster 71 is class 0
Cluster 72 is class 4
Cluster 73 is class 0
Cluster 74 is class 0
Cluster 75 is class 0
Cluster 76 is class 3
Cluster 77 is class 6
Cluster 78 is class 0
Cluster 79 is class 4
Cluster 80 is class 3

Overall Accuracy is 0.202667

