----------------------------For Number of clusters 32----------------------------
Number of Iterations for Kmeans: 30
Avg Clusters:
2.676471 3.735294 2.367647 9.955882 2.573529 4.264706 2.573529 6.911765 2.544118 9.897059 
2.355932 10.067797 2.525424 2.271186 2.661017 8.677966 2.711864 5.915254 2.423729 3.966102 
2.219178 10.260274 2.589041 10.424658 2.876712 4.876712 2.506849 10.273973 2.726027 4.630137 
2.958333 9.500000 2.375000 6.083333 2.604167 2.166667 2.333333 3.354167 2.250000 4.062500 
2.541667 10.736111 2.291667 5.250000 2.458333 10.777778 2.500000 10.888889 2.750000 5.569444 
2.600000 9.980000 2.660000 9.360000 2.520000 3.420000 2.300000 9.160000 2.580000 11.240000 
2.441176 3.014706 2.088235 3.823529 2.529412 10.176471 2.691176 4.117647 2.750000 4.705882 
2.410959 3.657534 2.616438 10.013699 2.356164 11.068493 2.698630 4.219178 2.849315 9.849315 
2.350000 9.700000 2.383333 10.583333 2.400000 9.833333 2.683333 3.300000 2.383333 9.800000 
2.511628 10.186047 2.511628 3.348837 2.558140 9.860465 2.162791 5.186047 2.465116 11.209302 
2.543860 9.035088 2.771930 3.438596 2.298246 5.052632 2.649123 10.929825 2.298246 9.982456 
2.760000 10.620000 2.460000 7.200000 2.440000 10.120000 2.560000 4.180000 2.580000 2.660000 
2.446154 3.646154 2.815385 4.784615 2.523077 3.153846 2.430769 9.307692 2.430769 3.538462 
2.583333 10.250000 2.388889 11.861111 2.250000 11.000000 2.750000 7.611111 2.611111 3.722222 
2.388889 2.796296 2.592593 8.351852 2.481481 9.000000 2.407407 11.537037 2.574074 8.703704 
2.521739 11.000000 2.086957 4.108696 2.195652 3.608696 2.239130 10.304348 2.195652 3.543478 
2.428571 4.380952 2.071429 10.071429 2.380952 3.642857 2.642857 1.857143 2.452381 9.833333 
2.275000 3.125000 2.750000 10.650000 2.625000 5.125000 2.550000 10.225000 2.350000 3.850000 
2.517241 3.827586 2.534483 3.137931 2.793103 9.758621 2.758621 10.000000 2.327586 10.172414 
2.081081 4.837838 2.675676 4.189189 2.837838 10.729730 2.135135 10.810811 2.486486 4.000000 
2.309524 3.523810 2.285714 10.619048 2.714286 9.619048 2.523810 3.166667 2.619048 3.309524 
2.352941 10.313725 2.313725 3.098039 2.274510 2.039216 2.627451 4.431373 2.862745 9.529412 
2.466667 5.111111 2.555556 11.000000 2.377778 11.333333 2.444444 9.844444 2.622222 3.622222 
2.862069 10.758621 2.758621 11.034483 2.482759 4.586207 2.310345 3.482759 2.172414 2.965517 
2.352941 4.000000 2.617647 10.676471 2.411765 3.323529 2.352941 4.117647 2.617647 3.529412 
2.540541 3.351351 2.567568 3.324324 2.648649 3.108108 2.405405 3.000000 2.297297 7.972973 
2.791667 10.666667 2.125000 3.750000 2.291667 11.291667 2.583333 2.333333 2.416667 7.208333 
2.521739 11.260870 2.782609 8.521739 2.826087 4.260870 2.695652 3.304348 2.565217 10.826087 
2.675676 9.540541 2.540541 10.945946 2.351351 10.432432 2.540541 9.972973 2.459459 10.351351 
2.194444 2.166667 2.333333 4.611111 2.000000 3.083333 2.666667 10.250000 2.666667 11.555556 
2.055556 7.277778 2.222222 2.555556 2.555556 6.888889 2.166667 1.833333 2.333333 8.000000 
2.040000 3.400000 2.320000 4.320000 2.440000 7.840000 2.640000 2.720000 2.840000 11.800000 

Avg Classes:
2.482072 7.045153 2.496680 6.972112 2.519256 7.025232 2.520584 6.966799 2.525896 6.812749 
2.442700 6.769231 2.466248 7.087912 2.472527 7.183673 2.525903 6.890110 2.554160 7.221350 
2.550725 8.000000 2.304348 6.318841 2.449275 6.739130 2.565217 6.898551 2.463768 6.869565 
2.413793 8.172414 2.482759 7.965517 2.724138 8.620690 2.620690 6.827586 2.758621 6.517241 
2.600000 7.200000 2.000000 8.400000 2.200000 7.800000 1.600000 6.000000 1.400000 5.000000 
2.000000 3.500000 2.000000 6.500000 2.000000 4.500000 2.000000 5.000000 2.000000 6.250000 
4.000000 8.000000 2.500000 7.000000 2.500000 8.000000 3.500000 10.000000 1.500000 7.000000 
1.000000 2.000000 3.000000 2.000000 4.000000 2.000000 2.000000 2.000000 1.000000 8.000000 
-1.000000 -1.000000 -1.000000 -1.000000 -1.000000 -1.000000 -1.000000 -1.000000 -1.000000 -1.000000 
-1.000000 -1.000000 -1.000000 -1.000000 -1.000000 -1.000000 -1.000000 -1.000000 -1.000000 -1.000000 

Cluster 0 is class 1
Cluster 1 is class 2
Cluster 2 is class 0
Cluster 3 is class 2
Cluster 4 is class 6
Cluster 5 is class 2
Cluster 6 is class 0
Cluster 7 is class 1
Cluster 8 is class 3
Cluster 9 is class 2
Cluster 10 is class 6
Cluster 11 is class 3
Cluster 12 is class 5
Cluster 13 is class 3
Cluster 14 is class 0
Cluster 15 is class 2
Cluster 16 is class 5
Cluster 17 is class 0
Cluster 18 is class 0
Cluster 19 is class 6
Cluster 20 is class 4
Cluster 21 is class 2
Cluster 22 is class 3
Cluster 23 is class 4
Cluster 24 is class 5
Cluster 25 is class 7
Cluster 26 is class 0
Cluster 27 is class 0
Cluster 28 is class 3
Cluster 29 is class 0
Cluster 30 is class 0
Cluster 31 is class 1

Overall Accuracy is 0.218667

