----------------------------For Number of clusters 78----------------------------
Number of Iterations for Kmeans: 20
Avg Clusters:
2.457143 10.028571 2.657143 9.028571 2.685714 4.457143 2.428571 3.771429 2.628571 9.914286 
2.536585 4.634146 2.609756 2.682927 2.804878 9.390244 2.682927 11.268293 2.463415 10.024390 
2.857143 4.542857 2.085714 2.971429 2.371429 10.000000 2.485714 2.742857 2.685714 3.257143 
2.341463 3.097561 2.658537 7.243902 2.439024 7.439024 2.414634 11.804878 2.829268 8.097561 
2.156250 9.156250 2.562500 5.375000 2.437500 11.343750 2.437500 10.218750 2.468750 3.031250 
2.880000 2.960000 2.920000 6.320000 2.560000 10.240000 2.080000 8.760000 2.480000 3.080000 
2.268293 8.634146 2.585366 11.219512 2.512195 6.658537 2.463415 9.536585 2.560976 4.682927 
2.214286 10.464286 2.821429 4.142857 2.642857 2.214286 2.750000 7.392857 2.785714 10.035714 
2.156250 2.531250 2.218750 9.906250 2.750000 9.875000 2.375000 2.593750 3.000000 4.250000 
2.655172 9.000000 2.862069 11.137931 2.379310 3.620690 2.482759 3.344828 2.448276 3.275862 
2.892857 11.214286 2.214286 6.214286 2.821429 10.357143 2.857143 3.250000 3.142857 4.107143 
2.166667 10.500000 2.541667 1.958333 2.500000 11.250000 2.916667 3.500000 1.958333 4.333333 
2.916667 11.041667 2.333333 7.541667 2.125000 3.291667 2.166667 11.750000 2.041667 9.000000 
2.653846 7.884615 2.230769 2.461538 3.038462 9.038462 2.423077 11.269231 2.730769 5.192308 
2.888889 11.666667 2.111111 9.611111 2.555556 7.166667 1.666667 3.222222 2.333333 2.277778 
2.238095 7.666667 2.380952 11.714286 2.476190 10.809524 2.333333 11.285714 2.619048 2.238095 
2.263158 3.000000 2.421053 7.368421 2.315789 2.052632 2.315789 6.157895 3.105263 10.000000 
2.678571 11.321429 2.642857 7.321429 2.642857 8.035714 2.857143 10.250000 2.928571 8.642857 
2.296296 2.666667 2.888889 4.518519 2.481481 3.222222 2.296296 5.370370 2.518519 2.925926 
2.451613 10.354839 2.612903 5.580645 2.580645 10.935484 2.161290 3.290323 2.354839 10.935484 
2.642857 3.178571 2.535714 11.714286 2.428571 10.000000 2.535714 7.821429 2.678571 8.321429 
2.035714 6.035714 2.071429 3.285714 2.392857 3.142857 2.750000 9.357143 2.000000 3.285714 
1.888889 11.740741 2.444444 2.222222 2.111111 4.370370 2.481481 10.851852 2.148148 5.666667 
2.739130 2.391304 2.000000 5.086957 2.652174 11.173913 2.565217 3.652174 2.652174 9.086957 
2.857143 4.142857 2.357143 12.000000 2.714286 11.285714 2.214286 7.142857 2.571429 2.428571 
2.407407 3.074074 2.222222 10.481481 2.481481 5.777778 3.074074 2.925926 2.518519 8.777778 
2.000000 2.571429 2.464286 3.285714 2.500000 5.892857 2.714286 6.071429 2.535714 11.464286 
2.833333 12.500000 2.916667 5.416667 2.083333 10.250000 2.000000 6.833333 1.750000 3.083333 
2.350000 11.550000 2.200000 11.400000 2.400000 8.800000 3.350000 3.700000 1.900000 7.250000 
2.437500 10.875000 1.937500 11.500000 1.750000 10.937500 2.750000 10.875000 2.562500 8.750000 
1.894737 11.631579 2.000000 2.105263 2.473684 4.157895 2.842105 3.526316 2.315789 4.736842 
2.966667 11.500000 2.500000 7.866667 2.733333 2.633333 2.233333 8.766667 2.766667 3.433333 
2.285714 11.428571 2.071429 2.785714 2.928571 8.428571 2.428571 6.214286 2.428571 8.000000 
2.666667 2.250000 2.833333 6.250000 2.833333 6.666667 2.833333 7.583333 1.833333 8.000000 
2.875000 5.416667 2.708333 10.875000 2.541667 3.500000 2.416667 10.625000 2.791667 10.166667 
3.066667 11.200000 2.933333 11.400000 2.466667 12.066667 2.733333 6.400000 2.333333 2.666667 
2.866667 10.733333 2.133333 3.400000 2.333333 2.200000 2.333333 3.800000 2.733333 11.800000 
2.562500 5.500000 2.500000 2.500000 2.500000 2.437500 2.062500 10.875000 2.750000 8.250000 
2.416667 3.625000 2.208333 5.791667 2.583333 5.750000 2.625000 1.958333 2.458333 11.041667 
2.666667 4.238095 2.142857 11.809524 2.380952 2.714286 2.571429 3.571429 2.285714 11.571429 
2.250000 10.375000 2.062500 10.812500 2.375000 2.625000 2.875000 8.062500 2.500000 12.062500 
2.826087 8.000000 2.826087 10.652174 2.695652 10.608696 2.304348 8.173913 2.391304 11.304348 
2.357143 8.857143 2.928571 2.357143 2.071429 7.357143 3.071429 7.500000 2.928571 3.571429 
2.333333 11.083333 1.500000 3.833333 3.166667 7.416667 2.500000 12.083333 2.833333 2.666667 
2.800000 9.800000 2.500000 3.300000 2.150000 1.950000 2.250000 2.750000 2.600000 7.600000 
2.250000 2.562500 2.437500 11.562500 3.250000 5.562500 3.000000 8.687500 2.187500 4.375000 
2.500000 5.666667 2.083333 10.666667 2.333333 12.250000 2.833333 9.250000 3.250000 5.583333 
2.727273 3.545455 2.727273 3.090909 3.181818 12.272727 1.727273 10.545455 2.636364 2.727273 
2.555556 9.333333 2.611111 1.944444 2.222222 10.333333 2.555556 5.388889 2.722222 11.444444 
2.000000 7.000000 1.928571 2.500000 2.428571 7.285714 2.142857 2.000000 2.571429 8.500000 
2.400000 2.100000 2.800000 10.500000 1.800000 10.000000 2.300000 9.000000 2.500000 12.200000 
2.125000 1.875000 3.375000 10.375000 2.500000 6.875000 3.500000 6.000000 2.125000 2.750000 
2.538462 2.076923 2.153846 4.692308 1.846154 4.076923 2.538462 12.076923 2.692308 12.000000 
2.000000 10.928571 2.500000 4.357143 2.214286 12.642857 2.000000 10.571429 2.714286 8.500000 
2.125000 7.250000 2.625000 6.125000 1.750000 2.500000 1.125000 2.125000 3.500000 11.250000 
2.000000 6.263158 2.684211 10.526316 2.789474 1.631579 2.736842 9.263158 2.000000 5.000000 
2.461538 12.230769 2.461538 9.000000 2.923077 10.230769 2.307692 11.846154 3.230769 4.076923 
1.800000 3.533333 2.333333 1.800000 2.066667 11.466667 2.666667 6.466667 2.466667 7.600000 
2.250000 2.875000 3.000000 8.875000 2.250000 12.625000 2.875000 12.000000 2.000000 8.875000 
2.000000 2.000000 2.333333 6.083333 1.750000 2.083333 3.000000 8.916667 2.500000 12.000000 
1.944444 9.944444 2.388889 11.500000 2.000000 7.944444 2.555556 3.166667 2.555556 11.833333 
2.176471 7.176471 2.588235 10.352941 2.294118 11.823529 2.941176 3.352941 2.411765 7.882353 
2.941176 9.000000 2.647059 4.352941 2.470588 6.058824 2.470588 10.117647 2.176471 12.235294 
-1.000000 -1.000000 -1.000000 -1.000000 -1.000000 -1.000000 -1.000000 -1.000000 -1.000000 -1.000000 
2.266667 3.800000 2.466667 3.266667 3.000000 1.666667 3.066667 3.000000 2.266667 8.866667 
2.157895 5.263158 2.210526 12.315789 2.526316 11.315789 2.789474 2.052632 2.894737 10.789474 
2.789474 3.157895 2.736842 7.421053 2.263158 2.789474 2.105263 11.789474 2.263158 3.894737 
2.692308 3.384615 3.153846 5.384615 3.000000 12.307692 3.153846 7.846154 2.538462 11.538462 
2.000000 12.000000 1.777778 12.111111 2.555556 4.111111 2.666667 11.777778 3.222222 3.000000 
3.800000 6.400000 2.600000 7.600000 1.800000 3.200000 2.200000 5.000000 1.600000 1.800000 
2.437500 3.187500 2.375000 11.125000 2.875000 2.062500 2.250000 3.875000 2.562500 4.687500 
2.285714 6.714286 1.928571 8.500000 2.642857 9.214286 2.785714 4.428571 2.071429 2.214286 
1.700000 3.500000 2.700000 10.600000 3.200000 7.800000 2.400000 12.100000 2.500000 3.100000 
3.125000 10.187500 2.625000 6.125000 2.437500 1.750000 2.375000 2.000000 2.187500 3.500000 
2.857143 2.857143 3.000000 9.214286 2.714286 10.857143 2.642857 2.571429 2.785714 9.857143 
3.250000 8.500000 2.625000 7.000000 2.000000 11.375000 2.500000 6.625000 2.125000 6.250000 
2.750000 3.500000 3.000000 1.875000 2.375000 3.250000 2.000000 2.750000 2.375000 6.000000 
3.000000 5.000000 2.750000 9.375000 1.500000 6.000000 2.500000 2.500000 2.625000 3.125000 

Avg Classes:
2.482072 7.045153 2.496680 6.972112 2.519256 7.025232 2.520584 6.966799 2.525896 6.812749 
2.442700 6.769231 2.466248 7.087912 2.472527 7.183673 2.525903 6.890110 2.554160 7.221350 
2.550725 8.000000 2.304348 6.318841 2.449275 6.739130 2.565217 6.898551 2.463768 6.869565 
2.413793 8.172414 2.482759 7.965517 2.724138 8.620690 2.620690 6.827586 2.758621 6.517241 
2.600000 7.200000 2.000000 8.400000 2.200000 7.800000 1.600000 6.000000 1.400000 5.000000 
2.000000 3.500000 2.000000 6.500000 2.000000 4.500000 2.000000 5.000000 2.000000 6.250000 
4.000000 8.000000 2.500000 7.000000 2.500000 8.000000 3.500000 10.000000 1.500000 7.000000 
1.000000 2.000000 3.000000 2.000000 4.000000 2.000000 2.000000 2.000000 1.000000 8.000000 
-1.000000 -1.000000 -1.000000 -1.000000 -1.000000 -1.000000 -1.000000 -1.000000 -1.000000 -1.000000 
-1.000000 -1.000000 -1.000000 -1.000000 -1.000000 -1.000000 -1.000000 -1.000000 -1.000000 -1.000000 

Cluster 0 is class 2
Cluster 1 is class 6
Cluster 2 is class 0
Cluster 3 is class 6
Cluster 4 is class 3
Cluster 5 is class 0
Cluster 6 is class 0
Cluster 7 is class 2
Cluster 8 is class 4
Cluster 9 is class 4
Cluster 10 is class 3
Cluster 11 is class 0
Cluster 12 is class 6
Cluster 13 is class 6
Cluster 14 is class 4
Cluster 15 is class 3
Cluster 16 is class 5
Cluster 17 is class 6
Cluster 18 is class 5
Cluster 19 is class 3
Cluster 20 is class 1
Cluster 21 is class 0
Cluster 22 is class 2
Cluster 23 is class 0
Cluster 24 is class 4
Cluster 25 is class 5
Cluster 26 is class 5
Cluster 27 is class 3
Cluster 28 is class 3
Cluster 29 is class 3
Cluster 30 is class 2
Cluster 31 is class 2
Cluster 32 is class 2
Cluster 33 is class 1
Cluster 34 is class 0
Cluster 35 is class 3
Cluster 36 is class 2
Cluster 37 is class 0
Cluster 38 is class 5
Cluster 39 is class 5
Cluster 40 is class 0
Cluster 41 is class 1
Cluster 42 is class 2
Cluster 43 is class 2
Cluster 44 is class 2
Cluster 45 is class 4
Cluster 46 is class 3
Cluster 47 is class 6
Cluster 48 is class 1
Cluster 49 is class 0
Cluster 50 is class 0
Cluster 51 is class 4
Cluster 52 is class 0
Cluster 53 is class 6
Cluster 54 is class 5
Cluster 55 is class 0
Cluster 56 is class 6
Cluster 57 is class 0
Cluster 58 is class 6
Cluster 59 is class 5
Cluster 60 is class 3
Cluster 61 is class 3
Cluster 62 is class 2
Cluster 63 is class 8
Cluster 64 is class 7
Cluster 65 is class 3
Cluster 66 is class 5
Cluster 67 is class 1
Cluster 68 is class 0
Cluster 69 is class 5
Cluster 70 is class 5
Cluster 71 is class 4
Cluster 72 is class 4
Cluster 73 is class 0
Cluster 74 is class 1
Cluster 75 is class 3
Cluster 76 is class 7
Cluster 77 is class 4

Overall Accuracy is 0.160000

