----------------------------For Number of clusters 8----------------------------
Number of Iterations for Kmeans: 34
Avg Clusters:
2.397887 5.144366 2.545775 4.616197 2.478873 5.915493 2.588028 10.714789 2.464789 8.507042 
2.478088 11.027888 2.414343 4.462151 2.470120 9.099602 2.569721 5.446215 2.434263 6.231076 
2.525114 10.365297 2.484018 9.118721 2.602740 3.415525 2.493151 7.963470 2.497717 5.926941 
2.438889 5.188889 2.416667 5.233333 2.461111 3.250000 2.488889 3.166667 2.550000 9.183333 
2.448864 7.409091 2.545455 9.698864 2.539773 10.892045 2.386364 10.250000 2.630682 4.590909 
2.483871 3.669355 2.451613 10.500000 2.588710 6.282258 2.524194 5.008065 2.572581 3.572581 
2.564815 3.444444 2.296296 3.851852 2.481481 10.675926 2.601852 4.333333 2.657407 5.629630 
2.468354 5.759494 2.531646 10.892405 2.373418 9.556962 2.512658 4.835443 2.607595 10.601266 

Avg Classes:
2.482072 7.045153 2.496680 6.972112 2.519256 7.025232 2.520584 6.966799 2.525896 6.812749 
2.442700 6.769231 2.466248 7.087912 2.472527 7.183673 2.525903 6.890110 2.554160 7.221350 
2.550725 8.000000 2.304348 6.318841 2.449275 6.739130 2.565217 6.898551 2.463768 6.869565 
2.413793 8.172414 2.482759 7.965517 2.724138 8.620690 2.620690 6.827586 2.758621 6.517241 
2.600000 7.200000 2.000000 8.400000 2.200000 7.800000 1.600000 6.000000 1.400000 5.000000 
2.000000 3.500000 2.000000 6.500000 2.000000 4.500000 2.000000 5.000000 2.000000 6.250000 
4.000000 8.000000 2.500000 7.000000 2.500000 8.000000 3.500000 10.000000 1.500000 7.000000 
1.000000 2.000000 3.000000 2.000000 4.000000 2.000000 2.000000 2.000000 1.000000 8.000000 
-1.000000 -1.000000 -1.000000 -1.000000 -1.000000 -1.000000 -1.000000 -1.000000 -1.000000 -1.000000 
-1.000000 -1.000000 -1.000000 -1.000000 -1.000000 -1.000000 -1.000000 -1.000000 -1.000000 -1.000000 

Cluster 0 is class 0
Cluster 1 is class 2
Cluster 2 is class 0
Cluster 3 is class 5
Cluster 4 is class 3
Cluster 5 is class 4
Cluster 6 is class 0
Cluster 7 is class 0

Overall Accuracy is 0.274000

