----------------------------For Number of clusters 77----------------------------
Number of Iterations for Kmeans: 21
Avg Clusters:
2.604651 10.069767 2.418605 9.906977 2.767442 4.465116 2.418605 3.232558 2.395349 9.023256 
2.605263 4.500000 2.605263 2.605263 2.815789 9.342105 2.684211 11.236842 2.447368 9.894737 
2.781250 4.250000 2.000000 3.375000 2.343750 9.656250 2.406250 2.593750 2.843750 2.843750 
2.256410 2.871795 2.641026 7.102564 2.435897 7.487179 2.307692 11.820513 2.897436 8.256410 
2.205882 9.764706 2.588235 4.941176 2.529412 11.088235 2.500000 10.235294 2.529412 3.470588 
2.500000 3.076923 3.000000 4.423077 2.769231 10.384615 2.192308 8.500000 2.923077 2.692308 
2.325000 9.800000 2.575000 10.925000 2.625000 5.925000 2.450000 10.125000 2.750000 5.350000 
2.218750 10.156250 2.875000 4.687500 2.625000 2.468750 2.656250 7.468750 2.593750 10.093750 
2.218750 2.812500 2.250000 9.687500 2.812500 9.593750 2.500000 2.593750 3.125000 4.406250 
2.656250 8.937500 2.656250 11.281250 2.187500 4.000000 2.531250 3.750000 2.406250 2.781250 
2.812500 11.531250 2.156250 6.781250 2.656250 9.281250 2.437500 2.656250 2.937500 3.937500 
2.346154 10.269231 2.461538 2.500000 2.423077 11.884615 2.884615 3.769231 2.192308 4.500000 
3.043478 11.304348 2.391304 7.086957 2.086957 3.000000 2.304348 11.217391 2.217391 8.565217 
2.521739 8.347826 2.086957 2.478261 3.130435 9.086957 2.565217 11.478261 2.695652 5.478261 
2.850000 10.250000 2.600000 9.300000 3.000000 8.350000 2.250000 5.800000 2.400000 2.150000 
2.130435 7.869565 2.347826 11.782609 2.347826 10.565217 2.391304 11.173913 2.652174 2.565217 
2.157895 2.736842 2.473684 7.526316 2.421053 1.789474 2.263158 6.157895 2.947368 9.736842 
2.739130 11.043478 2.695652 7.391304 2.565217 8.086957 2.739130 10.478261 3.043478 9.652174 
2.307692 2.653846 2.846154 4.500000 2.500000 3.076923 2.307692 5.384615 2.538462 2.961538 
2.464286 10.392857 2.500000 5.250000 2.750000 10.750000 2.071429 3.214286 2.357143 10.892857 
2.515152 3.878788 2.424242 11.969697 2.636364 9.969697 2.545455 7.636364 2.757576 8.090909 
2.115385 5.807692 2.038462 3.076923 2.384615 3.115385 2.730769 9.461538 2.000000 3.461538 
2.000000 11.821429 2.464286 2.214286 2.107143 4.500000 2.571429 11.000000 2.178571 5.607143 
2.777778 2.592593 2.037037 4.814815 2.666667 11.074074 2.629630 3.740741 2.592593 8.851852 
3.111111 4.055556 2.222222 11.055556 2.611111 11.555556 2.000000 7.944444 2.666667 2.555556 
2.275862 3.551724 2.275862 10.103448 2.482759 5.862069 3.068966 2.758621 2.413793 9.137931 
2.041667 2.291667 2.375000 3.333333 2.500000 6.083333 2.625000 6.000000 2.625000 11.833333 
2.800000 12.466667 2.733333 5.533333 2.000000 10.000000 2.133333 7.200000 1.600000 3.400000 
2.250000 11.562500 2.625000 11.562500 2.375000 9.937500 3.312500 4.500000 2.062500 7.125000 
2.437500 10.875000 1.937500 11.500000 1.750000 10.937500 2.750000 10.875000 2.562500 8.750000 
1.800000 11.550000 2.100000 1.700000 2.700000 4.550000 2.750000 3.050000 2.100000 4.450000 
2.600000 11.000000 2.440000 7.200000 2.840000 2.840000 2.400000 9.040000 2.760000 2.640000 
2.125000 11.437500 2.062500 2.875000 2.750000 7.500000 2.562500 6.187500 2.437500 7.875000 
2.750000 3.187500 2.625000 6.125000 2.687500 6.062500 3.250000 7.875000 1.875000 8.375000 
2.700000 5.300000 2.800000 11.100000 2.500000 3.500000 2.200000 11.200000 2.650000 9.900000 
3.083333 11.416667 2.750000 11.583333 2.416667 12.500000 2.833333 6.333333 2.250000 2.666667 
2.866667 10.733333 2.133333 3.400000 2.333333 2.200000 2.333333 3.800000 2.733333 11.800000 
2.562500 5.500000 2.500000 2.500000 2.500000 2.437500 2.062500 10.875000 2.750000 8.250000 
2.363636 3.500000 2.181818 5.636364 2.590909 5.727273 2.636364 1.909091 2.454545 11.136364 
3.000000 3.473684 2.052632 11.894737 2.263158 2.736842 2.684211 4.263158 2.526316 11.578947 
2.388889 10.333333 1.833333 10.666667 2.277778 2.777778 2.833333 8.222222 2.500000 12.222222 
2.913043 7.956522 2.869565 10.391304 2.521739 11.173913 2.391304 7.565217 2.478261 11.434783 
2.357143 8.857143 2.928571 2.357143 2.071429 7.357143 3.071429 7.500000 2.928571 3.571429 
2.571429 9.714286 1.285714 4.142857 3.000000 6.714286 1.571429 12.714286 3.000000 2.000000 
2.714286 9.809524 2.666667 3.428571 2.095238 2.095238 2.333333 2.809524 2.666667 7.714286 
2.312500 2.562500 2.437500 11.375000 3.062500 5.625000 2.812500 8.687500 2.187500 4.500000 
2.466667 5.933333 2.600000 9.133333 1.933333 12.133333 2.733333 9.400000 2.666667 6.133333 
3.222222 5.000000 2.555556 5.333333 2.777778 12.555556 1.444444 12.444444 2.111111 3.000000 
2.470588 9.294118 2.588235 2.000000 2.117647 10.294118 2.529412 5.117647 2.705882 11.470588 
2.000000 7.000000 1.928571 2.500000 2.428571 7.285714 2.142857 2.000000 2.571429 8.500000 
2.400000 2.100000 2.800000 10.500000 1.800000 10.000000 2.300000 9.000000 2.500000 12.200000 
2.222222 1.888889 3.444444 10.444444 2.666667 6.666667 3.555556 6.333333 2.111111 2.555556 
2.538462 2.076923 2.153846 4.692308 1.846154 4.076923 2.538462 12.076923 2.692308 12.000000 
2.250000 10.687500 2.562500 3.625000 2.562500 11.750000 2.125000 11.125000 2.375000 10.000000 
2.222222 7.444444 2.444444 6.111111 2.000000 2.888889 1.222222 2.111111 3.222222 11.222222 
2.000000 6.263158 2.684211 10.526316 2.789474 1.631579 2.736842 9.263158 2.000000 5.000000 
2.666667 12.333333 2.333333 8.444444 2.777778 11.000000 2.444444 12.000000 3.333333 4.777778 
1.875000 3.625000 2.437500 1.750000 2.000000 11.375000 2.687500 6.437500 2.375000 7.375000 
2.500000 2.375000 2.875000 9.125000 2.125000 12.250000 2.750000 12.125000 2.125000 8.875000 
2.000000 2.000000 2.333333 6.083333 1.750000 2.083333 3.000000 8.916667 2.500000 12.000000 
1.937500 10.250000 2.312500 11.312500 1.937500 7.937500 2.437500 3.125000 2.687500 12.000000 
2.187500 7.812500 2.750000 10.687500 2.125000 11.937500 3.000000 3.000000 2.250000 8.062500 
2.875000 8.812500 2.750000 4.375000 2.437500 5.562500 2.687500 9.812500 2.437500 12.125000 
-1.000000 -1.000000 -1.000000 -1.000000 -1.000000 -1.000000 -1.000000 -1.000000 -1.000000 -1.000000 
2.187500 3.750000 2.562500 3.187500 2.937500 1.812500 3.000000 3.000000 2.375000 8.937500 
2.117647 5.117647 2.058824 12.411765 2.647059 11.235294 2.764706 2.117647 2.705882 10.941176 
2.722222 3.055556 2.777778 7.333333 2.333333 2.833333 2.111111 11.722222 2.277778 3.722222 
2.666667 3.250000 3.083333 5.166667 3.000000 12.250000 3.166667 7.916667 2.500000 11.666667 
2.100000 11.500000 2.300000 12.000000 3.100000 4.300000 2.700000 12.000000 2.900000 2.200000 
3.545455 5.636364 2.636364 8.090909 2.000000 4.818182 2.636364 4.545455 2.181818 2.000000 
2.588235 3.235294 2.352941 11.294118 2.764706 2.470588 2.117647 3.470588 2.647059 4.647059 
1.888889 5.333333 2.222222 11.333333 2.333333 10.888889 2.555556 3.000000 1.666667 1.777778 
1.933333 3.933333 2.533333 10.266667 3.066667 7.866667 2.400000 11.933333 2.333333 3.666667 
3.125000 10.187500 2.625000 6.125000 2.437500 1.750000 2.375000 2.000000 2.187500 3.500000 
2.647059 3.235294 3.058824 9.294118 2.470588 10.882353 2.764706 2.470588 2.882353 9.647059 
3.428571 8.142857 2.857143 6.857143 2.142857 11.428571 2.428571 6.428571 2.285714 6.285714 
2.750000 3.500000 3.000000 1.875000 2.375000 3.250000 2.000000 2.750000 2.375000 6.000000 

Avg Classes:
2.482072 7.045153 2.496680 6.972112 2.519256 7.025232 2.520584 6.966799 2.525896 6.812749 
2.442700 6.769231 2.466248 7.087912 2.472527 7.183673 2.525903 6.890110 2.554160 7.221350 
2.550725 8.000000 2.304348 6.318841 2.449275 6.739130 2.565217 6.898551 2.463768 6.869565 
2.413793 8.172414 2.482759 7.965517 2.724138 8.620690 2.620690 6.827586 2.758621 6.517241 
2.600000 7.200000 2.000000 8.400000 2.200000 7.800000 1.600000 6.000000 1.400000 5.000000 
2.000000 3.500000 2.000000 6.500000 2.000000 4.500000 2.000000 5.000000 2.000000 6.250000 
4.000000 8.000000 2.500000 7.000000 2.500000 8.000000 3.500000 10.000000 1.500000 7.000000 
1.000000 2.000000 3.000000 2.000000 4.000000 2.000000 2.000000 2.000000 1.000000 8.000000 
-1.000000 -1.000000 -1.000000 -1.000000 -1.000000 -1.000000 -1.000000 -1.000000 -1.000000 -1.000000 
-1.000000 -1.000000 -1.000000 -1.000000 -1.000000 -1.000000 -1.000000 -1.000000 -1.000000 -1.000000 

Cluster 0 is class 0
Cluster 1 is class 6
Cluster 2 is class 0
Cluster 3 is class 0
Cluster 4 is class 6
Cluster 5 is class 0
Cluster 6 is class 3
Cluster 7 is class 0
Cluster 8 is class 4
Cluster 9 is class 4
Cluster 10 is class 2
Cluster 11 is class 2
Cluster 12 is class 2
Cluster 13 is class 6
Cluster 14 is class 4
Cluster 15 is class 3
Cluster 16 is class 5
Cluster 17 is class 6
Cluster 18 is class 5
Cluster 19 is class 0
Cluster 20 is class 0
Cluster 21 is class 2
Cluster 22 is class 2
Cluster 23 is class 0
Cluster 24 is class 4
Cluster 25 is class 5
Cluster 26 is class 5
Cluster 27 is class 2
Cluster 28 is class 3
Cluster 29 is class 3
Cluster 30 is class 2
Cluster 31 is class 2
Cluster 32 is class 2
Cluster 33 is class 0
Cluster 34 is class 0
Cluster 35 is class 3
Cluster 36 is class 2
Cluster 37 is class 0
Cluster 38 is class 5
Cluster 39 is class 5
Cluster 40 is class 0
Cluster 41 is class 1
Cluster 42 is class 2
Cluster 43 is class 6
Cluster 44 is class 0
Cluster 45 is class 4
Cluster 46 is class 3
Cluster 47 is class 6
Cluster 48 is class 1
Cluster 49 is class 0
Cluster 50 is class 0
Cluster 51 is class 4
Cluster 52 is class 0
Cluster 53 is class 6
Cluster 54 is class 0
Cluster 55 is class 0
Cluster 56 is class 6
Cluster 57 is class 0
Cluster 58 is class 1
Cluster 59 is class 5
Cluster 60 is class 3
Cluster 61 is class 3
Cluster 62 is class 0
Cluster 63 is class 8
Cluster 64 is class 7
Cluster 65 is class 3
Cluster 66 is class 5
Cluster 67 is class 1
Cluster 68 is class 0
Cluster 69 is class 4
Cluster 70 is class 5
Cluster 71 is class 4
Cluster 72 is class 6
Cluster 73 is class 0
Cluster 74 is class 0
Cluster 75 is class 3
Cluster 76 is class 7

Overall Accuracy is 0.202000

