----------------------------For Number of clusters 60----------------------------
Number of Iterations for Kmeans: 23
Avg Clusters:
2.564103 7.538462 2.615385 11.025641 2.641026 3.615385 2.487179 9.538462 2.589744 8.538462 
2.461538 3.826923 2.211538 10.480769 2.288462 2.903846 2.673077 3.365385 2.461538 10.076923 
2.146341 2.731707 2.707317 7.073171 2.439024 9.341463 2.487805 11.487805 2.317073 7.829268 
2.191489 3.106383 2.489362 4.170213 2.617021 5.106383 2.659574 3.595745 2.361702 10.234043 
2.689655 11.034483 2.482759 8.689655 2.482759 3.034483 2.310345 9.551724 2.206897 11.413793 
2.297297 3.054054 2.621622 3.918919 2.567568 3.108108 2.432432 4.675676 2.432432 3.567568 
2.307692 7.807692 2.461538 7.192308 2.346154 6.076923 2.500000 2.576923 3.076923 11.346154 
2.848485 10.848485 2.272727 3.787879 2.393939 2.151515 2.454545 2.545455 2.393939 5.545455 
2.181818 5.969697 2.121212 3.060606 2.272727 3.939394 2.606061 9.757576 2.212121 3.393939 
2.382353 11.147059 2.676471 4.176471 2.029412 5.176471 2.764706 11.500000 2.382353 8.647059 
2.853659 11.731707 2.682927 9.390244 2.170732 6.170732 2.097561 4.243902 2.536585 2.829268 
2.500000 3.131579 2.657895 4.052632 2.763158 8.500000 2.289474 10.736842 2.263158 11.842105 
2.333333 3.818182 2.636364 11.272727 2.787879 7.878788 2.787879 10.484848 2.666667 4.909091 
2.604167 3.479167 2.125000 3.958333 2.479167 11.458333 2.708333 4.187500 2.687500 8.583333 
2.300000 2.800000 2.050000 8.650000 2.200000 2.700000 2.750000 10.150000 2.900000 11.000000 
2.666667 4.633333 2.666667 11.200000 2.500000 3.933333 2.100000 3.966667 2.466667 3.266667 
2.600000 7.040000 2.480000 2.480000 1.920000 2.080000 2.240000 3.800000 2.720000 10.160000 
2.388889 11.583333 2.083333 4.083333 2.666667 10.194444 2.138889 4.194444 2.361111 8.333333 
2.458333 11.875000 2.583333 4.458333 2.791667 2.125000 2.791667 5.208333 3.125000 10.541667 
2.454545 8.181818 2.431818 10.727273 2.113636 11.295455 2.818182 3.477273 2.363636 9.681818 
2.500000 10.437500 2.187500 4.281250 2.687500 10.187500 2.343750 10.875000 2.593750 2.875000 
2.774194 3.677419 2.225806 3.258065 2.548387 10.354839 2.548387 4.193548 2.870968 2.225806 
2.892857 4.214286 2.678571 6.607143 2.785714 11.607143 1.678571 10.035714 2.500000 2.785714 
2.500000 3.923077 2.846154 8.153846 2.307692 2.269231 2.269231 11.038462 2.076923 3.769231 
2.484848 3.212121 2.727273 10.818182 2.666667 10.969697 2.848485 2.181818 2.848485 8.939394 
2.250000 3.708333 2.750000 2.166667 2.750000 9.458333 3.041667 9.958333 2.583333 7.666667 
2.869565 8.869565 2.913043 4.000000 2.695652 6.739130 2.565217 8.565217 2.565217 12.260870 
2.360000 8.040000 2.600000 7.720000 2.000000 11.840000 2.600000 9.160000 2.840000 7.080000 
2.694444 10.472222 2.416667 7.583333 2.861111 2.888889 2.444444 9.833333 2.666667 3.083333 
2.424242 11.666667 2.181818 10.272727 2.212121 9.636364 3.000000 10.787879 3.000000 7.787879 
1.772727 6.954545 2.318182 12.090909 2.409091 11.727273 2.227273 10.090909 2.636364 2.590909 
2.714286 4.571429 2.714286 3.190476 2.428571 2.809524 2.238095 11.238095 2.714286 8.333333 
2.315789 10.368421 2.631579 4.105263 2.684211 11.368421 3.078947 3.289474 2.368421 3.210526 
2.761905 9.476190 2.952381 2.285714 2.380952 8.047619 2.809524 7.714286 2.476190 3.904762 
3.086957 11.260870 2.869565 11.565217 2.434783 11.217391 3.000000 5.565217 2.217391 3.304348 
2.615385 10.461538 2.230769 10.461538 2.923077 4.961538 2.346154 3.423077 2.230769 8.653846 
2.450000 9.350000 2.400000 11.700000 2.950000 7.500000 2.400000 9.850000 2.700000 3.850000 
1.947368 11.368421 2.684211 11.421053 2.210526 7.842105 3.000000 4.789474 2.684211 10.789474 
2.526316 8.210526 3.000000 10.894737 2.578947 10.263158 2.210526 9.473684 2.105263 11.578947 
3.000000 2.300000 2.500000 9.200000 3.400000 6.400000 2.100000 2.500000 2.800000 10.900000 
2.217391 3.869565 2.173913 11.260870 2.739130 10.260870 2.173913 3.304348 2.304348 2.391304 
3.500000 11.000000 1.500000 1.500000 1.500000 11.500000 1.000000 3.750000 2.750000 1.250000 
2.850000 8.900000 2.700000 8.550000 2.250000 2.150000 2.250000 3.150000 2.550000 3.150000 
2.111111 11.611111 2.166667 2.166667 2.388889 3.388889 2.388889 10.333333 2.055556 4.277778 
2.238095 2.952381 2.904762 10.666667 2.285714 10.761905 2.476190 7.047619 2.476190 10.761905 
2.266667 7.800000 2.400000 3.000000 3.133333 9.933333 2.933333 11.933333 2.666667 5.866667 
2.400000 10.000000 2.666667 2.933333 2.266667 11.466667 1.866667 4.066667 2.400000 12.333333 
3.166667 2.250000 1.916667 11.833333 2.833333 10.583333 3.000000 7.166667 2.833333 5.416667 
2.000000 1.812500 2.562500 4.125000 1.812500 3.062500 3.000000 8.312500 2.500000 12.187500 
2.000000 12.222222 1.888889 12.000000 2.444444 4.000000 2.777778 11.777778 3.222222 3.555556 
2.214286 8.142857 1.500000 7.285714 3.142857 8.000000 2.857143 5.642857 2.142857 3.571429 
2.250000 6.937500 2.500000 2.625000 2.500000 7.687500 2.125000 2.125000 2.437500 7.812500 
2.133333 1.933333 2.800000 10.266667 2.733333 4.800000 3.066667 7.333333 1.866667 3.200000 
2.466667 9.866667 2.333333 2.466667 2.133333 11.466667 2.466667 11.666667 2.333333 10.600000 
3.125000 2.000000 2.125000 11.750000 2.125000 8.625000 2.125000 10.000000 2.875000 10.250000 
1.600000 6.600000 3.600000 11.400000 2.400000 6.000000 1.200000 12.400000 2.000000 2.200000 
2.066667 11.933333 2.133333 2.333333 2.466667 5.400000 2.933333 5.466667 2.533333 6.600000 
3.000000 2.400000 2.600000 8.000000 2.700000 4.600000 2.500000 11.500000 2.800000 7.300000 
2.210526 2.789474 1.789474 8.105263 2.842105 8.105263 2.736842 2.789474 3.421053 5.105263 
2.200000 12.000000 2.500000 8.000000 3.200000 11.800000 1.800000 11.400000 3.000000 4.200000 

Avg Classes:
2.482072 7.045153 2.496680 6.972112 2.519256 7.025232 2.520584 6.966799 2.525896 6.812749 
2.442700 6.769231 2.466248 7.087912 2.472527 7.183673 2.525903 6.890110 2.554160 7.221350 
2.550725 8.000000 2.304348 6.318841 2.449275 6.739130 2.565217 6.898551 2.463768 6.869565 
2.413793 8.172414 2.482759 7.965517 2.724138 8.620690 2.620690 6.827586 2.758621 6.517241 
2.600000 7.200000 2.000000 8.400000 2.200000 7.800000 1.600000 6.000000 1.400000 5.000000 
2.000000 3.500000 2.000000 6.500000 2.000000 4.500000 2.000000 5.000000 2.000000 6.250000 
4.000000 8.000000 2.500000 7.000000 2.500000 8.000000 3.500000 10.000000 1.500000 7.000000 
1.000000 2.000000 3.000000 2.000000 4.000000 2.000000 2.000000 2.000000 1.000000 8.000000 
-1.000000 -1.000000 -1.000000 -1.000000 -1.000000 -1.000000 -1.000000 -1.000000 -1.000000 -1.000000 
-1.000000 -1.000000 -1.000000 -1.000000 -1.000000 -1.000000 -1.000000 -1.000000 -1.000000 -1.000000 

Cluster 0 is class 0
Cluster 1 is class 5
Cluster 2 is class 0
Cluster 3 is class 5
Cluster 4 is class 0
Cluster 5 is class 5
Cluster 6 is class 0
Cluster 7 is class 2
Cluster 8 is class 0
Cluster 9 is class 6
Cluster 10 is class 4
Cluster 11 is class 1
Cluster 12 is class 0
Cluster 13 is class 1
Cluster 14 is class 1
Cluster 15 is class 5
Cluster 16 is class 7
Cluster 17 is class 2
Cluster 18 is class 2
Cluster 19 is class 3
Cluster 20 is class 6
Cluster 21 is class 4
Cluster 22 is class 0
Cluster 23 is class 0
Cluster 24 is class 0
Cluster 25 is class 1
Cluster 26 is class 0
Cluster 27 is class 3
Cluster 28 is class 2
Cluster 29 is class 6
Cluster 30 is class 3
Cluster 31 is class 0
Cluster 32 is class 2
Cluster 33 is class 2
Cluster 34 is class 3
Cluster 35 is class 0
Cluster 36 is class 3
Cluster 37 is class 3
Cluster 38 is class 3
Cluster 39 is class 5
Cluster 40 is class 4
Cluster 41 is class 4
Cluster 42 is class 4
Cluster 43 is class 2
Cluster 44 is class 0
Cluster 45 is class 6
Cluster 46 is class 1
Cluster 47 is class 0
Cluster 48 is class 5
Cluster 49 is class 0
Cluster 50 is class 4
Cluster 51 is class 0
Cluster 52 is class 5
Cluster 53 is class 6
Cluster 54 is class 0
Cluster 55 is class 0
Cluster 56 is class 2
Cluster 57 is class 1
Cluster 58 is class 4
Cluster 59 is class 3

Overall Accuracy is 0.208667

