----------------------------For Number of clusters 62----------------------------
Number of Iterations for Kmeans: 18
Avg Clusters:
2.525000 7.350000 2.575000 11.050000 2.875000 3.850000 2.550000 9.825000 2.550000 8.325000 
2.409091 3.772727 2.136364 11.295455 2.318182 3.613636 2.704545 2.931818 2.522727 9.568182 
2.162791 2.744186 2.674419 7.093023 2.395349 9.279070 2.418605 11.418605 2.302326 7.767442 
2.478261 3.000000 2.695652 8.434783 2.695652 2.608696 2.521739 6.695652 2.913043 10.826087 
2.636364 10.787879 2.575758 8.515152 2.484848 3.272727 2.484848 9.212121 2.333333 11.545455 
2.351351 3.648649 2.216216 3.594595 2.972973 2.945946 2.783784 2.918919 2.189189 6.216216 
2.225806 7.451613 2.322581 6.419355 2.516129 6.290323 2.677419 2.290323 3.032258 11.290323 
2.823529 10.882353 2.294118 3.823529 2.352941 2.264706 2.470588 2.588235 2.441176 5.470588 
2.382353 3.941176 2.735294 3.117647 2.441176 3.647059 2.558824 8.705882 2.264706 2.941176 
2.454545 11.151515 2.727273 3.969697 2.030303 5.060606 2.727273 11.454545 2.272727 8.757576 
2.904762 11.595238 2.642857 9.571429 2.261905 5.904762 2.095238 4.190476 2.547619 2.904762 
2.529412 3.147059 2.617647 4.088235 2.735294 8.735294 2.117647 10.735294 2.235294 11.823529 
2.289474 4.394737 2.500000 11.578947 2.473684 9.789474 2.842105 9.842105 2.710526 5.526316 
2.543478 3.717391 2.108696 3.978261 2.565217 11.652174 2.695652 4.347826 2.630435 8.500000 
2.250000 2.200000 1.950000 5.650000 1.650000 2.400000 2.700000 11.050000 2.950000 11.200000 
2.733333 4.866667 2.700000 11.166667 2.433333 4.133333 2.200000 4.200000 2.333333 3.066667 
2.565217 7.478261 2.304348 2.608696 1.826087 2.130435 2.260870 3.869565 2.869565 10.391304 
2.411765 11.529412 2.117647 3.911765 2.588235 10.058824 2.147059 4.088235 2.382353 8.411765 
2.434783 11.913043 2.652174 4.565217 2.782609 2.173913 2.869565 5.217391 3.086957 10.565217 
2.363636 8.363636 2.568182 10.681818 2.113636 11.272727 2.818182 3.454545 2.340909 9.795455 
2.529412 10.558824 2.117647 4.382353 2.588235 9.941176 2.352941 10.852941 2.617647 2.941176 
2.676471 3.529412 2.264706 3.235294 2.529412 10.117647 2.529412 4.176471 2.882353 2.382353 
2.814815 4.407407 2.777778 6.629630 2.851852 11.814815 1.777778 10.148148 2.407407 2.703704 
2.380952 2.666667 2.761905 9.333333 2.714286 5.428571 2.428571 10.380952 2.000000 2.380952 
2.514286 3.114286 2.571429 10.714286 2.600000 11.142857 2.828571 2.457143 2.771429 8.942857 
2.250000 3.708333 2.750000 2.166667 2.750000 9.458333 3.041667 9.958333 2.583333 7.666667 
2.954545 8.909091 2.863636 3.954545 2.636364 6.909091 2.590909 8.545455 2.545455 12.227273 
2.200000 10.120000 2.600000 6.880000 2.200000 11.080000 2.680000 9.600000 2.960000 7.080000 
2.405405 8.297297 2.594595 8.351351 2.621622 2.378378 2.621622 9.675676 2.324324 3.459459 
2.600000 11.350000 2.000000 10.900000 2.200000 9.700000 2.950000 11.750000 2.450000 7.600000 
1.700000 7.500000 2.300000 11.800000 2.400000 11.300000 2.400000 10.250000 2.650000 2.150000 
2.533333 6.200000 2.600000 2.733333 2.600000 2.533333 2.266667 10.800000 2.666667 8.533333 
2.324324 10.459459 2.621622 4.000000 2.729730 11.351351 3.081081 3.324324 2.378378 3.243243 
2.833333 9.208333 2.833333 2.291667 2.333333 7.833333 2.708333 7.958333 2.625000 3.750000 
3.086957 11.173913 2.782609 11.478261 2.391304 11.086957 3.043478 5.478261 2.217391 3.478261 
2.133333 10.800000 2.333333 10.900000 2.666667 5.766667 2.333333 3.366667 2.466667 9.100000 
2.428571 10.571429 2.785714 12.142857 2.714286 8.285714 2.357143 10.428571 3.071429 4.000000 
2.428571 12.142857 2.500000 10.142857 2.571429 9.285714 2.642857 7.357143 2.357143 10.000000 
2.785714 7.500000 2.357143 11.928571 1.857143 7.071429 2.571429 6.571429 2.785714 12.285714 
2.304348 2.347826 2.478261 6.347826 2.739130 6.434783 2.173913 2.521739 2.391304 10.869565 
2.000000 4.400000 2.250000 11.050000 2.500000 10.400000 2.400000 3.000000 2.200000 2.300000 
3.500000 11.000000 1.500000 1.500000 1.500000 11.500000 1.000000 3.750000 2.750000 1.250000 
2.904762 8.857143 2.761905 8.380952 2.476190 2.000000 2.238095 3.285714 2.523810 3.380952 
2.250000 11.178571 1.928571 3.250000 2.321429 3.214286 2.357143 10.464286 2.142857 3.642857 
2.500000 3.250000 3.150000 9.600000 2.100000 11.450000 2.450000 7.650000 2.350000 10.850000 
2.187500 7.687500 2.437500 2.937500 3.187500 9.750000 2.812500 11.812500 2.687500 5.812500 
2.400000 10.000000 2.666667 2.933333 2.266667 11.466667 1.866667 4.066667 2.400000 12.333333 
3.200000 2.066667 2.200000 11.733333 3.200000 9.000000 2.133333 6.000000 2.800000 3.800000 
2.142857 3.071429 2.357143 3.071429 2.214286 5.642857 3.142857 7.285714 2.285714 10.857143 
2.687500 12.375000 2.062500 10.437500 3.125000 4.187500 2.562500 10.812500 3.375000 3.250000 
2.214286 8.142857 1.500000 7.285714 3.142857 8.000000 2.857143 5.642857 2.142857 3.571429 
2.437500 6.625000 2.500000 2.625000 2.437500 7.625000 2.000000 2.125000 2.250000 7.687500 
1.466667 1.600000 2.866667 8.400000 2.266667 1.800000 2.466667 8.000000 2.266667 4.800000 
2.466667 9.866667 2.333333 2.466667 2.133333 11.466667 2.466667 11.666667 2.333333 10.600000 
3.000000 2.200000 2.100000 11.900000 2.500000 8.400000 2.100000 10.100000 2.800000 10.500000 
1.750000 7.250000 4.000000 11.750000 2.000000 6.000000 1.250000 12.250000 2.000000 2.250000 
2.000000 12.142857 2.142857 2.357143 2.500000 5.285714 2.857143 5.428571 2.642857 6.428571 
3.062500 3.187500 2.562500 7.187500 2.625000 3.625000 2.562500 12.250000 2.812500 6.375000 
2.176471 2.705882 1.823529 8.176471 2.882353 8.352941 2.588235 2.823529 3.352941 5.058824 
2.428571 12.000000 2.142857 8.285714 3.285714 11.857143 2.142857 11.571429 3.285714 3.285714 
2.615385 8.076923 3.230769 11.153846 2.692308 11.461538 2.000000 10.076923 2.384615 10.846154 
2.272727 1.909091 3.090909 4.454545 1.545455 3.181818 2.727273 5.090909 2.909091 12.090909 

Avg Classes:
2.482072 7.045153 2.496680 6.972112 2.519256 7.025232 2.520584 6.966799 2.525896 6.812749 
2.442700 6.769231 2.466248 7.087912 2.472527 7.183673 2.525903 6.890110 2.554160 7.221350 
2.550725 8.000000 2.304348 6.318841 2.449275 6.739130 2.565217 6.898551 2.463768 6.869565 
2.413793 8.172414 2.482759 7.965517 2.724138 8.620690 2.620690 6.827586 2.758621 6.517241 
2.600000 7.200000 2.000000 8.400000 2.200000 7.800000 1.600000 6.000000 1.400000 5.000000 
2.000000 3.500000 2.000000 6.500000 2.000000 4.500000 2.000000 5.000000 2.000000 6.250000 
4.000000 8.000000 2.500000 7.000000 2.500000 8.000000 3.500000 10.000000 1.500000 7.000000 
1.000000 2.000000 3.000000 2.000000 4.000000 2.000000 2.000000 2.000000 1.000000 8.000000 
-1.000000 -1.000000 -1.000000 -1.000000 -1.000000 -1.000000 -1.000000 -1.000000 -1.000000 -1.000000 
-1.000000 -1.000000 -1.000000 -1.000000 -1.000000 -1.000000 -1.000000 -1.000000 -1.000000 -1.000000 

Cluster 0 is class 0
Cluster 1 is class 5
Cluster 2 is class 0
Cluster 3 is class 5
Cluster 4 is class 0
Cluster 5 is class 7
Cluster 6 is class 0
Cluster 7 is class 2
Cluster 8 is class 5
Cluster 9 is class 2
Cluster 10 is class 4
Cluster 11 is class 1
Cluster 12 is class 0
Cluster 13 is class 1
Cluster 14 is class 1
Cluster 15 is class 4
Cluster 16 is class 2
Cluster 17 is class 2
Cluster 18 is class 2
Cluster 19 is class 3
Cluster 20 is class 6
Cluster 21 is class 0
Cluster 22 is class 0
Cluster 23 is class 0
Cluster 24 is class 0
Cluster 25 is class 1
Cluster 26 is class 0
Cluster 27 is class 3
Cluster 28 is class 0
Cluster 29 is class 3
Cluster 30 is class 3
Cluster 31 is class 0
Cluster 32 is class 2
Cluster 33 is class 2
Cluster 34 is class 3
Cluster 35 is class 1
Cluster 36 is class 3
Cluster 37 is class 3
Cluster 38 is class 0
Cluster 39 is class 5
Cluster 40 is class 4
Cluster 41 is class 4
Cluster 42 is class 4
Cluster 43 is class 2
Cluster 44 is class 0
Cluster 45 is class 6
Cluster 46 is class 1
Cluster 47 is class 4
Cluster 48 is class 1
Cluster 49 is class 0
Cluster 50 is class 4
Cluster 51 is class 0
Cluster 52 is class 5
Cluster 53 is class 6
Cluster 54 is class 0
Cluster 55 is class 0
Cluster 56 is class 2
Cluster 57 is class 0
Cluster 58 is class 5
Cluster 59 is class 3
Cluster 60 is class 3
Cluster 61 is class 5

Overall Accuracy is 0.230667

