----------------------------For Number of clusters 13----------------------------
Number of Iterations for Kmeans: 46
Avg Clusters:
2.500000 4.024096 2.445783 6.662651 2.391566 3.548193 2.518072 4.054217 2.572289 10.325301 
2.402439 10.707317 2.396341 4.365854 2.487805 2.957317 2.560976 6.121951 2.408537 5.512195 
2.503497 9.566434 2.475524 10.307692 2.517483 5.370629 2.531469 10.643357 2.671329 7.531469 
2.488000 4.368000 2.376000 10.840000 2.648000 6.464000 2.568000 4.400000 2.576000 3.640000 
2.429688 10.031250 2.492188 4.218750 2.554688 9.960938 2.546875 10.679688 2.617188 5.265625 
2.466102 4.296610 2.652542 9.881356 2.466102 10.449153 2.288136 10.635593 2.432203 5.313559 
2.457944 4.280374 2.308411 3.121495 2.588785 10.355140 2.626168 4.214953 2.607477 4.943925 
2.465517 5.327586 2.655172 10.051724 2.405172 11.146552 2.681034 4.250000 2.637931 9.922414 
2.289474 10.684211 2.500000 10.184211 2.460526 5.960526 2.644737 4.144737 2.447368 10.605263 
2.444444 10.319444 2.263889 3.430556 2.555556 9.791667 2.222222 4.597222 2.500000 10.277778 
2.387931 3.801724 2.439655 4.060345 2.594828 7.017241 2.594828 10.637931 2.500000 10.439655 
2.779070 11.197674 2.406977 8.220930 2.430233 10.220930 2.523256 4.546512 2.453488 3.058140 
2.481928 3.734940 2.746988 5.542169 2.373494 2.963855 2.373494 9.578313 2.385542 3.783133 

Avg Classes:
2.482072 7.045153 2.496680 6.972112 2.519256 7.025232 2.520584 6.966799 2.525896 6.812749 
2.442700 6.769231 2.466248 7.087912 2.472527 7.183673 2.525903 6.890110 2.554160 7.221350 
2.550725 8.000000 2.304348 6.318841 2.449275 6.739130 2.565217 6.898551 2.463768 6.869565 
2.413793 8.172414 2.482759 7.965517 2.724138 8.620690 2.620690 6.827586 2.758621 6.517241 
2.600000 7.200000 2.000000 8.400000 2.200000 7.800000 1.600000 6.000000 1.400000 5.000000 
2.000000 3.500000 2.000000 6.500000 2.000000 4.500000 2.000000 5.000000 2.000000 6.250000 
4.000000 8.000000 2.500000 7.000000 2.500000 8.000000 3.500000 10.000000 1.500000 7.000000 
1.000000 2.000000 3.000000 2.000000 4.000000 2.000000 2.000000 2.000000 1.000000 8.000000 
-1.000000 -1.000000 -1.000000 -1.000000 -1.000000 -1.000000 -1.000000 -1.000000 -1.000000 -1.000000 
-1.000000 -1.000000 -1.000000 -1.000000 -1.000000 -1.000000 -1.000000 -1.000000 -1.000000 -1.000000 

Cluster 0 is class 5
Cluster 1 is class 2
Cluster 2 is class 0
Cluster 3 is class 4
Cluster 4 is class 6
Cluster 5 is class 6
Cluster 6 is class 0
Cluster 7 is class 0
Cluster 8 is class 0
Cluster 9 is class 0
Cluster 10 is class 0
Cluster 11 is class 3
Cluster 12 is class 5

Overall Accuracy is 0.210000

