----------------------------For Number of clusters 99----------------------------
Number of Iterations for Kmeans: 19
Avg Clusters:
2.214286 2.857143 2.464286 7.250000 1.964286 2.071429 2.535714 5.142857 2.750000 6.892857 
2.692308 9.961538 2.423077 9.038462 2.500000 2.269231 2.307692 8.923077 2.346154 11.653846 
2.696970 3.090909 2.454545 10.484848 2.757576 7.151515 2.212121 3.151515 2.878788 3.757576 
2.423077 9.269231 2.230769 3.076923 2.384615 2.269231 2.269231 2.461538 2.153846 4.576923 
2.343750 4.562500 2.625000 3.687500 2.281250 3.500000 2.625000 10.468750 2.250000 3.656250 
2.125000 2.843750 2.625000 3.468750 2.781250 3.812500 2.562500 2.406250 2.437500 9.531250 
2.225806 3.645161 2.645161 3.225806 2.903226 9.354839 2.612903 11.193548 2.709677 8.806452 
2.566667 11.600000 2.100000 5.833333 2.900000 3.300000 2.400000 10.633333 2.233333 3.166667 
2.687500 7.875000 2.625000 12.062500 2.000000 4.750000 2.125000 4.500000 2.375000 11.250000 
2.160000 9.800000 2.360000 10.920000 2.720000 6.960000 2.280000 11.080000 2.880000 5.720000 
2.121212 3.121212 2.757576 10.454545 3.000000 7.242424 2.484848 10.393939 2.151515 3.393939 
2.904762 9.952381 3.000000 3.714286 2.619048 6.809524 2.476190 7.142857 2.857143 12.142857 
3.222222 10.666667 1.944444 7.222222 2.944444 1.555556 2.277778 3.277778 2.666667 7.277778 
2.444444 7.000000 2.555556 3.944444 1.944444 2.166667 1.833333 4.111111 3.111111 11.666667 
2.238095 10.047619 2.476190 3.476190 1.904762 3.952381 2.714286 11.476190 2.047619 9.000000 
2.964286 10.321429 2.857143 10.285714 2.321429 3.107143 2.464286 3.500000 2.500000 2.750000 
2.500000 9.625000 2.562500 2.937500 2.250000 11.937500 2.125000 4.062500 2.187500 11.937500 
2.785714 11.642857 2.714286 1.785714 2.357143 7.285714 2.642857 11.285714 2.928571 6.857143 
2.052632 7.789474 2.473684 11.736842 2.421053 10.947368 2.263158 10.894737 2.684211 2.157895 
2.681818 10.909091 2.636364 11.681818 2.181818 11.318182 2.954545 4.954545 1.909091 4.409091 
2.954545 2.272727 2.136364 11.000000 2.772727 3.954545 2.409091 4.909091 2.500000 11.636364 
2.000000 7.230769 2.384615 2.000000 2.461538 7.153846 2.076923 2.615385 2.615385 8.230769 
2.473684 10.947368 2.263158 7.421053 2.368421 7.789474 1.684211 3.000000 2.894737 2.684211 
3.000000 11.666667 3.333333 11.111111 3.444444 9.888889 2.333333 9.000000 2.555556 1.666667 
2.190476 1.904762 2.380952 5.809524 1.571429 2.380952 3.000000 9.428571 2.428571 12.142857 
2.517241 3.103448 2.448276 8.241379 2.724138 11.551724 2.724138 3.965517 2.862069 7.206897 
2.681818 4.636364 2.954545 6.045455 2.409091 11.818182 1.818182 11.181818 2.318182 4.045455 
2.450000 11.700000 2.350000 3.250000 2.750000 1.800000 3.050000 6.150000 3.050000 9.150000 
2.150000 4.700000 2.000000 11.550000 2.550000 10.650000 2.400000 4.050000 2.400000 2.300000 
2.266667 7.200000 2.266667 12.133333 2.733333 3.933333 2.533333 6.400000 2.000000 3.066667 
2.266667 4.666667 1.933333 4.000000 2.466667 6.266667 3.400000 6.200000 2.066667 10.333333 
2.315789 3.210526 2.684211 7.789474 2.315789 8.894737 2.789474 12.157895 2.894737 10.789474 
3.125000 5.500000 2.187500 1.625000 2.687500 10.187500 2.125000 5.875000 3.000000 1.562500 
2.227273 10.454545 2.409091 5.863636 2.318182 11.272727 2.818182 10.681818 2.454545 7.818182 
2.588235 11.117647 2.235294 3.294118 2.058824 11.588235 2.647059 2.705882 2.176471 6.823529 
2.666667 2.083333 2.750000 11.833333 2.250000 3.583333 3.083333 5.000000 2.500000 5.833333 
2.733333 2.266667 2.200000 4.933333 3.266667 10.800000 2.466667 8.266667 2.133333 11.600000 
2.833333 11.750000 2.750000 8.333333 2.833333 3.833333 3.000000 2.916667 2.750000 11.583333 
2.428571 7.238095 2.238095 11.047619 2.000000 11.000000 2.904762 3.476190 2.761905 11.190476 
2.409091 9.227273 2.727273 2.500000 2.090909 7.136364 2.954545 8.727273 2.727273 3.045455 
1.800000 10.100000 3.300000 3.600000 1.600000 2.800000 2.600000 2.300000 2.600000 9.500000 
2.333333 2.555556 1.888889 5.277778 2.833333 10.944444 2.555556 2.555556 2.500000 10.944444 
2.666667 4.750000 2.666667 2.916667 2.750000 6.333333 2.416667 11.833333 2.166667 12.416667 
2.533333 12.200000 2.200000 7.866667 3.400000 7.266667 2.666667 8.133333 2.800000 9.733333 
2.777778 4.166667 2.611111 7.888889 2.722222 6.277778 2.777778 2.166667 2.333333 10.888889 
2.647059 5.235294 2.647059 12.176471 2.882353 8.411765 2.882353 7.705882 2.705882 6.823529 
2.333333 9.888889 1.333333 4.111111 2.888889 7.666667 1.888889 3.111111 2.444444 11.111111 
2.500000 3.590909 2.636364 8.818182 2.000000 1.954545 2.227273 11.454545 2.090909 4.636364 
2.500000 7.750000 3.187500 10.750000 2.500000 11.500000 2.187500 10.312500 2.000000 10.437500 
2.846154 11.384615 1.769231 12.153846 2.153846 10.000000 3.538462 10.538462 3.076923 7.615385 
2.631579 2.263158 2.684211 11.421053 2.052632 10.000000 2.263158 8.473684 2.631579 10.736842 
2.583333 9.166667 2.416667 2.250000 2.250000 10.916667 2.583333 11.833333 2.250000 11.416667 
3.000000 4.250000 2.416667 4.083333 1.916667 9.500000 1.666667 1.750000 2.416667 3.916667 
1.500000 6.000000 2.000000 1.625000 3.250000 9.125000 2.500000 11.250000 2.750000 5.375000 
1.875000 7.875000 2.000000 5.875000 3.000000 9.000000 2.625000 2.125000 3.250000 8.625000 
2.636364 8.545455 2.545455 7.363636 1.818182 1.818182 2.090909 8.000000 2.545455 2.090909 
4.000000 7.571429 2.571429 9.571429 2.857143 11.285714 1.285714 6.000000 2.285714 9.714286 
-1.000000 -1.000000 -1.000000 -1.000000 -1.000000 -1.000000 -1.000000 -1.000000 -1.000000 -1.000000 
2.000000 3.000000 2.333333 1.944444 2.166667 10.722222 2.777778 6.000000 2.333333 7.277778 
2.444444 8.333333 2.222222 1.777778 3.444444 10.555556 3.555556 5.111111 1.666667 5.000000 
2.750000 10.875000 2.750000 7.625000 2.125000 4.875000 3.000000 12.750000 2.125000 11.375000 
2.714286 4.476190 2.238095 10.857143 2.380952 12.238095 2.428571 9.190476 2.857143 4.761905 
3.000000 1.500000 3.500000 3.875000 3.125000 11.750000 3.250000 7.750000 3.125000 2.500000 
2.235294 3.235294 2.882353 11.823529 2.470588 10.176471 3.058824 1.705882 2.823529 9.647059 
2.263158 10.894737 1.736842 4.315789 2.736842 11.000000 2.421053 11.631579 2.842105 2.473684 
1.866667 4.866667 2.000000 11.066667 2.133333 2.533333 2.600000 1.600000 2.600000 8.800000 
2.400000 11.200000 2.066667 10.133333 2.666667 6.666667 2.866667 2.600000 2.466667 7.533333 
1.600000 8.100000 2.200000 7.200000 3.300000 6.100000 3.100000 8.100000 2.500000 4.500000 
1.545455 10.818182 2.454545 11.363636 2.181818 8.000000 2.636364 2.727273 2.909091 11.909091 
2.600000 12.500000 2.400000 2.900000 2.400000 7.100000 2.400000 4.700000 2.700000 6.700000 
2.666667 11.066667 2.000000 6.600000 2.733333 11.666667 3.266667 5.000000 2.533333 2.866667 
1.875000 11.500000 2.875000 9.125000 2.125000 12.500000 3.625000 2.500000 2.000000 9.250000 
2.250000 5.187500 2.562500 6.500000 3.000000 4.500000 3.000000 9.937500 2.687500 9.000000 
2.550000 2.900000 2.950000 3.550000 2.650000 3.500000 2.500000 5.700000 2.600000 2.550000 
2.909091 5.090909 2.272727 2.363636 2.727273 2.181818 1.909091 10.727273 3.181818 8.909091 
2.181818 11.545455 1.818182 2.181818 2.000000 3.636364 2.000000 8.000000 2.363636 5.363636 
2.833333 5.833333 3.166667 12.083333 2.833333 4.333333 2.083333 10.916667 2.750000 10.833333 
2.333333 2.333333 2.000000 1.500000 2.500000 10.500000 3.166667 1.500000 3.333333 4.500000 
2.400000 2.900000 2.900000 8.300000 2.100000 6.100000 2.600000 10.800000 2.800000 7.200000 
2.000000 10.714286 1.714286 10.714286 1.714286 9.714286 2.428571 8.000000 1.714286 11.857143 
2.500000 12.200000 2.500000 8.900000 2.300000 10.800000 2.500000 12.100000 3.200000 5.300000 
2.285714 6.714286 2.142857 12.142857 2.571429 12.142857 1.714286 1.714286 2.714286 7.428571 
2.461538 3.769231 2.384615 6.769231 2.692308 5.615385 3.000000 3.615385 2.615385 2.846154 
-1.000000 -1.000000 -1.000000 -1.000000 -1.000000 -1.000000 -1.000000 -1.000000 -1.000000 -1.000000 
3.000000 11.500000 3.250000 7.500000 2.750000 9.750000 1.250000 5.750000 1.750000 7.750000 
1.916667 10.166667 2.500000 11.666667 2.583333 3.500000 2.750000 12.500000 2.750000 3.000000 
2.625000 12.000000 2.875000 2.750000 2.000000 11.875000 2.500000 3.500000 2.500000 2.375000 
2.428571 12.285714 2.428571 3.142857 2.571429 11.428571 1.285714 7.857143 2.571429 8.000000 
2.750000 4.625000 3.125000 6.875000 2.250000 12.625000 3.000000 6.625000 3.000000 10.375000 
1.571429 11.571429 2.571429 1.285714 3.571429 6.714286 2.857143 2.571429 1.714286 3.285714 
3.444444 9.000000 2.777778 5.666667 2.888889 9.888889 1.777778 7.888889 2.111111 4.888889 
2.454545 1.727273 2.545455 6.818182 2.727273 9.363636 2.000000 12.363636 1.818182 6.181818 
1.000000 12.000000 4.000000 8.000000 1.000000 5.000000 4.000000 7.000000 4.000000 4.000000 
2.250000 7.250000 3.125000 5.500000 2.750000 11.875000 2.875000 2.000000 2.125000 2.500000 
2.461538 8.692308 2.461538 11.307692 2.769231 2.384615 2.769231 8.769231 2.230769 7.307692 
2.200000 6.200000 2.400000 6.000000 1.600000 12.600000 2.600000 7.400000 2.600000 2.600000 
2.500000 11.166667 3.000000 6.000000 1.666667 6.833333 1.833333 11.666667 3.166667 6.333333 
3.100000 12.100000 2.500000 9.100000 2.300000 7.500000 2.100000 6.100000 2.200000 2.100000 
2.428571 1.285714 2.428571 2.571429 2.571429 5.142857 2.285714 8.428571 3.000000 11.571429 

Avg Classes:
2.482072 7.045153 2.496680 6.972112 2.519256 7.025232 2.520584 6.966799 2.525896 6.812749 
2.442700 6.769231 2.466248 7.087912 2.472527 7.183673 2.525903 6.890110 2.554160 7.221350 
2.550725 8.000000 2.304348 6.318841 2.449275 6.739130 2.565217 6.898551 2.463768 6.869565 
2.413793 8.172414 2.482759 7.965517 2.724138 8.620690 2.620690 6.827586 2.758621 6.517241 
2.600000 7.200000 2.000000 8.400000 2.200000 7.800000 1.600000 6.000000 1.400000 5.000000 
2.000000 3.500000 2.000000 6.500000 2.000000 4.500000 2.000000 5.000000 2.000000 6.250000 
4.000000 8.000000 2.500000 7.000000 2.500000 8.000000 3.500000 10.000000 1.500000 7.000000 
1.000000 2.000000 3.000000 2.000000 4.000000 2.000000 2.000000 2.000000 1.000000 8.000000 
-1.000000 -1.000000 -1.000000 -1.000000 -1.000000 -1.000000 -1.000000 -1.000000 -1.000000 -1.000000 
-1.000000 -1.000000 -1.000000 -1.000000 -1.000000 -1.000000 -1.000000 -1.000000 -1.000000 -1.000000 

Cluster 0 is class 5
Cluster 1 is class 0
Cluster 2 is class 4
Cluster 3 is class 2
Cluster 4 is class 5
Cluster 5 is class 7
Cluster 6 is class 6
Cluster 7 is class 0
Cluster 8 is class 0
Cluster 9 is class 3
Cluster 10 is class 4
Cluster 11 is class 0
Cluster 12 is class 0
Cluster 13 is class 1
Cluster 14 is class 2
Cluster 15 is class 2
Cluster 16 is class 1
Cluster 17 is class 6
Cluster 18 is class 3
Cluster 19 is class 3
Cluster 20 is class 5
Cluster 21 is class 0
Cluster 22 is class 4
Cluster 23 is class 3
Cluster 24 is class 5
Cluster 25 is class 0
Cluster 26 is class 6
Cluster 27 is class 2
Cluster 28 is class 4
Cluster 29 is class 4
Cluster 30 is class 0
Cluster 31 is class 6
Cluster 32 is class 0
Cluster 33 is class 6
Cluster 34 is class 2
Cluster 35 is class 5
Cluster 36 is class 1
Cluster 37 is class 0
Cluster 38 is class 1
Cluster 39 is class 2
Cluster 40 is class 2
Cluster 41 is class 0
Cluster 42 is class 0
Cluster 43 is class 2
Cluster 44 is class 1
Cluster 45 is class 0
Cluster 46 is class 2
Cluster 47 is class 5
Cluster 48 is class 3
Cluster 49 is class 3
Cluster 50 is class 1
Cluster 51 is class 6
Cluster 52 is class 5
Cluster 53 is class 6
Cluster 54 is class 0
Cluster 55 is class 0
Cluster 56 is class 1
Cluster 57 is class 8
Cluster 58 is class 0
Cluster 59 is class 2
Cluster 60 is class 6
Cluster 61 is class 3
Cluster 62 is class 0
Cluster 63 is class 1
Cluster 64 is class 6
Cluster 65 is class 5
Cluster 66 is class 0
Cluster 67 is class 0
Cluster 68 is class 0
Cluster 69 is class 2
Cluster 70 is class 3
Cluster 71 is class 3
Cluster 72 is class 0
Cluster 73 is class 5
Cluster 74 is class 0
Cluster 75 is class 2
Cluster 76 is class 0
Cluster 77 is class 1
Cluster 78 is class 0
Cluster 79 is class 3
Cluster 80 is class 6
Cluster 81 is class 3
Cluster 82 is class 5
Cluster 83 is class 8
Cluster 84 is class 3
Cluster 85 is class 6
Cluster 86 is class 0
Cluster 87 is class 2
Cluster 88 is class 1
Cluster 89 is class 2
Cluster 90 is class 3
Cluster 91 is class 1
Cluster 92 is class 0
Cluster 93 is class 3
Cluster 94 is class 0
Cluster 95 is class 3
Cluster 96 is class 6
Cluster 97 is class 4
Cluster 98 is class 5

Overall Accuracy is 0.202667

