----------------------------For Number of clusters 35----------------------------
Number of Iterations for Kmeans: 29
Avg Clusters:
2.400000 9.846154 2.246154 3.569231 2.492308 10.107692 2.230769 4.092308 2.400000 9.984615 
2.808219 11.013699 2.479452 8.931507 2.479452 10.109589 2.561644 4.904110 2.383562 3.164384 
2.643836 10.452055 2.739726 4.424658 2.301370 8.356164 2.534247 10.794521 2.657534 9.369863 
2.508772 10.456140 2.140351 3.280702 2.526316 2.789474 2.543860 3.403509 2.333333 5.526316 
2.492754 3.594203 2.565217 10.898551 2.869565 7.826087 2.681159 8.971014 2.376812 4.246377 
2.560606 2.939394 2.181818 5.106061 2.651515 10.969697 2.530303 5.424242 2.530303 9.424242 
2.711864 8.644068 2.610169 10.169492 2.661017 3.457627 2.627119 9.796610 2.406780 10.457627 
2.905660 9.188679 2.679245 10.264151 2.339623 3.509434 2.245283 4.150943 2.207547 3.188679 
2.229508 9.885246 2.196721 3.213115 2.229508 4.114754 2.377049 10.393443 2.229508 4.180328 
2.390244 3.292683 2.780488 3.317073 2.439024 4.463415 2.439024 8.341463 2.463415 3.024390 
2.939394 10.818182 2.484848 8.363636 2.939394 2.787879 2.575758 8.878788 2.787879 3.666667 
2.500000 3.200000 2.700000 9.133333 2.366667 9.583333 2.466667 11.050000 2.566667 9.883333 
2.272727 11.068182 2.227273 10.704545 2.295455 9.204545 2.636364 11.227273 2.977273 6.681818 
2.294118 10.117647 2.588235 11.941176 2.705882 4.705882 2.235294 12.058824 2.941176 2.941176 
2.783784 4.810811 2.135135 2.756757 2.513514 10.189189 2.567568 2.675676 2.729730 3.297297 
2.297297 10.810811 2.675676 2.675676 2.351351 10.702703 2.756757 4.270270 2.351351 4.081081 
2.400000 4.377778 2.622222 2.577778 2.888889 9.155556 2.800000 11.333333 2.400000 9.133333 
2.256410 3.871795 2.333333 10.358974 2.410256 3.641026 2.512821 2.512821 2.512821 5.846154 
2.547619 10.619048 2.642857 4.404762 2.595238 2.357143 2.523810 6.500000 2.976190 10.928571 
2.511111 9.533333 2.666667 10.844444 2.444444 10.155556 2.622222 5.777778 2.311111 10.400000 
2.205128 10.000000 2.410256 10.692308 2.435897 5.333333 2.538462 3.153846 2.589744 9.948718 
2.160000 2.920000 2.340000 4.980000 2.360000 3.600000 2.780000 10.420000 2.760000 10.480000 
2.894737 2.736842 2.289474 10.473684 2.605263 3.578947 2.500000 4.026316 2.631579 11.342105 
2.351351 3.729730 2.459459 3.405405 2.918919 3.540541 2.648649 2.972973 2.000000 7.486486 
2.750000 2.850000 3.000000 4.400000 1.950000 2.300000 2.200000 5.600000 3.000000 11.200000 
2.071429 4.000000 2.321429 4.714286 2.357143 6.714286 2.357143 2.500000 2.892857 11.535714 
2.255814 3.627907 2.674419 11.232558 2.418605 10.767442 2.837209 3.279070 2.790698 9.162791 
2.369565 9.717391 2.195652 4.369565 2.717391 10.934783 2.478261 10.782609 2.630435 3.500000 
1.882353 9.470588 2.764706 4.647059 2.176471 3.411765 2.235294 1.941176 2.588235 10.588235 
2.147059 6.852941 2.500000 11.117647 2.235294 11.705882 2.264706 10.029412 2.823529 3.117647 
2.645161 3.290323 2.903226 5.000000 2.677419 11.483871 2.129032 9.645161 2.548387 3.193548 
2.195122 3.536585 2.146341 9.926829 2.756098 9.707317 2.512195 3.243902 2.731707 3.195122 
2.157895 8.578947 2.210526 10.894737 2.000000 11.368421 2.894737 1.684211 2.315789 9.736842 
2.586207 3.862069 2.655172 8.655172 2.241379 2.344828 2.344828 11.344828 2.275862 4.482759 
1.833333 1.583333 2.583333 7.833333 2.333333 1.666667 3.000000 6.500000 2.333333 4.666667 

Avg Classes:
2.482072 7.045153 2.496680 6.972112 2.519256 7.025232 2.520584 6.966799 2.525896 6.812749 
2.442700 6.769231 2.466248 7.087912 2.472527 7.183673 2.525903 6.890110 2.554160 7.221350 
2.550725 8.000000 2.304348 6.318841 2.449275 6.739130 2.565217 6.898551 2.463768 6.869565 
2.413793 8.172414 2.482759 7.965517 2.724138 8.620690 2.620690 6.827586 2.758621 6.517241 
2.600000 7.200000 2.000000 8.400000 2.200000 7.800000 1.600000 6.000000 1.400000 5.000000 
2.000000 3.500000 2.000000 6.500000 2.000000 4.500000 2.000000 5.000000 2.000000 6.250000 
4.000000 8.000000 2.500000 7.000000 2.500000 8.000000 3.500000 10.000000 1.500000 7.000000 
1.000000 2.000000 3.000000 2.000000 4.000000 2.000000 2.000000 2.000000 1.000000 8.000000 
-1.000000 -1.000000 -1.000000 -1.000000 -1.000000 -1.000000 -1.000000 -1.000000 -1.000000 -1.000000 
-1.000000 -1.000000 -1.000000 -1.000000 -1.000000 -1.000000 -1.000000 -1.000000 -1.000000 -1.000000 

Cluster 0 is class 0
Cluster 1 is class 3
Cluster 2 is class 6
Cluster 3 is class 2
Cluster 4 is class 4
Cluster 5 is class 0
Cluster 6 is class 0
Cluster 7 is class 4
Cluster 8 is class 2
Cluster 9 is class 5
Cluster 10 is class 0
Cluster 11 is class 1
Cluster 12 is class 3
Cluster 13 is class 0
Cluster 14 is class 0
Cluster 15 is class 0
Cluster 16 is class 6
Cluster 17 is class 5
Cluster 18 is class 2
Cluster 19 is class 3
Cluster 20 is class 1
Cluster 21 is class 0
Cluster 22 is class 5
Cluster 23 is class 7
Cluster 24 is class 5
Cluster 25 is class 5
Cluster 26 is class 0
Cluster 27 is class 3
Cluster 28 is class 1
Cluster 29 is class 3
Cluster 30 is class 0
Cluster 31 is class 4
Cluster 32 is class 3
Cluster 33 is class 0
Cluster 34 is class 5

Overall Accuracy is 0.208667

