----------------------------For Number of clusters 17----------------------------
Number of Iterations for Kmeans: 75
Avg Clusters:
2.524138 10.627586 2.448276 8.910345 2.344828 10.965517 2.634483 8.737931 2.675862 5.006897 
2.404762 5.515873 2.373016 3.214286 2.507937 10.388889 2.690476 4.198413 2.619048 4.261905 
2.443396 10.113208 2.273585 3.179245 2.528302 6.339623 2.367925 10.500000 2.490566 4.537736 
2.336449 3.766355 2.672897 4.616822 2.616822 9.280374 2.607477 10.682243 2.439252 10.102804 
2.508333 4.675000 2.508333 10.016667 2.475000 10.700000 2.600000 3.983333 2.641667 9.741667 
2.416667 3.630952 2.726190 5.345238 2.428571 3.011905 2.404762 8.892857 2.357143 3.630952 
2.362637 4.000000 2.450549 4.010989 2.483516 3.978022 2.450549 3.538462 2.604396 10.142857 
2.448276 10.793103 2.390805 3.689655 2.517241 2.701149 2.540230 3.770115 2.517241 7.505747 
2.275000 10.262500 2.362500 10.862500 2.387500 5.750000 2.725000 5.487500 2.550000 10.850000 
2.505495 4.263736 2.637363 10.021978 2.593407 10.296703 2.219780 10.329670 2.472527 4.087912 
2.418605 3.709302 2.406977 10.709302 2.744186 6.674419 2.604651 4.244186 2.476744 3.441860 
2.444444 9.444444 2.597222 10.833333 2.875000 3.861111 2.486111 10.444444 2.500000 5.250000 
2.730159 9.587302 2.809524 5.333333 2.301587 4.333333 2.412698 10.603175 2.317460 10.761905 
2.533333 10.666667 2.320000 3.866667 2.506667 10.413333 2.360000 4.413333 2.520000 9.786667 
2.528302 3.415094 2.283019 10.754717 2.490566 3.283019 2.622642 3.377358 2.528302 10.188679 
2.519231 2.730769 2.153846 7.596154 2.134615 4.057692 2.788462 10.769231 2.807692 10.269231 
2.741935 10.629032 2.564516 9.322581 2.451613 4.354839 2.258065 3.548387 2.370968 3.064516 

Avg Classes:
2.482072 7.045153 2.496680 6.972112 2.519256 7.025232 2.520584 6.966799 2.525896 6.812749 
2.442700 6.769231 2.466248 7.087912 2.472527 7.183673 2.525903 6.890110 2.554160 7.221350 
2.550725 8.000000 2.304348 6.318841 2.449275 6.739130 2.565217 6.898551 2.463768 6.869565 
2.413793 8.172414 2.482759 7.965517 2.724138 8.620690 2.620690 6.827586 2.758621 6.517241 
2.600000 7.200000 2.000000 8.400000 2.200000 7.800000 1.600000 6.000000 1.400000 5.000000 
2.000000 3.500000 2.000000 6.500000 2.000000 4.500000 2.000000 5.000000 2.000000 6.250000 
4.000000 8.000000 2.500000 7.000000 2.500000 8.000000 3.500000 10.000000 1.500000 7.000000 
1.000000 2.000000 3.000000 2.000000 4.000000 2.000000 2.000000 2.000000 1.000000 8.000000 
-1.000000 -1.000000 -1.000000 -1.000000 -1.000000 -1.000000 -1.000000 -1.000000 -1.000000 -1.000000 
-1.000000 -1.000000 -1.000000 -1.000000 -1.000000 -1.000000 -1.000000 -1.000000 -1.000000 -1.000000 

Cluster 0 is class 3
Cluster 1 is class 0
Cluster 2 is class 2
Cluster 3 is class 0
Cluster 4 is class 0
Cluster 5 is class 5
Cluster 6 is class 5
Cluster 7 is class 2
Cluster 8 is class 0
Cluster 9 is class 0
Cluster 10 is class 4
Cluster 11 is class 0
Cluster 12 is class 0
Cluster 13 is class 1
Cluster 14 is class 5
Cluster 15 is class 0
Cluster 16 is class 2

Overall Accuracy is 0.268000

