----------------------------For Number of clusters 19----------------------------
Number of Iterations for Kmeans: 51
Avg Clusters:
2.496454 10.531915 2.453901 10.163121 2.361702 9.900709 2.567376 9.453901 2.638298 5.248227 
2.542553 8.585106 2.308511 3.510638 2.521277 10.500000 2.734043 3.500000 2.510638 3.585106 
2.474747 8.222222 2.494949 3.262626 2.595960 10.040404 2.525253 10.696970 2.737374 4.404040 
2.296703 3.076923 2.230769 4.307692 2.560440 10.120879 2.703297 6.186813 2.483516 9.813187 
2.481132 4.443396 2.584906 10.830189 2.528302 10.688679 2.556604 4.490566 2.735849 9.566038 
2.454545 7.272727 2.409091 5.772727 2.477273 2.738636 2.409091 10.079545 2.125000 3.102273 
2.383562 3.260274 2.534247 3.808219 2.630137 3.849315 2.465753 3.575342 2.328767 6.301370 
2.476190 11.206349 2.158730 3.603175 2.507937 2.793651 2.571429 4.126984 2.476190 5.952381 
2.306667 10.573333 2.373333 10.213333 2.493333 7.666667 2.706667 3.786667 2.520000 10.226667 
2.500000 3.489362 2.755319 9.287234 2.648936 10.117021 2.329787 10.308511 2.414894 4.553191 
2.451220 3.634146 2.402439 10.597561 2.646341 7.292683 2.500000 3.975610 2.573171 3.195122 
2.411765 4.308824 2.500000 10.367647 2.470588 3.573529 2.661765 9.882353 2.647059 7.720588 
2.810345 10.155172 2.672414 8.758621 2.465517 3.810345 2.465517 9.637931 2.500000 10.965517 
2.423729 10.169492 2.305085 3.322034 2.474576 10.152542 2.169492 4.694915 2.508475 10.491525 
2.603175 4.063492 2.206349 9.746032 2.523810 3.174603 2.571429 3.031746 2.396825 10.095238 
2.337349 2.927711 2.638554 4.337349 2.457831 5.216867 2.530120 10.879518 2.638554 10.349398 
2.716418 10.671642 2.641791 9.970149 2.537313 4.328358 2.208955 4.641791 2.388060 3.119403 
2.395833 8.833333 2.708333 3.770833 2.208333 2.854167 2.416667 3.833333 3.041667 11.208333 
2.354167 10.291667 2.666667 2.854167 2.145833 5.833333 2.708333 11.187500 2.375000 9.541667 

Avg Classes:
2.482072 7.045153 2.496680 6.972112 2.519256 7.025232 2.520584 6.966799 2.525896 6.812749 
2.442700 6.769231 2.466248 7.087912 2.472527 7.183673 2.525903 6.890110 2.554160 7.221350 
2.550725 8.000000 2.304348 6.318841 2.449275 6.739130 2.565217 6.898551 2.463768 6.869565 
2.413793 8.172414 2.482759 7.965517 2.724138 8.620690 2.620690 6.827586 2.758621 6.517241 
2.600000 7.200000 2.000000 8.400000 2.200000 7.800000 1.600000 6.000000 1.400000 5.000000 
2.000000 3.500000 2.000000 6.500000 2.000000 4.500000 2.000000 5.000000 2.000000 6.250000 
4.000000 8.000000 2.500000 7.000000 2.500000 8.000000 3.500000 10.000000 1.500000 7.000000 
1.000000 2.000000 3.000000 2.000000 4.000000 2.000000 2.000000 2.000000 1.000000 8.000000 
-1.000000 -1.000000 -1.000000 -1.000000 -1.000000 -1.000000 -1.000000 -1.000000 -1.000000 -1.000000 
-1.000000 -1.000000 -1.000000 -1.000000 -1.000000 -1.000000 -1.000000 -1.000000 -1.000000 -1.000000 

Cluster 0 is class 3
Cluster 1 is class 0
Cluster 2 is class 6
Cluster 3 is class 0
Cluster 4 is class 0
Cluster 5 is class 0
Cluster 6 is class 5
Cluster 7 is class 2
Cluster 8 is class 3
Cluster 9 is class 0
Cluster 10 is class 4
Cluster 11 is class 0
Cluster 12 is class 0
Cluster 13 is class 2
Cluster 14 is class 5
Cluster 15 is class 0
Cluster 16 is class 4
Cluster 17 is class 0
Cluster 18 is class 2

Overall Accuracy is 0.271333

