----------------------------For Number of clusters 55----------------------------
Number of Iterations for Kmeans: 24
Avg Clusters:
2.387755 2.448980 2.693878 7.795918 2.673469 10.367347 2.448980 9.714286 2.367347 10.571429 
2.440000 3.760000 2.640000 11.120000 2.800000 7.260000 2.700000 9.380000 2.400000 4.400000 
2.490196 3.568627 2.411765 4.980392 2.490196 5.529412 2.529412 2.411765 2.588235 10.823529 
2.379310 2.379310 3.000000 5.344828 2.310345 3.241379 1.931034 7.172414 2.689655 2.965517 
2.500000 9.735294 2.647059 10.764706 2.323529 9.500000 2.205882 9.882353 2.176471 10.823529 
2.488889 3.688889 2.177778 3.444444 2.511111 11.644444 2.733333 4.711111 2.577778 8.377778 
2.642857 9.738095 2.547619 9.357143 2.619048 2.738095 2.428571 9.214286 2.309524 11.166667 
2.620000 10.560000 2.140000 7.980000 2.560000 3.940000 2.200000 3.600000 2.440000 5.380000 
2.533333 10.844444 2.666667 3.866667 2.511111 11.377778 2.866667 3.644444 2.377778 3.422222 
2.675676 3.621622 2.918919 6.081081 2.729730 11.594595 2.054054 9.621622 2.513514 3.162162 
2.436364 10.672727 2.309091 5.454545 2.618182 9.618182 2.454545 11.036364 2.872727 3.854545 
2.479167 3.541667 2.187500 11.104167 2.416667 3.437500 2.625000 3.500000 2.666667 10.416667 
2.956522 4.260870 1.826087 2.869565 2.478261 9.695652 2.304348 2.217391 3.130435 2.739130 
2.342105 3.236842 2.447368 9.500000 2.631579 10.052632 2.631579 2.894737 2.763158 9.157895 
2.309524 9.595238 2.690476 3.857143 2.119048 2.571429 2.333333 3.238095 2.904762 10.238095 
2.968750 10.281250 2.906250 11.406250 2.250000 5.218750 2.437500 4.968750 2.468750 2.437500 
3.166667 11.583333 2.625000 11.500000 2.458333 10.125000 3.250000 8.250000 2.916667 6.333333 
2.416667 8.916667 2.583333 3.458333 2.375000 11.083333 2.666667 11.875000 2.666667 10.083333 
2.645161 11.225806 2.516129 4.129032 2.935484 3.838710 3.032258 7.935484 2.774194 10.322581 
2.666667 4.888889 2.611111 8.777778 1.888889 2.944444 2.000000 11.611111 2.055556 2.666667 
2.478261 7.565217 2.521739 9.043478 2.086957 12.000000 2.652174 7.347826 2.869565 6.391304 
2.121951 2.609756 2.536585 5.243902 2.243902 3.634146 2.634146 8.097561 2.560976 11.170732 
2.882353 11.117647 2.294118 7.941176 2.470588 9.588235 2.411765 6.470588 2.294118 2.529412 
2.107143 3.500000 2.607143 3.392857 3.035714 8.535714 2.535714 11.178571 2.428571 6.964286 
2.461538 2.615385 2.153846 4.307692 2.153846 3.230769 2.615385 12.615385 3.000000 11.153846 
2.500000 3.400000 2.533333 10.933333 2.633333 3.333333 2.466667 4.000000 2.433333 4.100000 
2.513514 10.162162 2.540541 3.297297 2.486486 10.108108 2.081081 4.297297 2.486486 11.270270 
2.178571 3.928571 2.285714 11.607143 2.428571 10.571429 2.392857 3.714286 2.428571 2.500000 
2.294118 8.058824 2.235294 12.117647 2.529412 9.647059 2.176471 3.941176 2.117647 7.235294 
2.666667 4.466667 2.666667 2.533333 2.733333 8.333333 2.333333 11.200000 2.133333 12.066667 
2.136364 3.227273 2.409091 8.045455 2.681818 8.863636 2.772727 3.000000 3.045455 4.000000 
2.260870 9.043478 2.130435 2.217391 2.956522 7.391304 2.304348 2.826087 2.304348 6.869565 
2.875000 5.291667 2.791667 8.458333 2.250000 6.583333 2.833333 11.166667 2.708333 10.000000 
2.228571 10.542857 2.114286 2.628571 2.200000 4.285714 2.628571 9.885714 2.314286 3.800000 
1.933333 5.600000 2.466667 9.000000 2.933333 2.066667 3.133333 8.666667 2.666667 6.600000 
2.647059 8.882353 2.941176 7.235294 2.764706 2.235294 2.647059 2.941176 2.294118 2.000000 
2.937500 2.562500 2.937500 8.000000 2.500000 3.000000 2.500000 11.875000 2.812500 6.875000 
1.882353 4.411765 1.941176 2.176471 2.470588 2.705882 2.411765 10.764706 2.529412 5.882353 
2.080000 11.000000 2.280000 11.280000 2.640000 6.360000 2.280000 11.960000 2.880000 4.760000 
2.590909 6.409091 2.272727 12.136364 2.272727 11.318182 2.863636 2.818182 2.727273 11.227273 
2.416667 5.666667 2.166667 2.833333 1.666667 6.916667 3.583333 6.583333 1.833333 8.333333 
2.333333 5.750000 2.500000 2.166667 2.583333 3.833333 3.083333 7.166667 2.000000 2.583333 
2.800000 11.700000 2.400000 12.200000 2.000000 11.000000 3.000000 4.000000 1.500000 3.100000 
2.217391 3.652174 2.608696 3.304348 2.826087 2.521739 2.478261 2.739130 2.086957 6.347826 
2.083333 8.166667 2.666667 11.500000 3.166667 1.666667 2.666667 10.500000 1.750000 4.333333 
2.136364 7.227273 2.409091 12.000000 2.409091 10.863636 2.318182 11.045455 2.500000 2.500000 
2.470588 11.823529 1.764706 1.647059 2.117647 2.764706 2.705882 3.588235 2.411765 5.117647 
3.000000 11.523810 2.333333 7.190476 2.714286 2.476190 2.380952 9.952381 2.476190 3.333333 
2.687500 6.687500 2.812500 2.062500 2.250000 9.187500 2.312500 8.062500 2.500000 2.375000 
2.200000 11.000000 2.450000 8.250000 2.450000 11.550000 2.900000 3.050000 2.150000 9.400000 
2.625000 10.541667 2.750000 3.583333 1.833333 4.625000 2.458333 12.000000 2.375000 9.000000 
2.904762 2.904762 2.333333 11.666667 2.761905 11.523810 2.666667 8.428571 2.857143 7.714286 
2.166667 12.055556 2.444444 4.888889 2.611111 10.833333 1.944444 8.722222 2.666667 8.166667 
2.100000 10.533333 2.533333 10.900000 2.200000 6.133333 2.600000 3.300000 2.866667 11.400000 
2.200000 7.300000 1.700000 1.900000 3.500000 11.700000 2.700000 11.800000 2.700000 4.700000 

Avg Classes:
2.482072 7.045153 2.496680 6.972112 2.519256 7.025232 2.520584 6.966799 2.525896 6.812749 
2.442700 6.769231 2.466248 7.087912 2.472527 7.183673 2.525903 6.890110 2.554160 7.221350 
2.550725 8.000000 2.304348 6.318841 2.449275 6.739130 2.565217 6.898551 2.463768 6.869565 
2.413793 8.172414 2.482759 7.965517 2.724138 8.620690 2.620690 6.827586 2.758621 6.517241 
2.600000 7.200000 2.000000 8.400000 2.200000 7.800000 1.600000 6.000000 1.400000 5.000000 
2.000000 3.500000 2.000000 6.500000 2.000000 4.500000 2.000000 5.000000 2.000000 6.250000 
4.000000 8.000000 2.500000 7.000000 2.500000 8.000000 3.500000 10.000000 1.500000 7.000000 
1.000000 2.000000 3.000000 2.000000 4.000000 2.000000 2.000000 2.000000 1.000000 8.000000 
-1.000000 -1.000000 -1.000000 -1.000000 -1.000000 -1.000000 -1.000000 -1.000000 -1.000000 -1.000000 
-1.000000 -1.000000 -1.000000 -1.000000 -1.000000 -1.000000 -1.000000 -1.000000 -1.000000 -1.000000 

Cluster 0 is class 1
Cluster 1 is class 4
Cluster 2 is class 5
Cluster 3 is class 5
Cluster 4 is class 3
Cluster 5 is class 1
Cluster 6 is class 0
Cluster 7 is class 2
Cluster 8 is class 2
Cluster 9 is class 0
Cluster 10 is class 6
Cluster 11 is class 5
Cluster 12 is class 5
Cluster 13 is class 1
Cluster 14 is class 0
Cluster 15 is class 4
Cluster 16 is class 3
Cluster 17 is class 6
Cluster 18 is class 2
Cluster 19 is class 0
Cluster 20 is class 3
Cluster 21 is class 5
Cluster 22 is class 3
Cluster 23 is class 0
Cluster 24 is class 0
Cluster 25 is class 5
Cluster 26 is class 0
Cluster 27 is class 4
Cluster 28 is class 3
Cluster 29 is class 6
Cluster 30 is class 4
Cluster 31 is class 2
Cluster 32 is class 0
Cluster 33 is class 2
Cluster 34 is class 0
Cluster 35 is class 2
Cluster 36 is class 0
Cluster 37 is class 2
Cluster 38 is class 6
Cluster 39 is class 1
Cluster 40 is class 0
Cluster 41 is class 5
Cluster 42 is class 3
Cluster 43 is class 7
Cluster 44 is class 0
Cluster 45 is class 3
Cluster 46 is class 2
Cluster 47 is class 0
Cluster 48 is class 2
Cluster 49 is class 3
Cluster 50 is class 6
Cluster 51 is class 0
Cluster 52 is class 2
Cluster 53 is class 0
Cluster 54 is class 6

Overall Accuracy is 0.190000

