----------------------------For Number of clusters 4----------------------------
Number of Iterations for Kmeans: 46
Avg Clusters:
2.501006 5.490946 2.535211 9.305835 2.484909 10.237425 2.601610 6.983903 2.591549 6.396378 
2.445783 9.831325 2.368675 3.433735 2.477108 7.660241 2.522892 7.327711 2.479518 6.542169 
2.530945 9.026059 2.514658 9.781759 2.511401 3.644951 2.439739 6.270358 2.504886 6.374593 
2.370107 3.181495 2.466192 5.206406 2.540925 4.519573 2.476868 6.918149 2.533808 9.302491 

Avg Classes:
2.482072 7.045153 2.496680 6.972112 2.519256 7.025232 2.520584 6.966799 2.525896 6.812749 
2.442700 6.769231 2.466248 7.087912 2.472527 7.183673 2.525903 6.890110 2.554160 7.221350 
2.550725 8.000000 2.304348 6.318841 2.449275 6.739130 2.565217 6.898551 2.463768 6.869565 
2.413793 8.172414 2.482759 7.965517 2.724138 8.620690 2.620690 6.827586 2.758621 6.517241 
2.600000 7.200000 2.000000 8.400000 2.200000 7.800000 1.600000 6.000000 1.400000 5.000000 
2.000000 3.500000 2.000000 6.500000 2.000000 4.500000 2.000000 5.000000 2.000000 6.250000 
4.000000 8.000000 2.500000 7.000000 2.500000 8.000000 3.500000 10.000000 1.500000 7.000000 
1.000000 2.000000 3.000000 2.000000 4.000000 2.000000 2.000000 2.000000 1.000000 8.000000 
-1.000000 -1.000000 -1.000000 -1.000000 -1.000000 -1.000000 -1.000000 -1.000000 -1.000000 -1.000000 
-1.000000 -1.000000 -1.000000 -1.000000 -1.000000 -1.000000 -1.000000 -1.000000 -1.000000 -1.000000 

Cluster 0 is class 3
Cluster 1 is class 2
Cluster 2 is class 0
Cluster 3 is class 5

Overall Accuracy is 0.145333

