----------------------------For Number of clusters 24----------------------------
Number of Iterations for Kmeans: 23
Avg Clusters:
2.630952 3.833333 2.297619 10.464286 2.392857 3.595238 2.571429 3.702381 2.464286 9.416667 
2.292683 9.475610 2.439024 2.670732 2.475610 9.890244 2.585366 3.597561 2.182927 6.158537 
2.690141 10.802817 2.577465 8.577465 2.521127 2.985915 2.535211 8.591549 2.408451 10.380282 
2.453333 9.986667 2.386667 3.573333 2.333333 2.466667 2.466667 3.213333 2.573333 7.773333 
2.390476 9.847619 2.457143 4.952381 2.619048 10.371429 2.409524 10.714286 2.657143 4.895238 
2.586667 9.266667 2.626667 11.040000 2.466667 9.053333 2.693333 9.920000 2.666667 8.986667 
2.500000 2.973684 2.171053 3.381579 2.473684 9.723684 2.526316 4.802632 2.763158 4.289474 
2.463158 4.052632 2.515789 9.884211 2.568421 11.168421 2.673684 3.905263 2.768421 9.526316 
2.262295 10.442623 2.409836 10.311475 2.377049 8.754098 2.786885 3.213115 2.557377 10.049180 
2.710526 10.394737 2.394737 3.368421 2.631579 9.710526 2.078947 5.578947 2.526316 11.736842 
2.490566 8.188679 2.773585 3.301887 2.433962 4.396226 2.566038 10.509434 2.452830 10.094340 
2.740000 10.580000 2.400000 7.000000 2.480000 9.980000 2.480000 4.140000 2.640000 2.580000 
2.460526 3.394737 2.763158 5.328947 2.407895 3.013158 2.421053 9.092105 2.473684 3.947368 
2.634146 10.439024 2.463415 11.902439 2.170732 10.341463 2.512195 7.536585 2.341463 3.024390 
2.424242 2.848485 2.560606 8.106061 2.530303 9.045455 2.348485 11.212121 2.393939 8.848485 
2.351852 10.277778 2.351852 8.777778 2.722222 3.462963 2.407407 10.703704 2.740741 3.148148 
2.265625 3.531250 2.562500 4.234375 2.609375 4.718750 2.546875 3.031250 2.531250 10.390625 
2.241379 3.655172 2.672414 11.137931 2.810345 5.913793 2.568966 8.896552 2.379310 4.000000 
2.250000 2.272727 2.340909 5.568182 2.159091 3.250000 2.727273 10.068182 2.659091 11.454545 
2.490196 4.235294 2.588235 2.745098 2.764706 10.098039 2.823529 10.627451 2.411765 10.000000 
2.437500 3.979167 2.395833 10.562500 2.562500 7.875000 2.416667 2.979167 2.583333 2.750000 
2.195122 10.560976 1.975610 2.317073 2.243902 4.195122 2.707317 9.195122 2.341463 4.268293 
2.547619 4.904762 2.476190 10.238095 2.452381 11.880952 2.261905 10.047619 2.714286 3.333333 
2.820000 10.220000 2.560000 9.580000 2.600000 3.080000 2.240000 3.840000 2.360000 3.420000 

Avg Classes:
2.482072 7.045153 2.496680 6.972112 2.519256 7.025232 2.520584 6.966799 2.525896 6.812749 
2.442700 6.769231 2.466248 7.087912 2.472527 7.183673 2.525903 6.890110 2.554160 7.221350 
2.550725 8.000000 2.304348 6.318841 2.449275 6.739130 2.565217 6.898551 2.463768 6.869565 
2.413793 8.172414 2.482759 7.965517 2.724138 8.620690 2.620690 6.827586 2.758621 6.517241 
2.600000 7.200000 2.000000 8.400000 2.200000 7.800000 1.600000 6.000000 1.400000 5.000000 
2.000000 3.500000 2.000000 6.500000 2.000000 4.500000 2.000000 5.000000 2.000000 6.250000 
4.000000 8.000000 2.500000 7.000000 2.500000 8.000000 3.500000 10.000000 1.500000 7.000000 
1.000000 2.000000 3.000000 2.000000 4.000000 2.000000 2.000000 2.000000 1.000000 8.000000 
-1.000000 -1.000000 -1.000000 -1.000000 -1.000000 -1.000000 -1.000000 -1.000000 -1.000000 -1.000000 
-1.000000 -1.000000 -1.000000 -1.000000 -1.000000 -1.000000 -1.000000 -1.000000 -1.000000 -1.000000 

Cluster 0 is class 5
Cluster 1 is class 0
Cluster 2 is class 0
Cluster 3 is class 2
Cluster 4 is class 6
Cluster 5 is class 3
Cluster 6 is class 0
Cluster 7 is class 1
Cluster 8 is class 1
Cluster 9 is class 0
Cluster 10 is class 0
Cluster 11 is class 3
Cluster 12 is class 5
Cluster 13 is class 3
Cluster 14 is class 0
Cluster 15 is class 0
Cluster 16 is class 5
Cluster 17 is class 4
Cluster 18 is class 5
Cluster 19 is class 0
Cluster 20 is class 4
Cluster 21 is class 2
Cluster 22 is class 3
Cluster 23 is class 4

Overall Accuracy is 0.228000

