----------------------------For Number of clusters 5----------------------------
Number of Iterations for Kmeans: 71
Avg Clusters:
2.511416 7.077626 2.472603 10.525114 2.497717 9.091324 2.559361 5.232877 2.600457 6.093607 
2.426426 10.408408 2.387387 3.681682 2.504505 8.240240 2.531532 7.729730 2.498498 6.024024 
2.467681 6.536122 2.551331 8.429658 2.536122 3.437262 2.486692 10.148289 2.425856 6.365019 
2.478599 5.793774 2.408560 5.389105 2.424125 3.700389 2.505837 3.373541 2.552529 8.933852 
2.425837 3.349282 2.583732 5.157895 2.535885 9.928230 2.502392 9.468900 2.550239 8.708134 

Avg Classes:
2.482072 7.045153 2.496680 6.972112 2.519256 7.025232 2.520584 6.966799 2.525896 6.812749 
2.442700 6.769231 2.466248 7.087912 2.472527 7.183673 2.525903 6.890110 2.554160 7.221350 
2.550725 8.000000 2.304348 6.318841 2.449275 6.739130 2.565217 6.898551 2.463768 6.869565 
2.413793 8.172414 2.482759 7.965517 2.724138 8.620690 2.620690 6.827586 2.758621 6.517241 
2.600000 7.200000 2.000000 8.400000 2.200000 7.800000 1.600000 6.000000 1.400000 5.000000 
2.000000 3.500000 2.000000 6.500000 2.000000 4.500000 2.000000 5.000000 2.000000 6.250000 
4.000000 8.000000 2.500000 7.000000 2.500000 8.000000 3.500000 10.000000 1.500000 7.000000 
1.000000 2.000000 3.000000 2.000000 4.000000 2.000000 2.000000 2.000000 1.000000 8.000000 
-1.000000 -1.000000 -1.000000 -1.000000 -1.000000 -1.000000 -1.000000 -1.000000 -1.000000 -1.000000 
-1.000000 -1.000000 -1.000000 -1.000000 -1.000000 -1.000000 -1.000000 -1.000000 -1.000000 -1.000000 

Cluster 0 is class 3
Cluster 1 is class 0
Cluster 2 is class 0
Cluster 3 is class 5
Cluster 4 is class 0

Overall Accuracy is 0.291333

