----------------------------For Number of clusters 47----------------------------
Number of Iterations for Kmeans: 25
Avg Clusters:
2.566038 3.075472 2.773585 10.490566 2.471698 10.490566 2.584906 9.150943 2.603774 9.603774 
2.520000 3.140000 2.800000 10.360000 2.800000 7.100000 2.600000 9.480000 2.400000 3.860000 
2.426471 3.617647 2.485294 4.514706 2.485294 4.588235 2.455882 2.750000 2.602941 10.029412 
2.354839 2.903226 2.741935 5.290323 2.225806 2.838710 2.032258 6.516129 2.483871 2.903226 
2.545455 9.750000 2.568182 11.022727 2.386364 9.704545 2.386364 8.500000 2.272727 10.295455 
2.411765 3.882353 2.294118 3.529412 2.333333 11.333333 2.843137 4.882353 2.647059 8.529412 
2.571429 10.163265 2.612245 9.061224 2.653061 2.979592 2.387755 9.040816 2.428571 11.102041 
2.909091 10.590909 2.318182 8.022727 2.863636 3.159091 2.409091 3.704545 2.704545 5.750000 
2.517241 11.034483 2.517241 4.724138 2.534483 10.758621 2.706897 4.206897 2.431034 3.482759 
2.590909 4.477273 2.840909 4.909091 2.750000 11.636364 2.136364 9.818182 2.636364 3.204545 
2.524590 10.524590 2.295082 5.098361 2.655738 9.836066 2.491803 11.081967 2.786885 4.098361 
2.547170 3.603774 2.226415 11.075472 2.377358 3.754717 2.566038 3.339623 2.622642 10.283019 
2.733333 4.300000 1.966667 3.266667 2.366667 9.666667 2.466667 2.666667 2.900000 2.633333 
2.473684 3.026316 2.236842 8.973684 2.789474 10.368421 2.684211 3.157895 2.842105 8.342105 
2.312500 10.583333 2.583333 3.937500 2.312500 2.604167 2.479167 4.229167 2.854167 10.500000 
2.500000 9.441176 2.529412 11.323529 2.470588 6.088235 2.294118 5.823529 2.323529 3.411765 
2.444444 11.666667 2.472222 5.527778 2.555556 10.277778 2.388889 8.916667 2.638889 8.722222 
2.689655 7.862069 2.724138 2.068966 2.620690 9.620690 2.655172 11.206897 2.482759 11.448276 
2.315789 10.263158 2.500000 3.078947 2.184211 4.052632 2.657895 11.105263 2.368421 8.894737 
2.440000 5.720000 2.720000 8.640000 2.360000 3.160000 2.160000 11.800000 2.200000 3.320000 
2.586207 6.931034 2.448276 10.241379 2.379310 12.206897 2.586207 7.344828 3.000000 5.862069 
2.038462 2.500000 2.461538 6.461538 2.192308 2.538462 2.769231 7.884615 2.576923 11.346154 
2.500000 11.500000 2.266667 6.900000 2.733333 2.766667 2.366667 10.233333 2.500000 3.033333 
2.142857 3.057143 2.628571 3.914286 2.857143 8.428571 2.314286 11.142857 2.428571 7.314286 
2.565217 2.086957 2.217391 4.217391 2.043478 4.695652 2.521739 11.217391 2.782609 11.695652 
2.444444 4.000000 2.666667 10.925926 2.592593 3.259259 2.370370 3.629630 2.592593 3.666667 
2.486486 10.297297 2.459459 4.027027 2.486486 10.918919 2.189189 3.567568 2.270270 10.864865 
2.275862 3.793103 2.137931 11.827586 2.655172 10.379310 2.344828 3.965517 2.413793 2.724138 
2.257143 10.400000 2.485714 10.857143 2.171429 7.714286 2.657143 2.914286 2.657143 10.942857 
2.375000 2.187500 2.375000 4.812500 3.312500 10.687500 2.562500 9.937500 1.687500 11.875000 
2.266667 4.000000 2.866667 8.400000 2.400000 9.066667 2.800000 2.333333 2.933333 3.800000 
2.192308 8.923077 2.153846 2.230769 2.961538 7.461538 2.423077 2.807692 2.192308 6.923077 
2.869565 5.608696 2.739130 8.173913 2.304348 6.652174 2.913043 11.260870 2.826087 10.043478 
2.322581 9.709677 2.322581 2.387097 2.161290 4.612903 2.516129 9.161290 2.161290 3.516129 
2.266667 5.266667 2.533333 10.400000 2.600000 2.133333 2.933333 8.666667 2.533333 7.133333 
2.857143 11.333333 2.714286 9.333333 2.476190 4.190476 2.000000 2.333333 2.238095 2.190476 
2.687500 2.500000 2.875000 7.437500 2.687500 3.500000 2.437500 11.937500 2.812500 7.000000 
1.944444 4.388889 2.222222 2.500000 2.611111 2.555556 2.500000 10.555556 2.555556 6.000000 
2.214286 11.071429 2.107143 11.464286 2.464286 7.428571 2.714286 11.928571 3.035714 5.464286 
2.200000 5.800000 2.320000 12.240000 2.400000 11.280000 2.840000 2.160000 2.560000 10.400000 
2.533333 5.933333 1.866667 3.333333 2.333333 6.333333 3.533333 6.733333 2.133333 9.866667 
2.900000 5.300000 3.000000 2.300000 2.100000 6.300000 3.000000 8.000000 2.400000 1.700000 
3.090909 11.590909 2.727273 11.409091 2.090909 11.090909 3.090909 5.409091 2.318182 3.045455 
2.578947 6.473684 2.473684 3.000000 2.157895 2.473684 2.631579 2.157895 1.736842 4.578947 
1.888889 8.111111 2.666667 12.000000 3.000000 1.222222 2.444444 10.222222 1.555556 4.666667 
2.136364 7.227273 2.409091 12.000000 2.409091 10.863636 2.318182 11.045455 2.500000 2.500000 
2.285714 12.428571 1.642857 1.714286 2.285714 3.214286 2.857143 4.071429 2.500000 5.142857 

Avg Classes:
2.482072 7.045153 2.496680 6.972112 2.519256 7.025232 2.520584 6.966799 2.525896 6.812749 
2.442700 6.769231 2.466248 7.087912 2.472527 7.183673 2.525903 6.890110 2.554160 7.221350 
2.550725 8.000000 2.304348 6.318841 2.449275 6.739130 2.565217 6.898551 2.463768 6.869565 
2.413793 8.172414 2.482759 7.965517 2.724138 8.620690 2.620690 6.827586 2.758621 6.517241 
2.600000 7.200000 2.000000 8.400000 2.200000 7.800000 1.600000 6.000000 1.400000 5.000000 
2.000000 3.500000 2.000000 6.500000 2.000000 4.500000 2.000000 5.000000 2.000000 6.250000 
4.000000 8.000000 2.500000 7.000000 2.500000 8.000000 3.500000 10.000000 1.500000 7.000000 
1.000000 2.000000 3.000000 2.000000 4.000000 2.000000 2.000000 2.000000 1.000000 8.000000 
-1.000000 -1.000000 -1.000000 -1.000000 -1.000000 -1.000000 -1.000000 -1.000000 -1.000000 -1.000000 
-1.000000 -1.000000 -1.000000 -1.000000 -1.000000 -1.000000 -1.000000 -1.000000 -1.000000 -1.000000 

Cluster 0 is class 1
Cluster 1 is class 0
Cluster 2 is class 5
Cluster 3 is class 5
Cluster 4 is class 3
Cluster 5 is class 0
Cluster 6 is class 0
Cluster 7 is class 2
Cluster 8 is class 2
Cluster 9 is class 0
Cluster 10 is class 6
Cluster 11 is class 5
Cluster 12 is class 4
Cluster 13 is class 0
Cluster 14 is class 0
Cluster 15 is class 4
Cluster 16 is class 2
Cluster 17 is class 6
Cluster 18 is class 2
Cluster 19 is class 0
Cluster 20 is class 3
Cluster 21 is class 5
Cluster 22 is class 0
Cluster 23 is class 0
Cluster 24 is class 0
Cluster 25 is class 5
Cluster 26 is class 0
Cluster 27 is class 4
Cluster 28 is class 0
Cluster 29 is class 0
Cluster 30 is class 4
Cluster 31 is class 2
Cluster 32 is class 6
Cluster 33 is class 2
Cluster 34 is class 0
Cluster 35 is class 4
Cluster 36 is class 0
Cluster 37 is class 0
Cluster 38 is class 6
Cluster 39 is class 1
Cluster 40 is class 1
Cluster 41 is class 0
Cluster 42 is class 3
Cluster 43 is class 5
Cluster 44 is class 0
Cluster 45 is class 3
Cluster 46 is class 2

Overall Accuracy is 0.248667

