----------------------------For Number of clusters 44----------------------------
Number of Iterations for Kmeans: 38
Avg Clusters:
2.451613 11.096774 2.435484 4.193548 2.629032 10.532258 2.709677 3.629032 2.483871 4.032258 
2.611111 10.759259 2.648148 4.444444 2.648148 9.740741 2.370370 8.981481 2.481481 10.166667 
2.576271 4.491525 2.779661 10.322034 2.288136 8.898305 2.457627 10.220339 2.576271 10.355932 
2.155172 9.431034 2.120690 2.965517 2.362069 4.931034 2.517241 10.034483 2.465517 4.224138 
2.379310 4.120690 2.500000 10.275862 2.362069 3.982759 2.568966 3.293103 2.534483 4.500000 
2.485714 3.971429 2.371429 3.871429 2.571429 3.957143 2.400000 3.171429 2.557143 9.442857 
2.318182 9.454545 2.181818 3.363636 2.272727 10.090909 2.159091 2.954545 2.477273 9.863636 
2.254902 9.843137 2.372549 10.882353 2.333333 6.549020 2.450980 3.411765 2.529412 9.764706 
2.414634 3.414634 2.853659 3.390244 2.390244 4.292683 2.536585 7.121951 2.414634 2.829268 
2.200000 6.325000 2.475000 11.400000 2.550000 9.750000 2.300000 10.600000 2.500000 2.750000 
2.185185 2.685185 2.444444 4.833333 2.814815 8.518519 2.407407 10.629630 2.314815 8.537037 
2.463415 11.536585 2.390244 10.024390 2.390244 10.341463 2.609756 10.829268 3.146341 5.439024 
2.575758 10.000000 2.515152 10.212121 2.272727 11.363636 2.878788 5.666667 2.212121 10.151515 
2.567568 3.756757 2.702703 8.324324 2.351351 2.243243 2.324324 10.594595 2.243243 4.351351 
2.562500 2.968750 2.687500 11.156250 2.781250 6.593750 2.968750 8.125000 2.375000 4.312500 
2.322581 2.258065 2.000000 5.645161 2.709677 9.548387 2.580645 3.000000 3.064516 5.322581 
2.736842 5.368421 2.842105 2.105263 2.789474 10.315789 2.736842 11.789474 2.473684 11.526316 
2.512821 2.743590 2.487179 7.307692 2.615385 9.025641 2.692308 2.564103 2.692308 11.051282 
2.804348 10.586957 2.695652 9.869565 2.565217 4.521739 2.217391 4.608696 2.391304 2.913043 
2.400000 5.766667 2.633333 9.800000 2.666667 2.966667 2.800000 9.900000 2.566667 9.200000 
2.241379 3.758621 2.137931 11.206897 2.620690 10.068966 2.344828 3.206897 2.551724 2.758621 
2.365854 9.780488 2.097561 3.536585 2.634146 10.487805 2.634146 10.609756 2.756098 3.560976 
2.636364 7.333333 2.757576 4.333333 2.636364 3.696970 2.121212 9.090909 2.545455 11.212121 
2.642857 3.035714 2.964286 5.714286 2.607143 11.392857 2.250000 8.821429 2.678571 3.035714 
3.214286 9.928571 2.535714 6.500000 2.464286 1.714286 2.178571 2.535714 2.428571 4.642857 
2.161290 10.225806 2.483871 11.387097 2.806452 4.580645 2.612903 11.483871 2.645161 4.612903 
2.275862 1.758621 2.275862 4.655172 1.862069 3.344828 2.689655 9.586207 2.482759 12.241379 
2.454545 11.318182 2.909091 3.545455 1.727273 4.909091 2.772727 11.772727 2.363636 9.227273 
3.000000 5.210526 1.894737 2.789474 2.578947 10.526316 2.473684 2.894737 3.105263 1.736842 
2.800000 11.240000 2.320000 6.600000 2.560000 2.320000 2.280000 10.000000 2.440000 2.920000 
2.121212 10.515152 2.242424 2.060606 2.454545 3.121212 2.545455 3.515152 2.151515 6.121212 
2.200000 5.550000 2.650000 11.575000 2.500000 11.300000 2.775000 2.400000 2.700000 9.400000 
2.375000 10.625000 2.708333 5.208333 2.166667 2.625000 2.583333 3.250000 2.916667 11.625000 
2.875000 9.666667 2.291667 8.208333 2.666667 10.333333 2.208333 6.583333 2.291667 3.541667 
3.000000 11.611111 2.500000 12.166667 2.388889 10.888889 3.166667 4.833333 2.055556 3.166667 
2.650000 3.600000 2.800000 6.750000 2.600000 12.400000 2.550000 6.800000 2.700000 10.400000 
2.190476 4.285714 2.142857 1.857143 2.190476 11.476190 3.047619 5.428571 2.095238 7.523810 
2.583333 2.500000 2.750000 3.916667 3.083333 3.416667 2.416667 12.333333 2.750000 7.083333 
3.150000 11.800000 2.350000 8.600000 2.600000 4.050000 2.350000 10.500000 2.450000 10.000000 
2.466667 6.200000 2.866667 5.400000 2.866667 11.733333 1.800000 12.266667 2.133333 4.333333 
2.000000 10.352941 2.117647 11.058824 2.411765 2.588235 2.882353 7.235294 2.529412 11.647059 
2.480000 3.560000 2.600000 11.080000 2.360000 11.920000 2.880000 9.760000 2.760000 6.480000 
2.625000 3.312500 2.218750 10.875000 2.500000 2.718750 2.625000 4.156250 2.531250 11.218750 
2.400000 11.666667 2.200000 3.333333 2.733333 1.733333 3.000000 6.600000 3.066667 9.000000 

Avg Classes:
2.482072 7.045153 2.496680 6.972112 2.519256 7.025232 2.520584 6.966799 2.525896 6.812749 
2.442700 6.769231 2.466248 7.087912 2.472527 7.183673 2.525903 6.890110 2.554160 7.221350 
2.550725 8.000000 2.304348 6.318841 2.449275 6.739130 2.565217 6.898551 2.463768 6.869565 
2.413793 8.172414 2.482759 7.965517 2.724138 8.620690 2.620690 6.827586 2.758621 6.517241 
2.600000 7.200000 2.000000 8.400000 2.200000 7.800000 1.600000 6.000000 1.400000 5.000000 
2.000000 3.500000 2.000000 6.500000 2.000000 4.500000 2.000000 5.000000 2.000000 6.250000 
4.000000 8.000000 2.500000 7.000000 2.500000 8.000000 3.500000 10.000000 1.500000 7.000000 
1.000000 2.000000 3.000000 2.000000 4.000000 2.000000 2.000000 2.000000 1.000000 8.000000 
-1.000000 -1.000000 -1.000000 -1.000000 -1.000000 -1.000000 -1.000000 -1.000000 -1.000000 -1.000000 
-1.000000 -1.000000 -1.000000 -1.000000 -1.000000 -1.000000 -1.000000 -1.000000 -1.000000 -1.000000 

Cluster 0 is class 2
Cluster 1 is class 2
Cluster 2 is class 0
Cluster 3 is class 2
Cluster 4 is class 5
Cluster 5 is class 5
Cluster 6 is class 2
Cluster 7 is class 0
Cluster 8 is class 5
Cluster 9 is class 3
Cluster 10 is class 0
Cluster 11 is class 3
Cluster 12 is class 3
Cluster 13 is class 5
Cluster 14 is class 4
Cluster 15 is class 5
Cluster 16 is class 6
Cluster 17 is class 0
Cluster 18 is class 4
Cluster 19 is class 0
Cluster 20 is class 4
Cluster 21 is class 3
Cluster 22 is class 0
Cluster 23 is class 0
Cluster 24 is class 0
Cluster 25 is class 0
Cluster 26 is class 1
Cluster 27 is class 6
Cluster 28 is class 0
Cluster 29 is class 2
Cluster 30 is class 2
Cluster 31 is class 1
Cluster 32 is class 2
Cluster 33 is class 3
Cluster 34 is class 3
Cluster 35 is class 1
Cluster 36 is class 0
Cluster 37 is class 0
Cluster 38 is class 6
Cluster 39 is class 6
Cluster 40 is class 0
Cluster 41 is class 0
Cluster 42 is class 5
Cluster 43 is class 2

Overall Accuracy is 0.186667

