----------------------------For Number of clusters 33----------------------------
Number of Iterations for Kmeans: 26
Avg Clusters:
2.307692 9.987179 2.217949 3.153846 2.512821 9.974359 2.423077 4.128205 2.435897 9.115385 
2.786667 11.000000 2.493333 7.573333 2.373333 10.626667 2.613333 4.613333 2.360000 3.133333 
2.690141 10.366197 2.802817 4.352113 2.380282 8.394366 2.549296 10.802817 2.633803 9.507042 
2.538462 10.711538 2.173077 3.538462 2.596154 3.038462 2.519231 3.211538 2.326923 5.134615 
2.407895 3.289474 2.723684 9.934211 2.618421 6.000000 2.618421 9.947368 2.434211 4.513158 
2.523077 2.984615 2.184615 4.923077 2.569231 10.861538 2.523077 5.692308 2.507692 9.323077 
2.509804 5.764706 2.568627 10.176471 2.490196 3.392157 2.705882 9.666667 2.784314 9.686275 
2.849057 9.905660 2.773585 10.075472 2.283019 4.113208 2.226415 3.962264 2.320755 2.962264 
2.375000 10.171875 2.203125 3.468750 2.171875 4.031250 2.390625 10.359375 2.218750 4.156250 
2.392157 3.196078 2.803922 4.294118 2.549020 3.176471 2.490196 8.803922 2.313725 3.431373 
2.741935 9.774194 2.451613 8.967742 2.967742 2.387097 2.677419 8.322581 2.677419 3.709677 
2.425926 3.277778 2.685185 9.629630 2.351852 10.222222 2.370370 10.629630 2.611111 10.333333 
2.433962 11.113208 2.301887 10.849057 2.452830 8.811321 2.622642 11.037736 2.924528 6.132075 
2.187500 9.687500 2.437500 11.250000 2.687500 3.625000 2.375000 12.437500 2.812500 2.687500 
2.738095 4.690476 2.166667 2.785714 2.571429 10.309524 2.595238 3.261905 2.738095 2.976190 
2.370370 11.037037 2.592593 3.111111 2.740741 1.962963 3.037037 6.888889 2.925926 9.629630 
2.229167 4.437500 2.666667 2.750000 2.895833 9.458333 2.625000 11.354167 2.479167 8.625000 
2.295455 3.886364 2.431818 10.522727 2.340909 3.500000 2.431818 2.795455 2.590909 5.386364 
2.675676 10.594595 2.621622 8.405405 2.621622 3.270270 2.351351 9.270270 2.189189 11.594595 
2.521739 9.369565 2.673913 11.217391 2.478261 10.021739 2.586957 5.826087 2.434783 10.260870 
2.170732 9.951220 2.341463 10.756098 2.341463 5.658537 2.512195 2.878049 2.512195 10.024390 
2.315789 2.763158 2.315789 4.052632 2.263158 3.842105 2.631579 10.552632 2.552632 11.236842 
2.900000 2.725000 2.350000 10.075000 2.625000 3.650000 2.450000 3.825000 2.550000 11.075000 
2.428571 3.904762 2.380952 3.285714 2.857143 3.547619 2.547619 3.095238 2.047619 7.428571 
2.684211 3.631579 2.789474 4.368421 1.736842 2.210526 2.368421 5.473684 3.000000 11.789474 
2.074074 4.037037 2.333333 4.629630 2.370370 6.777778 2.407407 2.444444 2.925926 11.555556 
2.222222 3.688889 2.555556 11.177778 2.488889 10.800000 2.800000 3.022222 2.822222 9.066667 
2.382979 10.148936 2.255319 4.021277 2.595745 10.638298 2.531915 10.191489 2.659574 3.404255 
2.125000 9.916667 2.625000 4.666667 2.125000 3.083333 2.208333 2.375000 2.791667 10.833333 
2.391304 6.260870 2.304348 11.152174 2.434783 11.695652 2.391304 9.521739 2.739130 3.239130 
2.500000 3.656250 2.937500 5.218750 2.625000 11.156250 2.156250 10.500000 2.218750 3.687500 
2.266667 3.177778 2.222222 9.777778 2.888889 9.600000 2.600000 3.488889 2.733333 3.400000 
2.500000 9.050000 2.450000 9.800000 2.250000 12.100000 2.950000 2.250000 2.150000 9.050000 

Avg Classes:
2.482072 7.045153 2.496680 6.972112 2.519256 7.025232 2.520584 6.966799 2.525896 6.812749 
2.442700 6.769231 2.466248 7.087912 2.472527 7.183673 2.525903 6.890110 2.554160 7.221350 
2.550725 8.000000 2.304348 6.318841 2.449275 6.739130 2.565217 6.898551 2.463768 6.869565 
2.413793 8.172414 2.482759 7.965517 2.724138 8.620690 2.620690 6.827586 2.758621 6.517241 
2.600000 7.200000 2.000000 8.400000 2.200000 7.800000 1.600000 6.000000 1.400000 5.000000 
2.000000 3.500000 2.000000 6.500000 2.000000 4.500000 2.000000 5.000000 2.000000 6.250000 
4.000000 8.000000 2.500000 7.000000 2.500000 8.000000 3.500000 10.000000 1.500000 7.000000 
1.000000 2.000000 3.000000 2.000000 4.000000 2.000000 2.000000 2.000000 1.000000 8.000000 
-1.000000 -1.000000 -1.000000 -1.000000 -1.000000 -1.000000 -1.000000 -1.000000 -1.000000 -1.000000 
-1.000000 -1.000000 -1.000000 -1.000000 -1.000000 -1.000000 -1.000000 -1.000000 -1.000000 -1.000000 

Cluster 0 is class 0
Cluster 1 is class 3
Cluster 2 is class 6
Cluster 3 is class 2
Cluster 4 is class 0
Cluster 5 is class 0
Cluster 6 is class 0
Cluster 7 is class 4
Cluster 8 is class 2
Cluster 9 is class 5
Cluster 10 is class 0
Cluster 11 is class 0
Cluster 12 is class 3
Cluster 13 is class 6
Cluster 14 is class 0
Cluster 15 is class 2
Cluster 16 is class 6
Cluster 17 is class 5
Cluster 18 is class 0
Cluster 19 is class 3
Cluster 20 is class 3
Cluster 21 is class 5
Cluster 22 is class 5
Cluster 23 is class 7
Cluster 24 is class 5
Cluster 25 is class 5
Cluster 26 is class 1
Cluster 27 is class 2
Cluster 28 is class 2
Cluster 29 is class 3
Cluster 30 is class 6
Cluster 31 is class 4
Cluster 32 is class 3

Overall Accuracy is 0.175333

