----------------------------For Number of clusters 22----------------------------
Number of Iterations for Kmeans: 47
Avg Clusters:
2.505155 3.855670 2.226804 10.474227 2.659794 6.536082 2.597938 3.793814 2.639175 3.865979 
2.476744 10.116279 2.313953 4.337209 2.639535 10.430233 2.709302 3.686047 2.500000 3.930233 
2.538462 9.813187 2.527473 10.802198 2.516484 4.527473 2.549451 8.450549 2.417582 9.758242 
2.468085 10.553191 2.393617 4.521277 2.468085 2.659574 2.414894 3.414894 2.425532 6.691489 
2.470588 10.166667 2.450980 5.294118 2.490196 10.529412 2.441176 11.039216 2.764706 5.352941 
2.440678 3.661017 2.423729 8.440678 2.220339 4.932203 2.745763 10.372881 2.915254 9.389831 
2.434211 3.197368 2.302632 3.513158 2.473684 10.328947 2.565789 4.776316 2.750000 4.407895 
2.427083 3.885417 2.552083 9.520833 2.489583 10.760417 2.572917 4.000000 2.833333 10.031250 
2.342857 10.185714 2.457143 10.771429 2.300000 9.557143 2.757143 3.828571 2.342857 10.000000 
2.438596 10.157895 2.385965 3.350877 2.438596 9.912281 2.263158 4.578947 2.473684 10.631579 
2.761905 9.777778 2.666667 4.333333 2.349206 3.984127 2.460317 10.285714 2.492063 10.714286 
2.859375 11.171875 2.734375 10.531250 2.390625 7.671875 2.406250 5.234375 2.312500 2.765625 
2.397260 3.821918 2.780822 4.602740 2.506849 3.342466 2.410959 9.315068 2.301370 3.506849 
2.420290 6.695652 2.434783 11.347826 2.492754 11.144928 2.449275 9.666667 2.739130 4.101449 
2.538462 2.961538 2.634615 7.730769 2.557692 10.461538 2.269231 11.480769 2.211538 8.653846 
2.454545 10.290909 2.309091 8.636364 2.909091 3.200000 2.381818 10.527273 2.654545 3.309091 
2.573770 3.754098 2.245902 9.704918 2.426230 3.163934 2.590164 3.065574 2.409836 10.344262 
2.153846 3.282051 2.974359 10.974359 2.743590 6.153846 2.435897 10.333333 2.153846 3.564103 
2.219512 2.195122 2.487805 4.121951 2.195122 4.390244 2.634146 8.951220 2.414634 11.682927 
2.509804 4.803922 2.627451 2.450980 2.784314 10.078431 2.823529 10.607843 2.490196 9.803922 
2.380952 4.206349 2.476190 3.253968 2.587302 4.000000 2.317460 3.015873 2.634921 9.380952 
2.170732 10.609756 2.292683 2.268293 2.219512 4.682927 2.731707 9.707317 2.268293 4.097561 

Avg Classes:
2.482072 7.045153 2.496680 6.972112 2.519256 7.025232 2.520584 6.966799 2.525896 6.812749 
2.442700 6.769231 2.466248 7.087912 2.472527 7.183673 2.525903 6.890110 2.554160 7.221350 
2.550725 8.000000 2.304348 6.318841 2.449275 6.739130 2.565217 6.898551 2.463768 6.869565 
2.413793 8.172414 2.482759 7.965517 2.724138 8.620690 2.620690 6.827586 2.758621 6.517241 
2.600000 7.200000 2.000000 8.400000 2.200000 7.800000 1.600000 6.000000 1.400000 5.000000 
2.000000 3.500000 2.000000 6.500000 2.000000 4.500000 2.000000 5.000000 2.000000 6.250000 
4.000000 8.000000 2.500000 7.000000 2.500000 8.000000 3.500000 10.000000 1.500000 7.000000 
1.000000 2.000000 3.000000 2.000000 4.000000 2.000000 2.000000 2.000000 1.000000 8.000000 
-1.000000 -1.000000 -1.000000 -1.000000 -1.000000 -1.000000 -1.000000 -1.000000 -1.000000 -1.000000 
-1.000000 -1.000000 -1.000000 -1.000000 -1.000000 -1.000000 -1.000000 -1.000000 -1.000000 -1.000000 

Cluster 0 is class 4
Cluster 1 is class 0
Cluster 2 is class 0
Cluster 3 is class 2
Cluster 4 is class 6
Cluster 5 is class 1
Cluster 6 is class 0
Cluster 7 is class 1
Cluster 8 is class 3
Cluster 9 is class 2
Cluster 10 is class 2
Cluster 11 is class 3
Cluster 12 is class 5
Cluster 13 is class 3
Cluster 14 is class 6
Cluster 15 is class 0
Cluster 16 is class 5
Cluster 17 is class 4
Cluster 18 is class 1
Cluster 19 is class 6
Cluster 20 is class 7
Cluster 21 is class 2

Overall Accuracy is 0.182667

