----------------------------For Number of clusters 94----------------------------
Number of Iterations for Kmeans: 13
Avg Clusters:
2.233333 2.633333 2.566667 7.533333 2.233333 2.100000 2.733333 5.200000 2.700000 7.133333 
2.694444 9.500000 2.361111 10.000000 2.666667 2.500000 2.361111 9.388889 2.194444 10.611111 
2.600000 3.100000 2.533333 10.600000 2.733333 7.100000 2.333333 3.100000 3.000000 3.866667 
2.541667 9.416667 2.333333 3.166667 2.291667 2.291667 2.208333 2.166667 2.250000 4.625000 
2.342857 4.657143 2.628571 3.828571 2.400000 3.628571 2.600000 10.371429 2.285714 3.600000 
2.125000 2.843750 2.625000 3.468750 2.781250 3.812500 2.562500 2.406250 2.437500 9.531250 
2.343750 3.812500 2.781250 3.000000 2.937500 9.437500 2.656250 11.250000 2.656250 9.125000 
2.516129 11.580645 2.129032 6.096774 2.709677 3.483871 2.225806 10.677419 2.419355 3.258065 
2.571429 7.571429 2.476190 12.000000 2.142857 4.619048 2.000000 4.190476 2.476190 10.809524 
2.434783 9.130435 3.086957 7.000000 2.478261 7.478261 2.478261 11.391304 2.782609 7.260870 
2.236842 3.578947 2.736842 10.973684 2.921053 7.394737 2.500000 10.368421 2.157895 3.500000 
2.750000 10.083333 3.083333 3.791667 2.666667 6.791667 2.416667 6.958333 2.875000 12.208333 
3.294118 10.411765 2.058824 7.647059 2.764706 1.705882 2.235294 3.235294 2.647059 6.823529 
2.444444 7.000000 2.555556 3.944444 1.944444 2.166667 1.833333 4.111111 3.111111 11.666667 
1.875000 10.062500 2.250000 2.875000 1.937500 3.625000 2.812500 11.187500 1.500000 8.875000 
3.040000 11.320000 2.800000 10.320000 2.840000 3.960000 2.280000 3.080000 2.280000 2.320000 
2.411765 9.352941 2.294118 2.705882 2.294118 11.647059 1.941176 4.058824 2.294118 11.764706 
2.800000 11.733333 2.600000 1.666667 2.533333 6.933333 2.600000 11.733333 2.666667 6.000000 
2.142857 9.678571 2.500000 11.214286 2.535714 10.892857 2.571429 10.750000 2.928571 2.500000 
2.875000 10.791667 2.750000 11.458333 2.291667 11.458333 3.000000 5.333333 2.208333 4.083333 
3.100000 3.950000 2.550000 11.550000 2.350000 4.200000 2.750000 8.600000 2.450000 10.550000 
2.071429 7.142857 2.357143 2.000000 2.500000 7.357143 2.214286 2.714286 2.571429 8.071429 
2.789474 10.736842 2.421053 7.421053 2.105263 8.315789 2.000000 4.684211 2.842105 2.157895 
2.533333 10.000000 3.266667 11.000000 2.533333 5.400000 2.400000 7.600000 2.533333 3.933333 
2.344828 1.655172 2.241379 4.758621 1.793103 3.172414 2.620690 9.655172 2.620690 12.034483 
2.466667 2.766667 2.466667 7.866667 2.733333 11.433333 2.700000 4.066667 2.866667 6.933333 
2.583333 5.041667 2.875000 5.958333 2.500000 11.791667 1.875000 10.708333 2.208333 3.416667 
2.571429 11.761905 2.142857 3.380952 2.809524 1.619048 3.095238 5.904762 3.190476 9.238095 
2.095238 4.619048 1.952381 11.476190 2.571429 10.571429 2.380952 3.904762 2.333333 2.238095 
1.692308 7.538462 2.461538 10.307692 1.538462 2.538462 2.076923 4.615385 2.076923 3.538462 
2.250000 4.500000 2.062500 3.875000 2.500000 6.250000 3.375000 6.250000 2.187500 10.312500 
2.190476 3.047619 2.523810 7.666667 2.333333 8.857143 2.619048 12.000000 2.857143 10.523810 
3.187500 5.250000 1.937500 2.000000 2.375000 10.187500 2.062500 5.250000 2.937500 1.562500 
2.000000 10.250000 2.562500 5.562500 2.250000 12.187500 2.625000 10.625000 2.625000 7.500000 
2.500000 11.250000 2.125000 3.312500 2.062500 11.750000 2.500000 2.750000 2.250000 7.062500 
3.000000 2.785714 2.285714 11.785714 2.857143 4.214286 2.785714 5.428571 2.571429 4.357143 
2.545455 1.818182 1.909091 5.090909 3.454545 9.727273 2.090909 8.272727 2.000000 11.454545 
2.846154 11.692308 2.769231 8.307692 2.692308 3.692308 2.923077 3.153846 2.769231 11.692308 
2.304348 7.217391 2.347826 10.913043 2.086957 10.913043 2.913043 3.391304 2.739130 11.000000 
2.545455 9.090909 2.681818 2.500000 2.181818 7.545455 3.045455 8.454545 2.727273 3.181818 
1.727273 10.181818 3.363636 3.545455 1.727273 2.909091 2.636364 2.545455 2.454545 9.363636 
2.500000 3.055556 1.944444 5.611111 2.666667 10.777778 2.666667 2.444444 2.722222 11.333333 
2.750000 5.500000 2.750000 3.250000 2.500000 6.250000 2.875000 11.750000 1.875000 12.250000 
2.533333 12.400000 2.000000 7.600000 3.266667 7.333333 2.666667 8.000000 2.600000 9.333333 
2.916667 3.291667 2.625000 8.833333 2.791667 5.708333 2.583333 2.708333 2.458333 10.916667 
2.461538 5.692308 2.230769 12.461538 2.846154 8.076923 2.923077 7.307692 2.538462 6.692308 
2.375000 9.000000 1.500000 5.500000 2.875000 7.625000 2.375000 2.875000 2.250000 10.875000 
2.523810 3.476190 2.666667 8.857143 1.952381 2.000000 2.190476 11.619048 2.095238 4.619048 
2.846154 7.923077 2.769231 10.692308 2.538462 12.230769 2.769231 10.384615 2.461538 9.692308 
2.352941 11.117647 2.000000 12.294118 2.470588 8.176471 3.117647 10.882353 2.764706 7.470588 
2.476190 2.380952 2.761905 11.285714 2.190476 10.428571 2.285714 8.190476 2.571429 10.523810 
2.583333 9.166667 2.416667 2.250000 2.250000 10.916667 2.583333 11.833333 2.250000 11.416667 
3.090909 4.818182 2.545455 3.818182 2.181818 9.818182 1.727273 1.545455 2.181818 4.545455 
1.500000 6.000000 2.000000 1.625000 3.250000 9.125000 2.500000 11.250000 2.750000 5.375000 
2.500000 8.500000 1.666667 5.000000 3.166667 9.166667 2.833333 1.833333 2.666667 7.333333 
2.642857 8.428571 2.571429 8.500000 2.428571 1.642857 2.357143 8.500000 2.642857 2.928571 
3.750000 7.375000 2.750000 9.375000 3.000000 11.250000 1.375000 6.375000 2.125000 10.000000 
-1.000000 -1.000000 -1.000000 -1.000000 -1.000000 -1.000000 -1.000000 -1.000000 -1.000000 -1.000000 
2.000000 2.947368 2.315789 2.000000 2.263158 10.789474 2.684211 5.894737 2.263158 7.315789 
2.111111 9.111111 2.777778 2.000000 3.333333 11.777778 3.666667 4.555556 1.777778 4.333333 
2.888889 11.444444 2.666667 6.666667 1.777778 4.111111 3.000000 12.666667 2.333333 10.888889 
2.782609 4.478261 2.260870 10.826087 2.304348 12.260870 2.478261 9.434783 2.913043 4.826087 
2.625000 1.875000 3.375000 3.250000 3.000000 11.750000 3.125000 8.125000 3.125000 2.375000 
2.235294 3.235294 2.882353 11.823529 2.470588 10.176471 3.058824 1.705882 2.823529 9.647059 
2.333333 10.777778 1.777778 4.444444 2.666667 11.111111 2.333333 11.611111 2.777778 2.388889 
1.941176 3.647059 1.764706 11.294118 2.176471 2.235294 2.647059 2.058824 2.470588 9.764706 
2.333333 11.444444 1.944444 9.944444 2.722222 7.166667 2.777778 2.500000 2.277778 7.000000 
1.250000 9.000000 1.000000 3.875000 2.750000 4.000000 2.750000 6.375000 1.500000 5.250000 
1.545455 10.818182 2.454545 11.363636 2.181818 8.000000 2.636364 2.727273 2.909091 11.909091 
2.583333 12.166667 2.500000 2.416667 2.500000 7.333333 2.583333 5.333333 2.833333 6.916667 
2.733333 11.266667 2.266667 6.000000 2.666667 11.800000 3.066667 3.933333 2.933333 2.800000 
1.875000 11.500000 2.875000 9.125000 2.125000 12.500000 3.625000 2.500000 2.000000 9.250000 
2.307692 5.461538 2.769231 5.923077 3.076923 4.076923 3.000000 10.230769 2.923077 8.923077 
2.476190 2.904762 2.857143 3.571429 2.666667 3.523810 2.428571 5.666667 2.571429 2.714286 
2.900000 5.500000 2.400000 2.300000 2.800000 2.000000 2.000000 10.500000 3.100000 8.900000 
2.125000 12.000000 1.750000 2.125000 1.750000 3.375000 2.000000 8.125000 2.625000 5.000000 
1.833333 8.166667 3.333333 12.000000 2.333333 9.333333 1.333333 10.500000 1.500000 10.666667 
2.333333 2.333333 2.000000 1.500000 2.500000 10.500000 3.166667 1.500000 3.333333 4.500000 
2.272727 2.727273 2.727273 8.181818 2.272727 6.090909 2.545455 10.363636 2.818182 7.636364 
2.000000 10.250000 2.125000 10.875000 2.125000 8.750000 2.375000 8.375000 2.375000 12.500000 
3.000000 12.444444 2.666667 8.333333 2.666667 10.222222 2.222222 12.111111 3.111111 6.222222 
2.285714 6.714286 2.142857 12.142857 2.571429 12.142857 1.714286 1.714286 2.714286 7.428571 
2.785714 4.428571 2.357143 6.857143 2.428571 5.642857 2.857143 3.571429 2.571429 2.500000 
-1.000000 -1.000000 -1.000000 -1.000000 -1.000000 -1.000000 -1.000000 -1.000000 -1.000000 -1.000000 
3.000000 11.500000 3.250000 7.500000 2.750000 9.750000 1.250000 5.750000 1.750000 7.750000 
2.133333 10.266667 2.266667 11.400000 2.466667 3.866667 2.533333 12.400000 3.000000 3.333333 
2.600000 12.400000 2.400000 2.200000 1.600000 11.800000 1.800000 3.800000 2.000000 2.000000 
2.428571 11.857143 2.714286 2.857143 2.428571 11.000000 1.142857 8.285714 2.714286 8.000000 
2.909091 4.181818 2.818182 5.909091 2.636364 12.636364 3.000000 7.090909 3.090909 10.818182 
1.571429 11.571429 2.571429 1.285714 3.571429 6.714286 2.857143 2.571429 1.714286 3.285714 
3.090909 9.454545 2.454545 6.181818 3.000000 10.000000 2.363636 7.545455 1.909091 4.545455 
2.600000 1.800000 2.700000 6.800000 2.700000 9.500000 2.100000 12.500000 1.900000 6.000000 
1.000000 12.000000 4.000000 8.000000 1.000000 5.000000 4.000000 7.000000 4.000000 4.000000 
2.000000 6.166667 3.166667 6.333333 2.333333 11.333333 2.833333 2.000000 2.166667 1.833333 

Avg Classes:
2.482072 7.045153 2.496680 6.972112 2.519256 7.025232 2.520584 6.966799 2.525896 6.812749 
2.442700 6.769231 2.466248 7.087912 2.472527 7.183673 2.525903 6.890110 2.554160 7.221350 
2.550725 8.000000 2.304348 6.318841 2.449275 6.739130 2.565217 6.898551 2.463768 6.869565 
2.413793 8.172414 2.482759 7.965517 2.724138 8.620690 2.620690 6.827586 2.758621 6.517241 
2.600000 7.200000 2.000000 8.400000 2.200000 7.800000 1.600000 6.000000 1.400000 5.000000 
2.000000 3.500000 2.000000 6.500000 2.000000 4.500000 2.000000 5.000000 2.000000 6.250000 
4.000000 8.000000 2.500000 7.000000 2.500000 8.000000 3.500000 10.000000 1.500000 7.000000 
1.000000 2.000000 3.000000 2.000000 4.000000 2.000000 2.000000 2.000000 1.000000 8.000000 
-1.000000 -1.000000 -1.000000 -1.000000 -1.000000 -1.000000 -1.000000 -1.000000 -1.000000 -1.000000 
-1.000000 -1.000000 -1.000000 -1.000000 -1.000000 -1.000000 -1.000000 -1.000000 -1.000000 -1.000000 

Cluster 0 is class 5
Cluster 1 is class 0
Cluster 2 is class 4
Cluster 3 is class 2
Cluster 4 is class 5
Cluster 5 is class 7
Cluster 6 is class 6
Cluster 7 is class 0
Cluster 8 is class 0
Cluster 9 is class 6
Cluster 10 is class 4
Cluster 11 is class 1
Cluster 12 is class 2
Cluster 13 is class 1
Cluster 14 is class 0
Cluster 15 is class 4
Cluster 16 is class 0
Cluster 17 is class 2
Cluster 18 is class 3
Cluster 19 is class 3
Cluster 20 is class 0
Cluster 21 is class 0
Cluster 22 is class 3
Cluster 23 is class 3
Cluster 24 is class 1
Cluster 25 is class 0
Cluster 26 is class 6
Cluster 27 is class 2
Cluster 28 is class 4
Cluster 29 is class 4
Cluster 30 is class 0
Cluster 31 is class 6
Cluster 32 is class 0
Cluster 33 is class 6
Cluster 34 is class 2
Cluster 35 is class 5
Cluster 36 is class 0
Cluster 37 is class 0
Cluster 38 is class 3
Cluster 39 is class 2
Cluster 40 is class 2
Cluster 41 is class 0
Cluster 42 is class 6
Cluster 43 is class 2
Cluster 44 is class 1
Cluster 45 is class 0
Cluster 46 is class 2
Cluster 47 is class 5
Cluster 48 is class 3
Cluster 49 is class 3
Cluster 50 is class 1
Cluster 51 is class 6
Cluster 52 is class 0
Cluster 53 is class 6
Cluster 54 is class 2
Cluster 55 is class 0
Cluster 56 is class 1
Cluster 57 is class 8
Cluster 58 is class 0
Cluster 59 is class 2
Cluster 60 is class 6
Cluster 61 is class 3
Cluster 62 is class 0
Cluster 63 is class 1
Cluster 64 is class 6
Cluster 65 is class 5
Cluster 66 is class 0
Cluster 67 is class 2
Cluster 68 is class 0
Cluster 69 is class 2
Cluster 70 is class 3
Cluster 71 is class 3
Cluster 72 is class 0
Cluster 73 is class 5
Cluster 74 is class 2
Cluster 75 is class 2
Cluster 76 is class 0
Cluster 77 is class 1
Cluster 78 is class 0
Cluster 79 is class 0
Cluster 80 is class 6
Cluster 81 is class 3
Cluster 82 is class 5
Cluster 83 is class 8
Cluster 84 is class 3
Cluster 85 is class 3
Cluster 86 is class 2
Cluster 87 is class 0
Cluster 88 is class 0
Cluster 89 is class 2
Cluster 90 is class 3
Cluster 91 is class 1
Cluster 92 is class 0
Cluster 93 is class 4

Overall Accuracy is 0.216000

