----------------------------For Number of clusters 68----------------------------
Number of Iterations for Kmeans: 28
Avg Clusters:
2.575000 3.125000 2.875000 10.400000 2.350000 11.050000 2.500000 8.925000 2.475000 10.400000 
2.175000 4.450000 2.700000 10.675000 2.650000 7.775000 2.850000 10.275000 2.600000 4.925000 
2.480000 3.480000 2.380000 5.080000 2.480000 5.560000 2.580000 2.360000 2.580000 10.700000 
2.370370 2.666667 2.814815 5.370370 2.185185 2.666667 2.037037 6.962963 2.629630 2.814815 
2.676471 10.147059 2.470588 10.588235 2.264706 9.764706 2.617647 5.941176 2.235294 11.088235 
2.465116 3.627907 2.069767 3.767442 2.441860 11.465116 2.744186 4.046512 2.581395 8.302326 
2.696970 10.212121 2.424242 9.424242 2.484848 2.636364 2.545455 9.484848 2.393939 11.333333 
2.970588 10.441176 2.147059 7.823529 2.705882 2.882353 2.205882 3.382353 2.441176 6.176471 
2.454545 10.840909 2.704545 3.840909 2.545455 11.477273 2.863636 3.750000 2.318182 3.545455 
2.714286 3.238095 2.904762 6.809524 2.523810 11.047619 2.047619 8.285714 2.714286 2.666667 
2.333333 10.729167 2.312500 5.562500 2.770833 10.000000 2.479167 11.270833 2.770833 3.375000 
2.541667 3.541667 2.145833 10.916667 2.291667 3.166667 2.562500 3.645833 2.645833 10.291667 
2.230769 2.961538 1.961538 4.500000 2.576923 8.461538 2.461538 2.692308 2.884615 3.269231 
2.405405 3.189189 2.486486 9.567568 2.783784 9.621622 2.621622 2.972973 2.972973 9.000000 
2.300000 9.200000 2.800000 3.900000 2.050000 2.800000 2.300000 3.150000 2.800000 10.600000 
2.708333 10.916667 2.750000 10.916667 2.208333 5.125000 2.666667 6.250000 2.500000 3.000000 
2.500000 10.833333 2.033333 11.500000 2.366667 8.366667 2.833333 11.000000 2.766667 7.000000 
2.730769 8.038462 2.692308 3.346154 2.500000 10.692308 2.769231 11.692308 2.923077 8.653846 
2.840000 10.800000 3.160000 4.840000 3.040000 4.320000 2.840000 8.040000 2.800000 11.120000 
2.833333 4.611111 2.722222 8.277778 1.888889 2.500000 2.111111 11.833333 2.166667 3.222222 
2.434783 7.739130 2.521739 8.913043 2.130435 11.913043 2.565217 7.304348 2.739130 6.347826 
2.125000 2.562500 2.593750 4.937500 2.500000 4.093750 2.687500 7.875000 2.468750 11.343750 
2.950000 10.350000 2.350000 7.850000 2.600000 8.950000 2.000000 5.800000 2.500000 3.100000 
2.090909 2.515152 2.424242 5.484848 2.939394 8.606061 2.181818 12.000000 2.393939 8.424242 
2.384615 3.615385 2.307692 4.230769 2.230769 4.615385 1.846154 12.076923 2.923077 11.076923 
2.535714 4.000000 2.571429 11.000000 2.571429 3.428571 2.357143 3.642857 2.571429 3.785714 
2.533333 10.400000 2.666667 3.000000 2.566667 9.700000 2.066667 4.533333 2.366667 11.233333 
2.241379 3.896552 2.206897 11.793103 2.586207 10.413793 2.310345 3.965517 2.413793 2.655172 
2.444444 8.388889 2.166667 12.000000 2.388889 9.555556 2.666667 3.055556 1.666667 8.333333 
2.625000 3.083333 2.541667 3.541667 2.958333 10.750000 2.583333 8.958333 2.541667 10.875000 
2.285714 4.500000 2.642857 8.428571 2.428571 9.714286 2.857143 2.285714 3.000000 3.642857 
2.375000 8.708333 2.291667 2.333333 2.833333 7.916667 2.291667 2.791667 2.458333 7.000000 
3.050000 5.500000 2.950000 8.350000 2.700000 6.300000 3.100000 10.950000 2.600000 10.100000 
2.437500 9.812500 2.468750 2.593750 2.343750 6.812500 2.656250 9.000000 2.625000 4.000000 
1.700000 4.600000 2.500000 7.900000 2.700000 1.700000 3.500000 8.500000 2.600000 6.200000 
2.764706 9.000000 3.000000 6.941176 2.764706 2.352941 2.588235 2.941176 2.117647 2.058824 
2.846154 2.000000 3.000000 8.307692 2.461538 3.461538 2.384615 11.615385 2.692308 7.230769 
1.933333 3.600000 2.266667 2.400000 2.466667 3.133333 2.733333 11.266667 2.266667 5.266667 
2.230769 11.076923 2.307692 11.461538 2.538462 5.384615 1.923077 12.230769 3.230769 3.076923 
2.176471 5.470588 2.117647 12.470588 2.470588 11.588235 2.882353 2.176471 2.882353 10.941176 
2.600000 5.600000 2.100000 2.700000 1.700000 6.500000 3.700000 6.600000 1.500000 8.200000 
2.666667 5.333333 3.222222 2.444444 2.333333 4.888889 3.222222 8.222222 2.000000 1.888889 
2.538462 11.615385 2.461538 12.000000 1.923077 10.846154 3.000000 3.769231 1.769231 4.076923 
2.300000 3.450000 2.650000 3.200000 2.900000 2.400000 2.500000 2.850000 2.150000 6.500000 
2.200000 8.100000 2.700000 11.500000 3.200000 1.600000 2.700000 10.300000 1.900000 3.700000 
2.100000 7.250000 2.300000 11.950000 2.500000 11.150000 2.450000 11.000000 2.550000 2.400000 
2.117647 11.823529 1.705882 1.705882 2.235294 3.235294 2.882353 3.823529 2.235294 4.823529 
2.960000 11.720000 2.360000 7.120000 2.600000 2.760000 2.280000 9.960000 2.600000 3.680000 
3.062500 5.375000 2.125000 1.812500 2.562500 10.437500 2.312500 5.937500 3.000000 1.562500 
1.857143 10.357143 2.142857 6.500000 2.285714 12.214286 2.428571 2.071429 2.285714 9.928571 
2.400000 10.360000 2.440000 3.120000 1.920000 4.360000 2.600000 11.960000 2.240000 8.800000 
3.111111 2.666667 2.000000 11.444444 2.888889 11.888889 3.111111 7.888889 3.000000 5.555556 
2.125000 12.187500 2.312500 4.937500 2.500000 10.812500 2.062500 8.562500 2.625000 8.250000 
2.086957 10.739130 2.608696 10.739130 2.391304 5.521739 2.478261 3.217391 3.086957 11.130435 
2.066667 4.533333 2.666667 1.600000 3.133333 10.200000 2.800000 10.800000 2.666667 5.333333 
1.700000 7.500000 1.500000 2.400000 3.200000 2.000000 2.100000 6.800000 1.900000 6.400000 
3.272727 4.272727 2.363636 6.363636 2.545455 12.181818 1.727273 11.818182 1.909091 3.727273 
2.615385 11.923077 1.538462 3.153846 2.615385 1.384615 2.538462 6.307692 3.153846 8.538462 
2.500000 1.812500 2.562500 11.187500 2.812500 5.812500 2.625000 7.937500 2.125000 3.187500 
2.272727 8.545455 2.818182 2.272727 2.363636 8.000000 2.545455 10.818182 1.909091 12.454545 
2.200000 11.300000 2.900000 7.300000 2.600000 12.400000 2.200000 12.000000 3.000000 9.300000 
2.428571 7.357143 2.571429 11.500000 2.928571 2.928571 2.285714 9.500000 2.142857 7.928571 
2.545455 12.000000 2.363636 7.363636 2.090909 7.272727 1.727273 2.000000 3.000000 2.909091 
2.300000 2.100000 1.900000 6.100000 1.100000 2.000000 3.300000 11.000000 2.700000 12.000000 
2.000000 10.545455 2.000000 2.818182 2.000000 2.636364 2.181818 11.272727 1.727273 2.545455 
3.555556 11.444444 3.111111 11.444444 2.777778 12.000000 3.111111 7.111111 2.444444 2.555556 
2.777778 9.444444 3.111111 12.555556 2.666667 4.444444 2.111111 2.555556 2.333333 3.666667 
2.200000 7.800000 3.400000 11.500000 2.400000 8.500000 2.100000 10.300000 2.400000 11.400000 

Avg Classes:
2.482072 7.045153 2.496680 6.972112 2.519256 7.025232 2.520584 6.966799 2.525896 6.812749 
2.442700 6.769231 2.466248 7.087912 2.472527 7.183673 2.525903 6.890110 2.554160 7.221350 
2.550725 8.000000 2.304348 6.318841 2.449275 6.739130 2.565217 6.898551 2.463768 6.869565 
2.413793 8.172414 2.482759 7.965517 2.724138 8.620690 2.620690 6.827586 2.758621 6.517241 
2.600000 7.200000 2.000000 8.400000 2.200000 7.800000 1.600000 6.000000 1.400000 5.000000 
2.000000 3.500000 2.000000 6.500000 2.000000 4.500000 2.000000 5.000000 2.000000 6.250000 
4.000000 8.000000 2.500000 7.000000 2.500000 8.000000 3.500000 10.000000 1.500000 7.000000 
1.000000 2.000000 3.000000 2.000000 4.000000 2.000000 2.000000 2.000000 1.000000 8.000000 
-1.000000 -1.000000 -1.000000 -1.000000 -1.000000 -1.000000 -1.000000 -1.000000 -1.000000 -1.000000 
-1.000000 -1.000000 -1.000000 -1.000000 -1.000000 -1.000000 -1.000000 -1.000000 -1.000000 -1.000000 

Cluster 0 is class 0
Cluster 1 is class 0
Cluster 2 is class 5
Cluster 3 is class 5
Cluster 4 is class 3
Cluster 5 is class 1
Cluster 6 is class 0
Cluster 7 is class 0
Cluster 8 is class 2
Cluster 9 is class 4
Cluster 10 is class 6
Cluster 11 is class 5
Cluster 12 is class 5
Cluster 13 is class 1
Cluster 14 is class 0
Cluster 15 is class 4
Cluster 16 is class 6
Cluster 17 is class 6
Cluster 18 is class 0
Cluster 19 is class 0
Cluster 20 is class 3
Cluster 21 is class 5
Cluster 22 is class 3
Cluster 23 is class 6
Cluster 24 is class 0
Cluster 25 is class 5
Cluster 26 is class 0
Cluster 27 is class 4
Cluster 28 is class 3
Cluster 29 is class 0
Cluster 30 is class 4
Cluster 31 is class 2
Cluster 32 is class 6
Cluster 33 is class 2
Cluster 34 is class 5
Cluster 35 is class 2
Cluster 36 is class 0
Cluster 37 is class 5
Cluster 38 is class 3
Cluster 39 is class 3
Cluster 40 is class 2
Cluster 41 is class 0
Cluster 42 is class 3
Cluster 43 is class 7
Cluster 44 is class 0
Cluster 45 is class 3
Cluster 46 is class 2
Cluster 47 is class 0
Cluster 48 is class 0
Cluster 49 is class 3
Cluster 50 is class 6
Cluster 51 is class 1
Cluster 52 is class 2
Cluster 53 is class 0
Cluster 54 is class 0
Cluster 55 is class 2
Cluster 56 is class 6
Cluster 57 is class 2
Cluster 58 is class 5
Cluster 59 is class 6
Cluster 60 is class 6
Cluster 61 is class 0
Cluster 62 is class 4
Cluster 63 is class 5
Cluster 64 is class 2
Cluster 65 is class 3
Cluster 66 is class 4
Cluster 67 is class 6

Overall Accuracy is 0.193333

