----------------------------For Number of clusters 6----------------------------
Number of Iterations for Kmeans: 64
Avg Clusters:
2.481366 5.900621 2.322981 8.608696 2.465839 8.636646 2.577640 3.704969 2.639752 10.052795 
2.458621 8.706897 2.479310 3.741379 2.472414 9.882759 2.524138 6.889655 2.503448 4.517241 
2.553030 10.352273 2.465909 5.625000 2.443182 2.886364 2.454545 7.178030 2.492424 7.768939 
2.392857 3.535714 2.549107 5.526786 2.508929 6.727679 2.575893 10.750000 2.441964 9.245536 
2.481308 8.406542 2.514019 11.098131 2.607477 9.228972 2.476636 9.378505 2.616822 4.757009 
2.408602 3.897849 2.586022 8.392473 2.537634 4.112903 2.516129 4.731183 2.456989 4.182796 

Avg Classes:
2.482072 7.045153 2.496680 6.972112 2.519256 7.025232 2.520584 6.966799 2.525896 6.812749 
2.442700 6.769231 2.466248 7.087912 2.472527 7.183673 2.525903 6.890110 2.554160 7.221350 
2.550725 8.000000 2.304348 6.318841 2.449275 6.739130 2.565217 6.898551 2.463768 6.869565 
2.413793 8.172414 2.482759 7.965517 2.724138 8.620690 2.620690 6.827586 2.758621 6.517241 
2.600000 7.200000 2.000000 8.400000 2.200000 7.800000 1.600000 6.000000 1.400000 5.000000 
2.000000 3.500000 2.000000 6.500000 2.000000 4.500000 2.000000 5.000000 2.000000 6.250000 
4.000000 8.000000 2.500000 7.000000 2.500000 8.000000 3.500000 10.000000 1.500000 7.000000 
1.000000 2.000000 3.000000 2.000000 4.000000 2.000000 2.000000 2.000000 1.000000 8.000000 
-1.000000 -1.000000 -1.000000 -1.000000 -1.000000 -1.000000 -1.000000 -1.000000 -1.000000 -1.000000 
-1.000000 -1.000000 -1.000000 -1.000000 -1.000000 -1.000000 -1.000000 -1.000000 -1.000000 -1.000000 

Cluster 0 is class 1
Cluster 1 is class 2
Cluster 2 is class 2
Cluster 3 is class 0
Cluster 4 is class 3
Cluster 5 is class 5

Overall Accuracy is 0.209333

