----------------------------For Number of clusters 34----------------------------
Number of Iterations for Kmeans: 36
Avg Clusters:
2.705882 3.176471 2.220588 9.955882 2.455882 4.014706 2.632353 3.838235 2.529412 10.250000 
2.359375 9.875000 2.609375 2.968750 2.593750 10.015625 2.718750 5.187500 2.281250 3.484375 
2.283784 10.432432 2.608108 10.351351 2.783784 5.094595 2.486486 10.148649 2.716216 4.824324 
2.580000 10.320000 2.160000 3.380000 2.540000 2.540000 2.360000 3.080000 2.340000 5.600000 
2.500000 10.539474 2.276316 4.894737 2.434211 10.697368 2.526316 10.973684 2.684211 5.815789 
2.692308 9.019231 2.480769 9.653846 2.596154 3.423077 2.480769 9.500000 2.326923 11.307692 
2.484375 2.937500 2.093750 4.031250 2.531250 10.125000 2.593750 3.781250 2.765625 4.875000 
2.413793 4.597701 2.643678 10.425287 2.379310 11.103448 2.620690 4.321839 2.689655 9.758621 
2.320755 10.849057 2.339623 10.433962 2.509434 8.679245 2.905660 3.301887 2.471698 9.433962 
2.577778 10.266667 2.488889 3.511111 2.488889 9.822222 2.177778 5.266667 2.511111 11.244444 
2.433962 8.735849 2.849057 3.132075 2.339623 4.981132 2.547170 10.943396 2.377358 10.037736 
2.782609 10.869565 2.326087 8.913043 2.260870 9.521739 2.326087 4.130435 2.478261 2.782609 
2.377358 3.905660 2.792453 4.169811 2.471698 3.867925 2.433962 8.943396 2.415094 2.962264 
2.565217 9.478261 2.543478 11.326087 2.478261 11.239130 2.543478 10.152174 2.847826 3.804348 
2.241935 2.741935 2.661290 8.241935 2.467742 8.790323 2.354839 11.354839 2.483871 8.467742 
2.586957 10.826087 2.282609 4.217391 2.239130 3.630435 2.347826 10.434783 2.282609 3.260870 
2.400000 8.440000 2.480000 10.680000 2.360000 3.280000 1.760000 3.360000 2.400000 8.400000 
2.212766 4.063830 2.595745 10.446809 2.595745 3.234043 2.510638 10.255319 2.425532 4.851064 
2.508475 3.796610 2.508475 3.084746 2.830508 9.711864 2.796610 10.033898 2.338983 10.118644 
2.636364 4.424242 2.727273 5.030303 2.757576 11.848485 1.939394 10.060606 2.606061 3.000000 
2.394737 3.157895 2.526316 3.868421 2.736842 3.236842 2.605263 2.842105 2.157895 6.921053 
2.111111 11.814815 2.185185 3.888889 2.629630 3.370370 3.074074 7.259259 2.666667 8.407407 
2.652174 3.869565 2.326087 11.195652 2.782609 10.000000 2.630435 8.608696 2.608696 3.717391 
3.029412 10.235294 2.735294 9.764706 2.500000 3.058824 2.558824 3.705882 2.411765 2.705882 
2.593750 3.781250 2.562500 11.000000 2.437500 3.625000 2.406250 4.187500 2.562500 3.656250 
2.636364 6.363636 2.681818 3.363636 1.909091 2.272727 2.000000 4.090909 3.090909 11.409091 
2.727273 10.363636 2.272727 3.545455 2.136364 11.545455 2.500000 2.181818 2.363636 7.318182 
2.476190 11.333333 2.761905 5.904762 2.523810 3.142857 2.809524 3.285714 2.857143 11.571429 
2.483871 8.967742 2.580645 10.838710 2.387097 10.225806 2.354839 9.387097 2.290323 10.903226 
2.428571 2.571429 2.571429 4.333333 2.809524 3.571429 2.523810 12.142857 2.761905 8.619048 
1.933333 7.000000 2.066667 2.533333 2.400000 7.400000 2.266667 2.200000 2.600000 8.533333 
2.148148 3.259259 2.185185 4.740741 2.555556 8.370370 2.851852 2.370370 2.925926 11.629630 
2.076923 1.961538 2.307692 5.538462 1.615385 2.769231 2.923077 9.038462 2.615385 11.923077 
2.200000 3.685714 2.400000 10.600000 2.628571 9.485714 2.628571 2.714286 2.657143 3.257143 

Avg Classes:
2.482072 7.045153 2.496680 6.972112 2.519256 7.025232 2.520584 6.966799 2.525896 6.812749 
2.442700 6.769231 2.466248 7.087912 2.472527 7.183673 2.525903 6.890110 2.554160 7.221350 
2.550725 8.000000 2.304348 6.318841 2.449275 6.739130 2.565217 6.898551 2.463768 6.869565 
2.413793 8.172414 2.482759 7.965517 2.724138 8.620690 2.620690 6.827586 2.758621 6.517241 
2.600000 7.200000 2.000000 8.400000 2.200000 7.800000 1.600000 6.000000 1.400000 5.000000 
2.000000 3.500000 2.000000 6.500000 2.000000 4.500000 2.000000 5.000000 2.000000 6.250000 
4.000000 8.000000 2.500000 7.000000 2.500000 8.000000 3.500000 10.000000 1.500000 7.000000 
1.000000 2.000000 3.000000 2.000000 4.000000 2.000000 2.000000 2.000000 1.000000 8.000000 
-1.000000 -1.000000 -1.000000 -1.000000 -1.000000 -1.000000 -1.000000 -1.000000 -1.000000 -1.000000 
-1.000000 -1.000000 -1.000000 -1.000000 -1.000000 -1.000000 -1.000000 -1.000000 -1.000000 -1.000000 

Cluster 0 is class 5
Cluster 1 is class 0
Cluster 2 is class 6
Cluster 3 is class 2
Cluster 4 is class 6
Cluster 5 is class 0
Cluster 6 is class 1
Cluster 7 is class 1
Cluster 8 is class 3
Cluster 9 is class 2
Cluster 10 is class 0
Cluster 11 is class 3
Cluster 12 is class 5
Cluster 13 is class 3
Cluster 14 is class 0
Cluster 15 is class 2
Cluster 16 is class 0
Cluster 17 is class 5
Cluster 18 is class 0
Cluster 19 is class 0
Cluster 20 is class 5
Cluster 21 is class 2
Cluster 22 is class 4
Cluster 23 is class 4
Cluster 24 is class 5
Cluster 25 is class 7
Cluster 26 is class 2
Cluster 27 is class 2
Cluster 28 is class 1
Cluster 29 is class 0
Cluster 30 is class 0
Cluster 31 is class 1
Cluster 32 is class 5
Cluster 33 is class 4

Overall Accuracy is 0.209333

