----------------------------For Number of clusters 67----------------------------
Number of Iterations for Kmeans: 23
Avg Clusters:
2.636364 3.159091 2.840909 10.454545 2.386364 10.545455 2.522727 8.750000 2.522727 10.295455 
2.243243 4.297297 2.756757 10.729730 2.594595 7.837838 2.918919 10.270270 2.567568 5.000000 
2.473684 3.350877 2.561404 4.456140 2.561404 4.333333 2.578947 2.807018 2.578947 10.122807 
2.384615 2.653846 2.846154 5.346154 2.192308 2.615385 2.076923 7.153846 2.576923 2.846154 
2.454545 8.863636 2.727273 10.954545 2.272727 9.818182 2.318182 9.136364 2.227273 11.500000 
2.500000 3.434783 2.086957 3.934783 2.369565 11.239130 2.673913 3.869565 2.586957 8.478261 
2.696970 10.212121 2.424242 9.424242 2.484848 2.636364 2.545455 9.484848 2.393939 11.333333 
2.944444 10.472222 2.305556 7.888889 2.861111 2.666667 2.138889 3.611111 2.500000 6.027778 
2.422222 10.755556 2.688889 3.644444 2.511111 11.400000 2.866667 3.822222 2.333333 3.555556 
2.772727 3.181818 2.863636 6.818182 2.545455 11.090909 2.000000 8.409091 2.772727 2.727273 
2.372093 10.860465 2.186047 5.488372 2.674419 10.162791 2.558140 11.232558 2.790698 3.209302 
2.490196 3.450980 2.235294 11.019608 2.431373 3.568627 2.627451 3.411765 2.627451 10.392157 
2.222222 2.925926 1.962963 4.555556 2.592593 8.555556 2.518519 3.000000 2.925926 3.518519 
2.323529 3.382353 2.470588 9.823529 2.764706 10.235294 2.676471 2.647059 2.735294 8.823529 
2.264706 9.676471 2.852941 3.941176 2.000000 2.911765 2.294118 2.764706 2.764706 10.382353 
2.636364 10.681818 2.863636 10.500000 2.272727 4.727273 2.409091 6.772727 2.363636 2.954545 
2.826087 11.521739 1.913043 11.521739 2.391304 9.086957 3.217391 9.565217 2.913043 7.826087 
2.769231 7.807692 2.730769 3.307692 2.538462 10.730769 2.807692 11.846154 2.923077 8.884615 
2.821429 10.392857 3.000000 4.821429 2.964286 4.142857 2.750000 7.892857 2.857143 11.285714 
2.578947 4.578947 2.684211 8.894737 2.000000 3.000000 1.947368 11.842105 2.105263 2.894737 
2.478261 7.869565 2.434783 8.913043 2.086957 11.869565 2.695652 7.260870 2.826087 6.521739 
2.117647 2.382353 2.352941 5.441176 2.264706 3.676471 2.676471 8.117647 2.529412 11.500000 
2.950000 10.350000 2.350000 7.850000 2.600000 8.950000 2.000000 5.800000 2.500000 3.100000 
2.032258 2.387097 2.451613 5.612903 2.967742 8.645161 2.193548 12.000000 2.419355 8.258065 
2.608696 4.478261 2.652174 3.695652 2.304348 5.173913 2.130435 11.608696 2.739130 10.956522 
2.464286 4.035714 2.607143 11.035714 2.535714 3.500000 2.357143 3.678571 2.642857 3.678571 
2.470588 10.264706 2.529412 3.235294 2.529412 10.117647 1.970588 4.294118 2.411765 11.323529 
2.285714 3.892857 2.178571 11.750000 2.607143 10.321429 2.321429 4.071429 2.392857 2.535714 
2.571429 9.190476 2.238095 11.761905 2.571429 9.380952 2.238095 4.095238 2.190476 7.619048 
2.565217 3.000000 2.478261 3.913043 2.869565 11.000000 2.652174 8.739130 2.434783 10.782609 
2.285714 4.500000 2.642857 8.428571 2.428571 9.714286 2.857143 2.285714 3.000000 3.642857 
2.285714 9.095238 2.285714 2.523810 3.000000 7.952381 2.333333 2.571429 2.428571 6.761905 
2.833333 6.111111 3.055556 8.722222 2.555556 6.277778 2.833333 11.166667 2.666667 10.055556 
2.588235 9.735294 2.500000 2.558824 2.470588 7.000000 2.500000 9.088235 2.617647 4.500000 
1.700000 4.600000 2.500000 7.900000 2.700000 1.700000 3.500000 8.500000 2.600000 6.200000 
3.250000 10.250000 2.583333 8.500000 2.833333 2.166667 2.750000 2.083333 2.250000 1.916667 
3.062500 2.375000 2.937500 8.250000 2.437500 3.375000 2.437500 11.687500 2.750000 7.125000 
1.933333 3.600000 2.266667 2.400000 2.466667 3.133333 2.733333 11.266667 2.266667 5.266667 
1.958333 11.000000 2.333333 11.041667 2.708333 6.375000 2.250000 12.041667 2.916667 4.666667 
2.523810 6.333333 2.285714 12.142857 2.190476 11.333333 2.952381 2.666667 2.714286 11.190476 
2.571429 6.000000 2.142857 2.928571 2.142857 6.928571 3.214286 4.714286 2.000000 9.428571 
2.666667 5.333333 3.222222 2.444444 2.333333 4.888889 3.222222 8.222222 2.000000 1.888889 
2.727273 11.636364 2.090909 12.272727 1.909091 10.636364 3.090909 3.818182 1.727273 2.818182 
2.200000 4.600000 2.533333 4.200000 2.533333 3.000000 2.333333 2.200000 2.000000 4.333333 
2.200000 8.100000 2.700000 11.500000 3.200000 1.600000 2.700000 10.300000 1.900000 3.700000 
2.142857 7.238095 2.380952 12.000000 2.476190 10.952381 2.380952 11.047619 2.571429 2.333333 
2.117647 11.823529 1.705882 1.705882 2.235294 3.235294 2.882353 3.823529 2.235294 4.823529 
2.620690 10.896552 2.241379 6.551724 2.379310 3.034483 2.413793 9.896552 2.482759 3.379310 
3.062500 5.375000 2.125000 1.812500 2.562500 10.437500 2.312500 5.937500 3.000000 1.562500 
2.111111 11.111111 2.388889 8.222222 2.444444 11.611111 2.888889 2.777778 2.055556 9.333333 
2.360000 10.560000 2.440000 3.240000 1.920000 4.280000 2.600000 11.880000 2.200000 8.800000 
3.111111 2.666667 2.000000 11.444444 2.888889 11.888889 3.111111 7.888889 3.000000 5.555556 
2.071429 12.285714 2.214286 4.642857 2.500000 10.857143 1.857143 8.428571 2.571429 8.142857 
2.035714 10.464286 2.500000 10.892857 2.107143 6.214286 2.607143 3.285714 2.785714 11.500000 
2.066667 4.533333 2.666667 1.600000 3.133333 10.200000 2.800000 10.800000 2.666667 5.333333 
1.777778 7.333333 1.555556 2.111111 3.444444 1.888889 2.222222 6.777778 2.000000 6.666667 
2.916667 4.916667 2.666667 6.333333 2.666667 12.000000 1.833333 11.666667 1.666667 3.666667 
2.615385 11.923077 1.538462 3.153846 2.615385 1.384615 2.538462 6.307692 3.153846 8.538462 
2.400000 1.800000 2.600000 11.133333 2.800000 5.933333 2.666667 7.733333 2.133333 3.133333 
2.222222 9.000000 2.888889 2.444444 2.555556 8.444444 2.555556 10.666667 1.777778 12.444444 
2.100000 11.800000 2.900000 7.100000 2.600000 12.300000 2.300000 11.800000 3.000000 9.100000 
2.461538 7.384615 2.461538 11.461538 2.846154 2.769231 2.384615 9.384615 2.076923 7.769231 
2.666667 11.750000 2.416667 7.166667 2.000000 7.083333 1.750000 2.000000 2.833333 3.000000 
3.000000 2.400000 1.800000 5.000000 1.000000 1.600000 3.600000 12.000000 2.400000 12.600000 
1.666667 11.111111 2.000000 2.555556 2.222222 2.666667 2.000000 11.444444 1.666667 2.333333 
3.625000 11.500000 3.250000 11.375000 3.000000 11.875000 3.125000 7.250000 2.625000 2.625000 
2.777778 9.222222 3.444444 12.555556 2.444444 4.666667 2.333333 2.666667 2.555556 3.555556 

Avg Classes:
2.482072 7.045153 2.496680 6.972112 2.519256 7.025232 2.520584 6.966799 2.525896 6.812749 
2.442700 6.769231 2.466248 7.087912 2.472527 7.183673 2.525903 6.890110 2.554160 7.221350 
2.550725 8.000000 2.304348 6.318841 2.449275 6.739130 2.565217 6.898551 2.463768 6.869565 
2.413793 8.172414 2.482759 7.965517 2.724138 8.620690 2.620690 6.827586 2.758621 6.517241 
2.600000 7.200000 2.000000 8.400000 2.200000 7.800000 1.600000 6.000000 1.400000 5.000000 
2.000000 3.500000 2.000000 6.500000 2.000000 4.500000 2.000000 5.000000 2.000000 6.250000 
4.000000 8.000000 2.500000 7.000000 2.500000 8.000000 3.500000 10.000000 1.500000 7.000000 
1.000000 2.000000 3.000000 2.000000 4.000000 2.000000 2.000000 2.000000 1.000000 8.000000 
-1.000000 -1.000000 -1.000000 -1.000000 -1.000000 -1.000000 -1.000000 -1.000000 -1.000000 -1.000000 
-1.000000 -1.000000 -1.000000 -1.000000 -1.000000 -1.000000 -1.000000 -1.000000 -1.000000 -1.000000 

Cluster 0 is class 1
Cluster 1 is class 0
Cluster 2 is class 5
Cluster 3 is class 5
Cluster 4 is class 3
Cluster 5 is class 1
Cluster 6 is class 0
Cluster 7 is class 0
Cluster 8 is class 2
Cluster 9 is class 4
Cluster 10 is class 3
Cluster 11 is class 5
Cluster 12 is class 5
Cluster 13 is class 1
Cluster 14 is class 0
Cluster 15 is class 4
Cluster 16 is class 3
Cluster 17 is class 6
Cluster 18 is class 0
Cluster 19 is class 0
Cluster 20 is class 3
Cluster 21 is class 5
Cluster 22 is class 3
Cluster 23 is class 6
Cluster 24 is class 0
Cluster 25 is class 5
Cluster 26 is class 0
Cluster 27 is class 4
Cluster 28 is class 3
Cluster 29 is class 0
Cluster 30 is class 4
Cluster 31 is class 0
Cluster 32 is class 6
Cluster 33 is class 2
Cluster 34 is class 5
Cluster 35 is class 2
Cluster 36 is class 0
Cluster 37 is class 5
Cluster 38 is class 6
Cluster 39 is class 1
Cluster 40 is class 0
Cluster 41 is class 0
Cluster 42 is class 3
Cluster 43 is class 5
Cluster 44 is class 0
Cluster 45 is class 3
Cluster 46 is class 2
Cluster 47 is class 2
Cluster 48 is class 0
Cluster 49 is class 3
Cluster 50 is class 6
Cluster 51 is class 1
Cluster 52 is class 2
Cluster 53 is class 0
Cluster 54 is class 0
Cluster 55 is class 2
Cluster 56 is class 6
Cluster 57 is class 2
Cluster 58 is class 5
Cluster 59 is class 6
Cluster 60 is class 6
Cluster 61 is class 0
Cluster 62 is class 4
Cluster 63 is class 0
Cluster 64 is class 0
Cluster 65 is class 3
Cluster 66 is class 4

Overall Accuracy is 0.211333

