----------------------------For Number of clusters 73----------------------------
Number of Iterations for Kmeans: 15
Avg Clusters:
2.456522 2.847826 2.673913 9.869565 2.369565 10.695652 2.434783 9.608696 2.543478 10.413043 
2.297297 4.000000 2.783784 10.945946 2.567568 7.540541 2.756757 10.405405 2.540541 5.054054 
2.702703 3.702703 2.540541 4.594595 2.540541 3.108108 2.675676 2.702703 2.378378 9.324324 
2.285714 2.666667 3.047619 5.714286 2.047619 2.857143 2.095238 6.190476 2.476190 2.523810 
2.892857 9.357143 2.535714 10.857143 2.250000 9.892857 2.714286 6.285714 2.321429 11.464286 
2.463415 3.439024 2.292683 3.487805 2.414634 11.414634 2.682927 5.097561 2.658537 8.000000 
2.774194 10.322581 2.419355 9.806452 2.483871 2.612903 2.548387 9.580645 2.387097 11.322581 
2.972973 10.567568 2.324324 7.918919 2.864865 2.756757 2.189189 3.621622 2.486486 5.810811 
2.756757 10.756757 2.567568 5.027027 2.513514 11.297297 2.648649 4.027027 2.405405 3.081081 
2.863636 3.000000 2.863636 6.681818 2.545455 11.090909 2.000000 8.409091 2.909091 2.590909 
2.292683 10.634146 2.170732 5.439024 2.682927 10.365854 2.585366 11.341463 2.902439 3.268293 
2.695652 3.652174 2.239130 10.956522 2.456522 3.913043 2.608696 2.978261 2.478261 10.586957 
1.894737 3.473684 1.684211 3.684211 2.736842 6.315789 2.789474 6.631579 2.315789 6.052632 
2.411765 3.029412 2.705882 9.941176 2.500000 9.470588 2.705882 2.882353 2.852941 7.705882 
2.181818 9.848485 2.878788 4.000000 2.090909 3.000000 2.272727 2.878788 2.727273 10.575758 
2.636364 10.409091 2.909091 10.863636 2.363636 5.636364 2.500000 6.954545 2.545455 3.363636 
2.761905 11.238095 1.857143 11.714286 2.333333 8.952381 3.095238 10.428571 2.714286 7.619048 
2.629630 7.962963 2.740741 3.259259 2.518519 10.629630 2.888889 11.851852 2.925926 8.740741 
2.814815 10.148148 2.962963 4.888889 2.814815 3.777778 2.629630 7.962963 2.888889 11.444444 
2.619048 4.380952 2.714286 8.238095 2.095238 2.714286 1.952381 11.714286 2.285714 3.190476 
2.434783 7.652174 2.521739 8.869565 2.130435 11.826087 2.608696 7.434783 2.739130 6.304348 
2.212121 2.393939 2.575758 7.212121 2.272727 2.696970 2.757576 7.727273 2.848485 11.212121 
2.900000 12.000000 2.600000 7.300000 2.200000 8.500000 2.000000 7.500000 2.000000 2.200000 
2.333333 2.888889 2.518519 4.333333 2.962963 8.703704 2.370370 11.740741 2.407407 7.296296 
2.190476 2.952381 2.619048 3.285714 2.523810 5.571429 2.380952 9.809524 2.333333 11.523810 
2.296296 3.851852 2.333333 11.407407 2.666667 3.370370 2.444444 3.629630 2.703704 4.111111 
2.366667 9.666667 2.633333 3.100000 2.266667 10.466667 1.933333 4.700000 2.366667 11.300000 
2.259259 4.000000 2.148148 11.703704 2.666667 10.333333 2.259259 4.148148 2.370370 2.444444 
2.421053 9.210526 2.263158 12.000000 2.421053 9.368421 2.473684 4.105263 2.315789 7.315789 
2.529412 2.647059 2.411765 4.000000 3.176471 10.176471 2.352941 10.411765 2.000000 11.941176 
1.857143 4.071429 2.357143 6.785714 2.571429 11.000000 2.642857 2.428571 2.714286 3.214286 
2.714286 10.380952 1.857143 4.238095 2.714286 8.904762 2.714286 2.142857 2.666667 8.142857 
2.700000 6.000000 2.950000 7.800000 2.600000 5.900000 2.800000 11.200000 2.600000 10.350000 
2.558824 9.823529 2.500000 2.441176 2.441176 7.000000 2.529412 8.970588 2.588235 4.470588 
1.750000 4.833333 2.666667 9.250000 2.666667 2.166667 2.833333 8.416667 2.666667 6.250000 
3.166667 10.583333 2.583333 8.750000 2.833333 2.083333 2.750000 2.250000 2.083333 1.750000 
3.000000 2.000000 2.750000 8.333333 2.500000 3.833333 2.416667 11.583333 2.583333 7.083333 
2.000000 3.333333 2.333333 2.888889 2.333333 3.055556 2.277778 11.500000 2.777778 6.111111 
1.958333 10.833333 2.458333 11.041667 2.625000 6.291667 2.166667 12.041667 3.000000 4.500000 
2.105263 5.578947 2.052632 12.263158 2.473684 11.421053 2.842105 2.052632 2.631579 10.894737 
2.166667 7.166667 2.000000 1.666667 2.583333 6.583333 2.166667 2.500000 2.333333 8.666667 
3.133333 5.400000 2.800000 2.800000 2.000000 3.666667 3.133333 8.600000 1.933333 2.000000 
2.727273 11.636364 2.090909 12.272727 1.909091 10.636364 3.090909 3.818182 1.727273 2.818182 
2.647059 5.764706 2.764706 3.529412 2.235294 3.000000 2.294118 1.941176 1.823529 4.294118 
2.200000 8.100000 2.700000 11.500000 3.200000 1.600000 2.700000 10.300000 1.900000 3.700000 
2.142857 7.238095 2.380952 12.000000 2.476190 10.952381 2.380952 11.047619 2.571429 2.333333 
2.125000 12.250000 1.875000 1.750000 2.187500 3.437500 2.812500 4.250000 2.312500 5.062500 
2.607143 11.178571 2.214286 6.857143 2.535714 3.035714 2.357143 9.857143 2.535714 3.321429 
3.230769 6.076923 2.461538 1.538462 2.846154 10.076923 2.076923 6.230769 2.923077 1.692308 
2.307692 11.000000 2.538462 8.615385 2.461538 12.461538 2.846154 2.923077 1.769231 9.000000 
2.423077 10.423077 2.500000 3.269231 1.923077 4.307692 2.576923 11.923077 2.269231 8.769231 
3.000000 2.818182 2.181818 11.545455 3.000000 11.909091 3.000000 7.636364 3.000000 6.090909 
2.277778 12.277778 2.333333 4.888889 2.666667 10.444444 2.222222 8.444444 2.611111 8.388889 
1.925926 10.518519 2.481481 10.592593 2.259259 6.222222 2.444444 3.037037 2.814815 11.259259 
1.700000 4.900000 2.500000 2.200000 3.300000 11.800000 2.800000 10.300000 2.800000 4.200000 
1.750000 6.916667 2.166667 2.583333 3.333333 2.166667 2.416667 7.166667 2.000000 7.083333 
3.090909 4.727273 2.545455 6.363636 2.545455 12.090909 1.727273 11.727273 1.636364 3.818182 
2.583333 12.000000 1.500000 3.250000 2.750000 1.333333 2.500000 6.416667 3.250000 8.583333 
2.615385 2.153846 3.000000 10.692308 2.923077 6.000000 2.692308 7.615385 1.923077 2.538462 
2.400000 8.400000 2.700000 2.300000 2.300000 7.800000 2.500000 10.600000 1.900000 12.500000 
2.200000 11.300000 2.900000 7.300000 2.600000 12.400000 2.200000 12.000000 3.000000 9.300000 
2.500000 8.500000 2.125000 11.000000 3.125000 2.750000 2.875000 9.125000 1.750000 7.375000 
2.416667 11.500000 2.250000 7.583333 2.166667 7.000000 1.666667 2.416667 3.083333 2.666667 
3.000000 2.333333 1.666667 4.666667 1.333333 2.000000 3.333333 12.166667 2.500000 12.666667 
1.666667 11.111111 2.000000 2.555556 2.222222 2.666667 2.000000 11.444444 1.666667 2.333333 
3.625000 11.375000 3.375000 11.000000 3.125000 12.125000 2.875000 7.125000 2.625000 2.750000 
2.777778 9.222222 3.444444 12.555556 2.444444 4.666667 2.333333 2.666667 2.555556 3.555556 
2.272727 7.636364 3.454545 11.636364 2.636364 7.636364 2.000000 10.181818 2.545455 11.181818 
3.083333 3.166667 1.500000 2.833333 2.083333 9.916667 2.333333 1.666667 3.166667 2.750000 
1.875000 10.812500 2.375000 1.687500 2.875000 10.125000 3.125000 3.375000 2.062500 4.875000 
1.894737 3.368421 2.578947 4.157895 2.263158 6.684211 2.684211 3.105263 2.842105 11.631579 
2.333333 3.266667 1.866667 6.266667 2.600000 10.933333 3.000000 2.600000 3.066667 11.266667 
2.636364 5.454545 2.363636 8.181818 2.545455 6.909091 3.181818 3.363636 2.727273 2.818182 

Avg Classes:
2.482072 7.045153 2.496680 6.972112 2.519256 7.025232 2.520584 6.966799 2.525896 6.812749 
2.442700 6.769231 2.466248 7.087912 2.472527 7.183673 2.525903 6.890110 2.554160 7.221350 
2.550725 8.000000 2.304348 6.318841 2.449275 6.739130 2.565217 6.898551 2.463768 6.869565 
2.413793 8.172414 2.482759 7.965517 2.724138 8.620690 2.620690 6.827586 2.758621 6.517241 
2.600000 7.200000 2.000000 8.400000 2.200000 7.800000 1.600000 6.000000 1.400000 5.000000 
2.000000 3.500000 2.000000 6.500000 2.000000 4.500000 2.000000 5.000000 2.000000 6.250000 
4.000000 8.000000 2.500000 7.000000 2.500000 8.000000 3.500000 10.000000 1.500000 7.000000 
1.000000 2.000000 3.000000 2.000000 4.000000 2.000000 2.000000 2.000000 1.000000 8.000000 
-1.000000 -1.000000 -1.000000 -1.000000 -1.000000 -1.000000 -1.000000 -1.000000 -1.000000 -1.000000 
-1.000000 -1.000000 -1.000000 -1.000000 -1.000000 -1.000000 -1.000000 -1.000000 -1.000000 -1.000000 

Cluster 0 is class 0
Cluster 1 is class 0
Cluster 2 is class 5
Cluster 3 is class 5
Cluster 4 is class 1
Cluster 5 is class 1
Cluster 6 is class 2
Cluster 7 is class 0
Cluster 8 is class 3
Cluster 9 is class 4
Cluster 10 is class 3
Cluster 11 is class 5
Cluster 12 is class 5
Cluster 13 is class 0
Cluster 14 is class 2
Cluster 15 is class 3
Cluster 16 is class 3
Cluster 17 is class 6
Cluster 18 is class 0
Cluster 19 is class 0
Cluster 20 is class 3
Cluster 21 is class 5
Cluster 22 is class 3
Cluster 23 is class 1
Cluster 24 is class 0
Cluster 25 is class 5
Cluster 26 is class 0
Cluster 27 is class 4
Cluster 28 is class 3
Cluster 29 is class 0
Cluster 30 is class 4
Cluster 31 is class 0
Cluster 32 is class 0
Cluster 33 is class 2
Cluster 34 is class 5
Cluster 35 is class 4
Cluster 36 is class 0
Cluster 37 is class 5
Cluster 38 is class 6
Cluster 39 is class 3
Cluster 40 is class 2
Cluster 41 is class 0
Cluster 42 is class 3
Cluster 43 is class 5
Cluster 44 is class 0
Cluster 45 is class 3
Cluster 46 is class 2
Cluster 47 is class 2
Cluster 48 is class 0
Cluster 49 is class 3
Cluster 50 is class 6
Cluster 51 is class 1
Cluster 52 is class 3
Cluster 53 is class 0
Cluster 54 is class 6
Cluster 55 is class 0
Cluster 56 is class 6
Cluster 57 is class 2
Cluster 58 is class 4
Cluster 59 is class 2
Cluster 60 is class 6
Cluster 61 is class 0
Cluster 62 is class 4
Cluster 63 is class 0
Cluster 64 is class 0
Cluster 65 is class 3
Cluster 66 is class 4
Cluster 67 is class 6
Cluster 68 is class 4
Cluster 69 is class 2
Cluster 70 is class 5
Cluster 71 is class 1
Cluster 72 is class 4

Overall Accuracy is 0.192667

