----------------------------For Number of clusters 96----------------------------
Number of Iterations for Kmeans: 24
Avg Clusters:
2.219512 2.439024 2.195122 5.756098 2.756098 9.829268 2.439024 10.317073 2.317073 10.341463 
2.294118 3.794118 2.764706 10.911765 2.529412 8.705882 2.794118 11.000000 2.500000 5.147059 
2.757576 3.303030 2.515152 3.545455 2.606061 3.212121 2.939394 2.878788 2.303030 8.696970 
2.062500 1.750000 3.062500 5.312500 2.125000 2.750000 2.187500 5.937500 2.687500 2.750000 
2.500000 7.500000 3.250000 10.375000 2.625000 10.812500 1.687500 10.625000 2.250000 11.187500 
2.361111 3.805556 2.305556 3.027778 2.416667 11.444444 2.722222 4.611111 2.555556 7.722222 
2.617647 10.000000 2.470588 9.911765 2.647059 2.764706 2.470588 7.382353 2.352941 11.647059 
3.032258 10.419355 2.354839 7.806452 2.838710 2.516129 2.225806 3.677419 2.774194 5.645161 
2.500000 10.600000 2.500000 4.150000 2.475000 11.825000 2.875000 3.575000 2.350000 3.375000 
3.050000 3.500000 2.550000 8.650000 2.650000 11.200000 1.700000 7.500000 3.000000 2.850000 
2.558824 10.323529 2.205882 4.205882 2.676471 10.588235 2.382353 10.823529 2.647059 3.058824 
2.638889 4.194444 2.222222 9.888889 2.472222 3.722222 2.500000 2.138889 2.388889 10.333333 
1.882353 3.352941 1.647059 4.764706 2.823529 6.529412 2.823529 6.176471 2.411765 5.823529 
2.580645 2.774194 2.645161 9.774194 2.741935 9.096774 2.677419 3.193548 2.806452 8.193548 
2.193548 9.516129 2.741935 4.096774 2.064516 2.806452 2.032258 2.709677 2.903226 10.806452 
2.500000 10.653846 2.692308 10.769231 2.500000 4.269231 2.461538 7.307692 2.384615 3.038462 
2.944444 11.166667 1.722222 12.000000 2.333333 9.166667 3.277778 9.944444 3.166667 7.611111 
2.470588 9.411765 2.529412 2.764706 2.235294 11.235294 2.529412 11.588235 2.705882 9.647059 
3.263158 9.421053 2.842105 4.157895 2.789474 3.736842 2.473684 8.368421 2.894737 12.210526 
2.187500 5.875000 2.875000 11.250000 2.500000 3.062500 2.250000 11.875000 2.187500 2.937500 
2.464286 7.250000 2.714286 8.642857 2.071429 12.178571 2.535714 7.642857 2.607143 6.928571 
2.142857 2.357143 2.750000 6.750000 2.285714 2.250000 2.500000 7.321429 2.750000 10.857143 
2.833333 12.583333 2.500000 5.750000 2.333333 6.833333 2.000000 9.333333 1.500000 3.000000 
1.812500 3.875000 3.312500 5.875000 2.750000 8.812500 2.187500 12.062500 2.062500 5.562500 
2.055556 2.444444 2.555556 3.500000 2.500000 5.222222 2.500000 9.833333 2.500000 11.777778 
2.481481 3.444444 2.518519 11.296296 2.740741 3.370370 2.333333 4.148148 2.407407 4.185185 
2.583333 10.250000 2.666667 3.166667 2.444444 9.666667 2.194444 4.833333 2.472222 11.027778 
1.750000 5.750000 2.083333 12.166667 2.500000 9.583333 3.166667 5.583333 2.083333 1.666667 
2.294118 8.705882 2.235294 11.647059 2.470588 10.058824 2.235294 4.294118 2.176471 6.823529 
2.916667 4.916667 3.000000 2.000000 2.833333 9.166667 2.500000 11.583333 2.666667 11.583333 
2.045455 2.772727 2.318182 10.590909 2.545455 10.454545 2.181818 2.545455 2.863636 3.590909 
2.181818 8.636364 2.181818 4.545455 2.818182 9.000000 2.272727 1.545455 3.000000 7.727273 
2.647059 6.823529 2.882353 7.176471 2.176471 6.529412 3.411765 10.764706 2.882353 9.823529 
2.518519 9.333333 2.703704 2.222222 2.259259 7.111111 2.592593 8.555556 2.703704 4.370370 
2.083333 4.416667 3.000000 7.250000 3.000000 1.750000 2.583333 9.416667 2.750000 5.000000 
3.111111 10.666667 2.666667 9.111111 3.333333 2.000000 2.555556 2.000000 2.111111 1.777778 
2.941176 2.941176 2.529412 8.176471 2.529412 3.588235 2.411765 11.882353 2.588235 7.117647 
1.933333 5.666667 2.066667 2.266667 2.400000 2.933333 2.200000 10.000000 2.866667 7.133333 
1.944444 10.666667 2.055556 11.333333 2.555556 6.388889 2.611111 12.000000 2.888889 5.222222 
2.291667 5.708333 2.250000 12.208333 2.333333 11.166667 2.833333 2.291667 2.708333 10.791667 
2.400000 6.300000 2.100000 1.900000 2.600000 7.100000 1.800000 2.300000 2.200000 8.600000 
2.888889 5.111111 2.777778 3.055556 2.111111 3.611111 3.055556 8.666667 1.944444 2.111111 
2.727273 11.636364 2.090909 12.272727 1.909091 10.636364 3.090909 3.818182 1.727273 2.818182 
2.500000 4.900000 3.000000 4.200000 2.600000 3.400000 2.500000 2.300000 1.700000 4.100000 
2.800000 8.500000 2.700000 7.600000 1.900000 1.700000 2.200000 8.100000 2.700000 1.900000 
2.062500 7.875000 2.375000 11.750000 2.437500 11.187500 2.187500 11.000000 2.687500 2.187500 
2.312500 12.250000 1.812500 1.687500 2.125000 2.812500 2.937500 4.375000 2.750000 5.875000 
1.583333 9.833333 2.083333 5.666667 3.000000 4.166667 1.916667 11.416667 2.833333 2.416667 
3.153846 5.538462 1.923077 1.769231 2.461538 10.076923 2.076923 5.307692 2.769231 1.615385 
2.000000 10.727273 2.272727 6.000000 1.727273 12.818182 2.545455 2.363636 1.909091 10.090909 
2.666667 9.333333 2.333333 2.833333 2.333333 3.500000 2.416667 11.916667 2.416667 8.166667 
2.916667 2.916667 2.250000 11.500000 2.583333 12.250000 2.916667 8.166667 2.750000 6.583333 
2.600000 12.400000 2.133333 6.600000 2.666667 7.533333 2.733333 8.866667 2.666667 9.066667 
2.000000 10.652174 2.347826 10.695652 2.173913 7.000000 2.739130 2.652174 2.695652 11.217391 
1.555556 6.666667 2.000000 2.222222 3.111111 11.888889 3.444444 10.888889 2.333333 5.444444 
1.222222 7.666667 1.777778 2.444444 2.777778 2.666667 2.444444 6.111111 1.222222 6.555556 
3.500000 4.500000 2.200000 5.800000 2.800000 12.600000 1.400000 12.100000 2.100000 3.300000 
2.166667 12.000000 2.500000 4.166667 2.416667 1.666667 2.916667 7.166667 3.083333 8.666667 
2.307692 1.923077 2.692308 10.846154 2.923077 6.230769 2.615385 8.230769 2.153846 2.461538 
2.000000 9.000000 2.166667 2.666667 2.333333 7.666667 2.333333 11.000000 1.166667 12.666667 
2.000000 11.818182 2.818182 6.545455 2.454545 12.363636 2.272727 11.272727 2.909091 8.454545 
2.181818 7.727273 2.454545 11.181818 3.272727 2.545455 2.636364 9.454545 2.363636 7.636364 
2.500000 11.666667 2.583333 7.250000 1.916667 6.916667 1.750000 2.250000 2.833333 3.083333 
3.000000 2.400000 1.800000 5.000000 1.000000 1.600000 3.600000 12.000000 2.400000 12.600000 
1.833333 11.833333 2.000000 1.833333 2.000000 2.000000 2.333333 11.166667 1.500000 2.500000 
3.666667 11.333333 3.333333 11.111111 3.111111 11.777778 3.000000 7.222222 2.666667 2.555556 
2.727273 9.000000 3.181818 12.090909 2.363636 4.545455 2.363636 2.636364 2.545455 3.727273 
2.857143 7.714286 2.857143 11.857143 2.285714 5.428571 1.857143 11.000000 2.571429 11.428571 
2.615385 3.461538 1.923077 3.692308 2.307692 10.153846 2.384615 1.615385 3.153846 2.384615 
1.900000 11.700000 2.700000 1.500000 3.400000 7.800000 2.600000 3.000000 1.900000 4.100000 
1.736842 3.315789 2.526316 4.263158 2.263158 6.789474 2.578947 2.842105 2.947368 11.736842 
2.647059 3.117647 2.000000 6.352941 2.764706 11.352941 3.058824 3.235294 3.176471 11.235294 
2.444444 4.888889 2.555556 8.333333 2.222222 7.000000 3.222222 2.777778 2.777778 2.777778 
2.625000 1.875000 3.375000 3.250000 3.000000 11.750000 3.125000 8.125000 3.125000 2.375000 
1.666667 6.000000 2.000000 12.666667 4.000000 6.000000 3.666667 2.000000 3.333333 8.666667 
2.416667 3.500000 2.666667 1.916667 3.166667 8.416667 3.000000 11.000000 2.583333 6.916667 
2.500000 12.333333 2.333333 9.666667 3.000000 11.333333 2.166667 12.333333 3.500000 3.333333 
2.000000 12.166667 3.500000 1.666667 2.166667 6.000000 2.500000 12.333333 2.000000 8.833333 
2.857143 2.285714 2.142857 10.857143 2.714286 4.285714 2.571429 10.714286 3.000000 11.714286 
3.090909 9.909091 1.818182 7.636364 2.636364 9.363636 2.545455 5.909091 2.727273 3.090909 
2.583333 12.833333 2.333333 9.500000 2.916667 9.750000 3.333333 3.500000 2.250000 8.000000 
2.923077 11.846154 2.461538 7.384615 2.307692 2.384615 2.846154 10.461538 2.153846 5.384615 
3.000000 11.555556 2.333333 7.000000 1.666667 3.444444 2.888889 12.444444 2.444444 11.000000 
-1.000000 -1.000000 -1.000000 -1.000000 -1.000000 -1.000000 -1.000000 -1.000000 -1.000000 -1.000000 
3.166667 7.666667 2.166667 8.000000 2.500000 6.500000 2.000000 4.833333 2.500000 1.666667 
2.900000 2.600000 2.000000 12.600000 2.000000 3.300000 2.500000 4.800000 2.000000 11.400000 
2.692308 6.461538 3.000000 12.153846 2.307692 5.692308 2.692308 6.923077 2.307692 7.923077 
2.600000 9.666667 2.200000 10.733333 2.133333 10.800000 2.533333 6.733333 2.066667 11.666667 
2.333333 12.000000 2.500000 3.666667 3.333333 5.666667 2.833333 5.833333 1.833333 7.166667 
2.454545 11.090909 3.090909 7.272727 2.818182 8.090909 2.090909 11.454545 3.181818 5.454545 
-1.000000 -1.000000 -1.000000 -1.000000 -1.000000 -1.000000 -1.000000 -1.000000 -1.000000 -1.000000 
2.500000 2.000000 3.000000 3.250000 2.750000 3.250000 2.250000 12.250000 2.750000 6.875000 
2.875000 8.875000 2.000000 2.750000 1.875000 2.000000 2.125000 1.375000 2.000000 4.750000 
2.833333 3.833333 2.166667 6.166667 2.000000 3.833333 2.166667 12.500000 1.666667 2.166667 
-1.000000 -1.000000 -1.000000 -1.000000 -1.000000 -1.000000 -1.000000 -1.000000 -1.000000 -1.000000 
2.666667 2.277778 2.500000 11.222222 2.111111 9.944444 2.277778 7.888889 2.888889 10.944444 

Avg Classes:
2.482072 7.045153 2.496680 6.972112 2.519256 7.025232 2.520584 6.966799 2.525896 6.812749 
2.442700 6.769231 2.466248 7.087912 2.472527 7.183673 2.525903 6.890110 2.554160 7.221350 
2.550725 8.000000 2.304348 6.318841 2.449275 6.739130 2.565217 6.898551 2.463768 6.869565 
2.413793 8.172414 2.482759 7.965517 2.724138 8.620690 2.620690 6.827586 2.758621 6.517241 
2.600000 7.200000 2.000000 8.400000 2.200000 7.800000 1.600000 6.000000 1.400000 5.000000 
2.000000 3.500000 2.000000 6.500000 2.000000 4.500000 2.000000 5.000000 2.000000 6.250000 
4.000000 8.000000 2.500000 7.000000 2.500000 8.000000 3.500000 10.000000 1.500000 7.000000 
1.000000 2.000000 3.000000 2.000000 4.000000 2.000000 2.000000 2.000000 1.000000 8.000000 
-1.000000 -1.000000 -1.000000 -1.000000 -1.000000 -1.000000 -1.000000 -1.000000 -1.000000 -1.000000 
-1.000000 -1.000000 -1.000000 -1.000000 -1.000000 -1.000000 -1.000000 -1.000000 -1.000000 -1.000000 

Cluster 0 is class 0
Cluster 1 is class 0
Cluster 2 is class 7
Cluster 3 is class 5
Cluster 4 is class 6
Cluster 5 is class 1
Cluster 6 is class 0
Cluster 7 is class 0
Cluster 8 is class 2
Cluster 9 is class 4
Cluster 10 is class 6
Cluster 11 is class 5
Cluster 12 is class 5
Cluster 13 is class 0
Cluster 14 is class 2
Cluster 15 is class 2
Cluster 16 is class 3
Cluster 17 is class 6
Cluster 18 is class 2
Cluster 19 is class 0
Cluster 20 is class 3
Cluster 21 is class 5
Cluster 22 is class 2
Cluster 23 is class 6
Cluster 24 is class 0
Cluster 25 is class 5
Cluster 26 is class 2
Cluster 27 is class 4
Cluster 28 is class 3
Cluster 29 is class 6
Cluster 30 is class 4
Cluster 31 is class 0
Cluster 32 is class 1
Cluster 33 is class 2
Cluster 34 is class 5
Cluster 35 is class 4
Cluster 36 is class 0
Cluster 37 is class 2
Cluster 38 is class 6
Cluster 39 is class 1
Cluster 40 is class 2
Cluster 41 is class 5
Cluster 42 is class 3
Cluster 43 is class 5
Cluster 44 is class 0
Cluster 45 is class 3
Cluster 46 is class 2
Cluster 47 is class 0
Cluster 48 is class 0
Cluster 49 is class 3
Cluster 50 is class 6
Cluster 51 is class 1
Cluster 52 is class 2
Cluster 53 is class 1
Cluster 54 is class 6
Cluster 55 is class 0
Cluster 56 is class 6
Cluster 57 is class 2
Cluster 58 is class 0
Cluster 59 is class 6
Cluster 60 is class 6
Cluster 61 is class 0
Cluster 62 is class 4
Cluster 63 is class 0
Cluster 64 is class 2
Cluster 65 is class 3
Cluster 66 is class 4
Cluster 67 is class 1
Cluster 68 is class 4
Cluster 69 is class 2
Cluster 70 is class 5
Cluster 71 is class 1
Cluster 72 is class 4
Cluster 73 is class 0
Cluster 74 is class 0
Cluster 75 is class 0
Cluster 76 is class 3
Cluster 77 is class 2
Cluster 78 is class 1
Cluster 79 is class 3
Cluster 80 is class 3
Cluster 81 is class 0
Cluster 82 is class 6
Cluster 83 is class 8
Cluster 84 is class 4
Cluster 85 is class 5
Cluster 86 is class 0
Cluster 87 is class 3
Cluster 88 is class 2
Cluster 89 is class 6
Cluster 90 is class 8
Cluster 91 is class 5
Cluster 92 is class 2
Cluster 93 is class 0
Cluster 94 is class 8
Cluster 95 is class 1

Overall Accuracy is 0.201333

