----------------------------For Number of clusters 91----------------------------
Number of Iterations for Kmeans: 13
Avg Clusters:
2.225806 2.709677 2.516129 7.419355 2.258065 2.064516 2.612903 5.290323 2.709677 7.193548 
2.714286 9.571429 2.342857 10.085714 2.628571 2.457143 2.400000 9.371429 2.228571 10.542857 
2.424242 3.121212 2.484848 10.515152 2.666667 7.151515 2.454545 3.030303 2.909091 3.636364 
2.541667 9.416667 2.333333 3.166667 2.291667 2.291667 2.208333 2.166667 2.250000 4.625000 
2.333333 4.606061 2.606061 3.787879 2.333333 3.515152 2.666667 10.424242 2.242424 3.696970 
2.125000 2.843750 2.625000 3.468750 2.781250 3.812500 2.562500 2.406250 2.437500 9.531250 
2.212121 3.060606 2.666667 4.121212 2.818182 9.272727 2.484848 11.515152 2.454545 7.727273 
2.531250 11.593750 2.093750 5.968750 2.750000 3.562500 2.281250 10.687500 2.375000 3.250000 
2.523810 7.523810 2.523810 11.904762 2.238095 4.476190 2.142857 3.952381 2.428571 10.904762 
2.500000 9.041667 3.083333 7.041667 2.416667 7.500000 2.541667 11.375000 2.833333 7.458333 
2.189189 3.567568 2.783784 10.972973 2.945946 7.351351 2.459459 10.297297 2.162162 3.405405 
2.863636 9.909091 2.954545 3.772727 2.636364 6.909091 2.409091 7.045455 2.772727 12.045455 
3.294118 10.411765 2.058824 7.647059 2.764706 1.705882 2.235294 3.235294 2.647059 6.823529 
2.444444 7.000000 2.555556 3.944444 1.944444 2.166667 1.833333 4.111111 3.111111 11.666667 
1.888889 10.166667 2.166667 2.722222 1.888889 3.833333 2.888889 11.055556 1.777778 8.611111 
3.040000 11.320000 2.800000 10.320000 2.840000 3.960000 2.280000 3.080000 2.280000 2.320000 
2.473684 9.736842 2.421053 2.842105 2.368421 11.473684 2.052632 4.000000 2.210526 11.736842 
2.900000 11.800000 2.800000 1.700000 2.300000 7.500000 2.500000 12.100000 2.700000 6.800000 
2.142857 9.678571 2.500000 11.214286 2.535714 10.892857 2.571429 10.750000 2.928571 2.500000 
2.826087 10.826087 2.782609 11.565217 2.304348 11.391304 2.956522 5.347826 2.217391 4.217391 
3.100000 3.950000 2.550000 11.550000 2.350000 4.200000 2.750000 8.600000 2.450000 10.550000 
2.444444 6.666667 2.444444 2.666667 2.277778 7.666667 2.000000 2.166667 2.333333 7.777778 
2.807692 10.307692 2.307692 7.269231 2.230769 9.038462 2.192308 4.115385 2.846154 2.307692 
2.400000 10.466667 3.266667 10.733333 2.400000 4.933333 2.333333 7.400000 2.600000 3.800000 
2.290323 1.709677 2.258065 4.806452 1.838710 3.322581 2.645161 9.741935 2.580645 11.967742 
2.448276 2.482759 2.379310 7.758621 2.862069 11.000000 2.862069 4.000000 2.758621 6.517241 
2.703704 4.740741 2.814815 6.222222 2.592593 11.703704 1.888889 10.740741 2.185185 3.481481 
2.571429 11.761905 2.142857 3.380952 2.809524 1.619048 3.095238 5.904762 3.190476 9.238095 
2.166667 4.611111 2.000000 11.611111 2.555556 10.833333 2.277778 4.000000 2.444444 2.277778 
1.692308 7.538462 2.461538 10.307692 1.538462 2.538462 2.076923 4.615385 2.076923 3.538462 
2.222222 4.611111 2.055556 4.000000 2.388889 6.500000 3.277778 6.166667 2.277778 10.333333 
2.111111 3.000000 2.777778 7.444444 2.333333 9.055556 2.722222 12.333333 2.722222 10.833333 
3.250000 5.625000 2.062500 1.812500 2.562500 10.250000 2.125000 5.625000 2.875000 1.625000 
2.000000 10.250000 2.562500 5.562500 2.250000 12.187500 2.625000 10.625000 2.625000 7.500000 
2.529412 10.529412 2.294118 3.764706 2.000000 12.058824 2.470588 2.823529 2.176471 6.764706 
3.071429 2.857143 2.071429 12.000000 2.928571 4.285714 2.785714 5.571429 2.642857 4.642857 
2.400000 2.133333 2.266667 5.000000 3.333333 10.333333 2.400000 8.600000 2.133333 11.333333 
2.846154 11.692308 2.769231 8.307692 2.692308 3.692308 2.923077 3.153846 2.769231 11.692308 
2.391304 7.000000 2.304348 11.217391 2.043478 11.000000 2.956522 3.260870 2.869565 11.217391 
2.409091 9.227273 2.727273 2.500000 2.090909 7.136364 2.954545 8.727273 2.727273 3.045455 
1.727273 10.181818 3.363636 3.545455 1.727273 2.909091 2.636364 2.545455 2.454545 9.363636 
2.411765 2.647059 1.941176 5.294118 2.823529 11.000000 2.470588 2.529412 2.529412 11.176471 
2.909091 5.363636 2.818182 2.090909 2.909091 7.909091 2.454545 11.454545 2.272727 12.090909 
2.500000 12.312500 1.937500 7.625000 3.187500 7.375000 2.625000 7.750000 2.500000 9.375000 
2.884615 3.423077 2.615385 8.961538 2.846154 5.884615 2.692308 2.576923 2.576923 10.884615 
2.266667 5.866667 2.733333 12.333333 2.466667 8.266667 2.800000 6.800000 2.333333 7.000000 
2.600000 10.200000 1.400000 4.000000 3.200000 7.000000 2.400000 2.000000 2.800000 11.600000 
2.523810 3.476190 2.666667 8.857143 1.952381 2.000000 2.190476 11.619048 2.095238 4.619048 
2.846154 7.923077 2.769231 10.692308 2.538462 12.230769 2.769231 10.384615 2.461538 9.692308 
2.333333 11.000000 2.111111 12.277778 2.555556 8.111111 3.055556 10.888889 2.666667 7.333333 
2.571429 2.333333 2.619048 11.142857 2.095238 10.523810 2.285714 8.095238 2.666667 10.619048 
2.583333 9.166667 2.416667 2.250000 2.250000 10.916667 2.583333 11.833333 2.250000 11.416667 
2.600000 4.300000 2.200000 4.600000 2.400000 10.400000 2.300000 1.500000 3.000000 1.900000 
1.500000 6.000000 2.000000 1.625000 3.250000 9.125000 2.500000 11.250000 2.750000 5.375000 
1.833333 8.000000 2.000000 6.166667 3.166667 9.166667 2.666667 2.500000 3.833333 9.166667 
2.692308 8.230769 2.461538 8.307692 2.461538 1.692308 2.461538 8.461538 2.692308 2.769231 
3.750000 7.375000 2.750000 9.375000 3.000000 11.250000 1.375000 6.375000 2.125000 10.000000 
-1.000000 -1.000000 -1.000000 -1.000000 -1.000000 -1.000000 -1.000000 -1.000000 -1.000000 -1.000000 
2.000000 3.000000 2.333333 1.944444 2.166667 10.722222 2.777778 6.000000 2.333333 7.277778 
2.166667 8.833333 2.583333 1.916667 3.333333 11.083333 3.500000 4.583333 1.750000 4.666667 
2.888889 11.444444 2.666667 6.666667 1.777778 4.111111 3.000000 12.666667 2.333333 10.888889 
2.652174 4.565217 2.217391 11.000000 2.347826 12.130435 2.565217 9.478261 2.956522 5.000000 
2.625000 1.875000 3.375000 3.250000 3.000000 11.750000 3.125000 8.125000 3.125000 2.375000 
2.357143 2.928571 2.857143 11.571429 2.357143 10.285714 2.928571 1.857143 2.571429 9.428571 
2.263158 10.894737 1.736842 4.315789 2.736842 11.000000 2.421053 11.631579 2.842105 2.473684 
2.000000 3.500000 1.625000 11.312500 2.125000 2.125000 2.562500 2.125000 2.562500 9.687500 
2.333333 11.444444 1.944444 9.944444 2.722222 7.166667 2.777778 2.500000 2.277778 7.000000 
1.250000 9.000000 1.000000 3.875000 2.750000 4.000000 2.750000 6.375000 1.500000 5.250000 
1.545455 10.818182 2.454545 11.363636 2.181818 8.000000 2.636364 2.727273 2.909091 11.909091 
2.833333 12.250000 2.500000 2.416667 2.666667 7.500000 2.500000 4.833333 2.750000 6.833333 
2.727273 11.454545 2.272727 6.727273 2.636364 12.090909 3.272727 5.090909 2.636364 3.000000 
1.875000 11.500000 2.875000 9.125000 2.125000 12.500000 3.625000 2.500000 2.000000 9.250000 
2.266667 5.933333 3.066667 5.866667 3.133333 4.066667 2.866667 10.333333 2.666667 9.733333 
2.545455 2.863636 3.000000 3.727273 2.681818 3.818182 2.409091 5.818182 2.636364 2.500000 
2.900000 5.500000 2.400000 2.300000 2.800000 2.000000 2.000000 10.500000 3.100000 8.900000 
2.333333 12.000000 2.000000 2.000000 1.777778 3.555556 1.888889 8.222222 2.444444 5.111111 
1.833333 8.166667 3.333333 12.000000 2.333333 9.333333 1.333333 10.500000 1.500000 10.666667 
2.166667 2.333333 2.166667 1.666667 2.166667 10.000000 2.833333 1.666667 3.000000 5.333333 
2.583333 2.750000 2.416667 8.833333 2.250000 6.416667 2.666667 11.166667 2.916667 7.583333 
2.000000 10.250000 2.125000 10.875000 2.125000 8.750000 2.375000 8.375000 2.375000 12.500000 
3.000000 12.444444 2.666667 8.333333 2.666667 10.222222 2.222222 12.111111 3.111111 6.222222 
2.125000 6.625000 2.250000 11.750000 2.375000 12.250000 1.750000 2.000000 2.875000 7.375000 
3.166667 4.916667 2.416667 7.250000 2.583333 5.166667 2.916667 3.833333 2.416667 2.416667 
-1.000000 -1.000000 -1.000000 -1.000000 -1.000000 -1.000000 -1.000000 -1.000000 -1.000000 -1.000000 
3.000000 11.500000 3.250000 7.500000 2.750000 9.750000 1.250000 5.750000 1.750000 7.750000 
2.133333 10.266667 2.266667 11.400000 2.466667 3.866667 2.533333 12.400000 3.000000 3.333333 
2.714286 12.142857 2.714286 2.714286 2.000000 11.714286 2.285714 3.285714 2.428571 2.142857 
2.428571 11.857143 2.714286 2.857143 2.428571 11.000000 1.142857 8.285714 2.714286 8.000000 
3.000000 4.400000 2.800000 6.100000 2.600000 12.600000 2.700000 6.600000 3.200000 10.500000 
1.571429 11.571429 2.571429 1.285714 3.571429 6.714286 2.857143 2.571429 1.714286 3.285714 
3.000000 9.300000 2.500000 6.000000 3.000000 10.000000 2.200000 7.700000 1.800000 4.500000 

Avg Classes:
2.482072 7.045153 2.496680 6.972112 2.519256 7.025232 2.520584 6.966799 2.525896 6.812749 
2.442700 6.769231 2.466248 7.087912 2.472527 7.183673 2.525903 6.890110 2.554160 7.221350 
2.550725 8.000000 2.304348 6.318841 2.449275 6.739130 2.565217 6.898551 2.463768 6.869565 
2.413793 8.172414 2.482759 7.965517 2.724138 8.620690 2.620690 6.827586 2.758621 6.517241 
2.600000 7.200000 2.000000 8.400000 2.200000 7.800000 1.600000 6.000000 1.400000 5.000000 
2.000000 3.500000 2.000000 6.500000 2.000000 4.500000 2.000000 5.000000 2.000000 6.250000 
4.000000 8.000000 2.500000 7.000000 2.500000 8.000000 3.500000 10.000000 1.500000 7.000000 
1.000000 2.000000 3.000000 2.000000 4.000000 2.000000 2.000000 2.000000 1.000000 8.000000 
-1.000000 -1.000000 -1.000000 -1.000000 -1.000000 -1.000000 -1.000000 -1.000000 -1.000000 -1.000000 
-1.000000 -1.000000 -1.000000 -1.000000 -1.000000 -1.000000 -1.000000 -1.000000 -1.000000 -1.000000 

Cluster 0 is class 5
Cluster 1 is class 0
Cluster 2 is class 4
Cluster 3 is class 2
Cluster 4 is class 5
Cluster 5 is class 7
Cluster 6 is class 1
Cluster 7 is class 0
Cluster 8 is class 0
Cluster 9 is class 6
Cluster 10 is class 4
Cluster 11 is class 0
Cluster 12 is class 2
Cluster 13 is class 1
Cluster 14 is class 2
Cluster 15 is class 4
Cluster 16 is class 0
Cluster 17 is class 2
Cluster 18 is class 3
Cluster 19 is class 3
Cluster 20 is class 0
Cluster 21 is class 0
Cluster 22 is class 3
Cluster 23 is class 3
Cluster 24 is class 5
Cluster 25 is class 0
Cluster 26 is class 6
Cluster 27 is class 2
Cluster 28 is class 4
Cluster 29 is class 4
Cluster 30 is class 0
Cluster 31 is class 1
Cluster 32 is class 0
Cluster 33 is class 6
Cluster 34 is class 2
Cluster 35 is class 4
Cluster 36 is class 0
Cluster 37 is class 0
Cluster 38 is class 1
Cluster 39 is class 2
Cluster 40 is class 2
Cluster 41 is class 0
Cluster 42 is class 6
Cluster 43 is class 2
Cluster 44 is class 1
Cluster 45 is class 0
Cluster 46 is class 2
Cluster 47 is class 5
Cluster 48 is class 3
Cluster 49 is class 3
Cluster 50 is class 1
Cluster 51 is class 6
Cluster 52 is class 4
Cluster 53 is class 6
Cluster 54 is class 0
Cluster 55 is class 2
Cluster 56 is class 1
Cluster 57 is class 8
Cluster 58 is class 0
Cluster 59 is class 0
Cluster 60 is class 6
Cluster 61 is class 3
Cluster 62 is class 0
Cluster 63 is class 1
Cluster 64 is class 6
Cluster 65 is class 5
Cluster 66 is class 0
Cluster 67 is class 2
Cluster 68 is class 0
Cluster 69 is class 2
Cluster 70 is class 3
Cluster 71 is class 3
Cluster 72 is class 0
Cluster 73 is class 5
Cluster 74 is class 2
Cluster 75 is class 2
Cluster 76 is class 0
Cluster 77 is class 5
Cluster 78 is class 0
Cluster 79 is class 0
Cluster 80 is class 6
Cluster 81 is class 3
Cluster 82 is class 5
Cluster 83 is class 8
Cluster 84 is class 3
Cluster 85 is class 3
Cluster 86 is class 2
Cluster 87 is class 0
Cluster 88 is class 1
Cluster 89 is class 2
Cluster 90 is class 3

Overall Accuracy is 0.218667

