----------------------------For Number of clusters 61----------------------------
Number of Iterations for Kmeans: 25
Avg Clusters:
2.500000 2.770833 2.645833 9.604167 2.458333 10.437500 2.437500 9.520833 2.437500 10.354167 
2.300000 4.100000 2.775000 11.150000 2.600000 7.350000 2.675000 10.200000 2.575000 5.425000 
2.509804 3.529412 2.392157 5.039216 2.529412 5.607843 2.588235 2.372549 2.588235 10.803922 
2.222222 2.518519 2.851852 5.222222 2.296296 3.000000 2.074074 6.851852 2.703704 2.925926 
2.466667 9.300000 2.566667 11.266667 2.433333 9.033333 2.133333 9.100000 2.233333 10.800000 
2.568182 3.704545 2.090909 3.840909 2.477273 11.590909 2.704545 4.227273 2.590909 8.454545 
2.714286 10.404762 2.452381 9.595238 2.547619 2.928571 2.642857 9.261905 2.333333 10.595238 
2.697674 10.930233 2.162791 7.837209 2.790698 4.906977 2.255814 3.720930 2.581395 4.744186 
2.555556 10.822222 2.688889 3.955556 2.488889 11.422222 2.777778 3.800000 2.333333 3.466667 
2.782609 3.130435 2.826087 6.826087 2.565217 10.521739 2.086957 8.173913 2.652174 2.869565 
2.471698 10.830189 2.245283 5.150943 2.660377 9.641509 2.415094 11.056604 2.830189 3.679245 
2.576923 3.615385 2.192308 10.807692 2.269231 3.230769 2.557692 3.711538 2.615385 10.230769 
2.521739 3.521739 1.826087 3.652174 2.521739 9.478261 2.521739 2.217391 3.086957 2.869565 
2.300000 3.250000 2.550000 9.675000 2.775000 9.600000 2.600000 3.100000 2.775000 8.675000 
2.205882 9.500000 2.941176 3.911765 1.941176 2.911765 2.205882 2.794118 2.794118 10.411765 
2.956522 9.782609 2.695652 12.304348 2.173913 4.521739 2.521739 4.391304 2.304348 2.739130 
2.956522 11.521739 2.434783 11.173913 2.217391 10.478261 3.304348 8.043478 2.565217 6.956522 
2.760000 8.160000 2.680000 3.320000 2.520000 10.760000 2.720000 11.760000 2.880000 8.640000 
2.851852 10.148148 2.888889 4.555556 2.851852 3.444444 2.629630 7.962963 2.925926 11.555556 
2.631579 4.578947 2.578947 8.578947 2.000000 2.894737 2.052632 11.526316 2.105263 2.684211 
2.291667 7.208333 2.583333 9.166667 2.375000 11.666667 2.458333 7.583333 2.916667 6.208333 
2.025641 2.615385 2.538462 5.153846 2.282051 3.948718 2.641026 8.384615 2.487179 11.435897 
2.904762 10.761905 2.809524 8.428571 2.428571 8.476190 2.285714 6.142857 2.666667 2.142857 
2.033333 3.200000 2.700000 3.500000 2.933333 7.700000 2.633333 11.200000 2.533333 6.766667 
2.642857 3.000000 1.928571 4.142857 2.000000 3.357143 2.500000 12.500000 3.000000 11.357143 
2.333333 3.666667 2.518519 10.962963 2.592593 3.148148 2.333333 3.703704 2.592593 3.962963 
2.500000 10.294118 2.558824 3.294118 2.558824 10.205882 2.029412 4.117647 2.441176 11.294118 
2.300000 3.800000 2.233333 11.733333 2.633333 10.366667 2.333333 4.033333 2.433333 2.700000 
2.200000 8.866667 1.933333 12.200000 2.266667 9.333333 2.400000 3.600000 2.200000 7.066667 
2.370370 3.074074 2.555556 3.592593 2.851852 10.111111 2.518519 10.000000 2.407407 11.037037 
2.200000 4.066667 2.733333 8.400000 2.333333 9.400000 2.866667 2.400000 2.933333 3.733333 
2.333333 8.916667 2.166667 2.208333 2.916667 7.833333 2.291667 2.833333 2.250000 6.791667 
2.944444 5.888889 2.944444 8.111111 2.444444 6.333333 2.944444 11.111111 2.722222 10.333333 
2.212121 10.575758 2.090909 2.545455 2.121212 4.333333 2.757576 9.545455 2.363636 4.181818 
2.066667 5.800000 2.400000 8.800000 2.933333 1.933333 3.266667 8.333333 2.600000 6.533333 
2.562500 9.250000 2.937500 7.125000 2.500000 1.625000 2.250000 3.125000 2.062500 2.437500 
3.285714 2.357143 2.857143 8.428571 2.428571 3.142857 2.642857 11.714286 2.785714 7.142857 
1.857143 4.357143 1.928571 2.071429 2.357143 2.714286 2.500000 11.357143 2.142857 5.071429 
2.071429 10.821429 2.285714 11.214286 2.607143 6.464286 2.357143 12.035714 2.964286 4.785714 
2.454545 6.181818 2.227273 12.136364 2.272727 11.363636 2.954545 2.590909 2.681818 11.181818 
2.545455 6.272727 2.090909 2.818182 1.909091 6.818182 3.454545 6.454545 1.727273 8.636364 
2.833333 5.583333 3.000000 2.500000 2.166667 4.916667 3.083333 8.166667 2.250000 2.083333 
3.000000 11.642857 2.571429 11.928571 2.428571 11.357143 2.928571 5.000000 2.000000 2.571429 
2.272727 3.500000 2.545455 3.636364 2.818182 2.545455 2.681818 2.590909 2.090909 6.136364 
2.083333 8.166667 2.666667 11.500000 3.166667 1.666667 2.666667 10.500000 1.750000 4.333333 
2.142857 7.238095 2.380952 12.000000 2.476190 10.952381 2.380952 11.047619 2.571429 2.333333 
2.250000 11.687500 1.750000 1.625000 2.312500 3.000000 2.687500 3.250000 2.375000 4.812500 
2.833333 11.416667 2.333333 6.833333 2.791667 2.583333 2.250000 10.166667 2.333333 3.041667 
2.733333 6.733333 2.466667 1.600000 2.400000 9.600000 2.066667 7.066667 2.800000 2.000000 
2.294118 10.823529 2.352941 8.176471 2.235294 12.117647 2.764706 2.941176 1.941176 9.352941 
2.523810 10.428571 2.619048 3.380952 1.761905 4.476190 2.476190 12.095238 2.190476 9.190476 
3.111111 2.777778 2.222222 11.666667 2.777778 12.222222 3.111111 7.666667 2.888889 6.333333 
2.277778 12.277778 2.333333 4.888889 2.666667 10.444444 2.222222 8.444444 2.611111 8.388889 
2.064516 10.451613 2.580645 10.806452 2.258065 6.225806 2.580645 3.225806 2.903226 11.387097 
1.818182 4.636364 2.454545 2.181818 3.272727 11.909091 2.909091 10.090909 2.909091 3.909091 
2.000000 6.333333 1.777778 1.888889 3.222222 2.000000 2.111111 5.888889 2.111111 7.333333 
3.066667 4.133333 2.800000 6.666667 2.733333 11.866667 1.933333 11.933333 2.066667 4.133333 
2.875000 11.750000 1.875000 4.312500 2.625000 1.250000 2.625000 4.562500 2.937500 8.125000 
2.615385 2.153846 3.000000 10.692308 2.923077 6.000000 2.692308 7.615385 1.923077 2.538462 
2.272727 8.545455 2.818182 2.272727 2.363636 8.000000 2.545455 10.818182 1.909091 12.454545 
2.200000 11.300000 2.900000 7.300000 2.600000 12.400000 2.200000 12.000000 3.000000 9.300000 

Avg Classes:
2.482072 7.045153 2.496680 6.972112 2.519256 7.025232 2.520584 6.966799 2.525896 6.812749 
2.442700 6.769231 2.466248 7.087912 2.472527 7.183673 2.525903 6.890110 2.554160 7.221350 
2.550725 8.000000 2.304348 6.318841 2.449275 6.739130 2.565217 6.898551 2.463768 6.869565 
2.413793 8.172414 2.482759 7.965517 2.724138 8.620690 2.620690 6.827586 2.758621 6.517241 
2.600000 7.200000 2.000000 8.400000 2.200000 7.800000 1.600000 6.000000 1.400000 5.000000 
2.000000 3.500000 2.000000 6.500000 2.000000 4.500000 2.000000 5.000000 2.000000 6.250000 
4.000000 8.000000 2.500000 7.000000 2.500000 8.000000 3.500000 10.000000 1.500000 7.000000 
1.000000 2.000000 3.000000 2.000000 4.000000 2.000000 2.000000 2.000000 1.000000 8.000000 
-1.000000 -1.000000 -1.000000 -1.000000 -1.000000 -1.000000 -1.000000 -1.000000 -1.000000 -1.000000 
-1.000000 -1.000000 -1.000000 -1.000000 -1.000000 -1.000000 -1.000000 -1.000000 -1.000000 -1.000000 

Cluster 0 is class 0
Cluster 1 is class 0
Cluster 2 is class 5
Cluster 3 is class 5
Cluster 4 is class 0
Cluster 5 is class 1
Cluster 6 is class 0
Cluster 7 is class 0
Cluster 8 is class 2
Cluster 9 is class 0
Cluster 10 is class 6
Cluster 11 is class 5
Cluster 12 is class 4
Cluster 13 is class 0
Cluster 14 is class 0
Cluster 15 is class 4
Cluster 16 is class 3
Cluster 17 is class 6
Cluster 18 is class 2
Cluster 19 is class 0
Cluster 20 is class 3
Cluster 21 is class 5
Cluster 22 is class 4
Cluster 23 is class 0
Cluster 24 is class 0
Cluster 25 is class 5
Cluster 26 is class 0
Cluster 27 is class 4
Cluster 28 is class 3
Cluster 29 is class 0
Cluster 30 is class 4
Cluster 31 is class 2
Cluster 32 is class 6
Cluster 33 is class 2
Cluster 34 is class 0
Cluster 35 is class 2
Cluster 36 is class 0
Cluster 37 is class 0
Cluster 38 is class 6
Cluster 39 is class 1
Cluster 40 is class 0
Cluster 41 is class 0
Cluster 42 is class 3
Cluster 43 is class 7
Cluster 44 is class 0
Cluster 45 is class 3
Cluster 46 is class 2
Cluster 47 is class 0
Cluster 48 is class 0
Cluster 49 is class 3
Cluster 50 is class 6
Cluster 51 is class 3
Cluster 52 is class 3
Cluster 53 is class 0
Cluster 54 is class 0
Cluster 55 is class 2
Cluster 56 is class 6
Cluster 57 is class 2
Cluster 58 is class 4
Cluster 59 is class 6
Cluster 60 is class 6

Overall Accuracy is 0.228667

