----------------------------For Number of clusters 11----------------------------
Number of Iterations for Kmeans: 66
Avg Clusters:
2.565657 10.848485 2.459596 10.126263 2.494949 8.297980 2.570707 7.398990 2.550505 4.222222 
2.367470 6.734940 2.590361 3.463855 2.566265 10.138554 2.524096 10.542169 2.638554 6.481928 
2.390244 9.373984 2.300813 3.691057 2.357724 3.569106 2.577236 9.764228 2.325203 4.617886 
2.400000 2.768750 2.393750 5.750000 2.487500 4.881250 2.487500 8.456250 2.562500 10.325000 
2.390244 5.560976 2.371951 10.323171 2.329268 8.018293 2.676829 3.036585 2.621951 10.420732 
2.360294 4.220588 2.654412 9.742647 2.514706 3.713235 2.477941 7.301471 2.389706 3.801471 
2.478992 8.655462 2.537815 3.831933 2.487395 2.756303 2.470588 2.831933 2.512605 7.806723 
2.430894 9.918699 2.447154 3.634146 2.520325 10.601626 2.495935 3.788618 2.349593 7.650407 
2.722772 10.237624 2.633663 8.386139 2.633663 4.415842 2.465347 9.148515 2.495050 10.960396 
2.611111 4.518519 2.666667 10.481481 2.509259 11.240741 2.435185 9.787037 2.601852 6.962963 
2.529412 3.470588 2.137255 6.490196 2.676471 9.784314 2.480392 3.303922 2.774510 3.705882 

Avg Classes:
2.482072 7.045153 2.496680 6.972112 2.519256 7.025232 2.520584 6.966799 2.525896 6.812749 
2.442700 6.769231 2.466248 7.087912 2.472527 7.183673 2.525903 6.890110 2.554160 7.221350 
2.550725 8.000000 2.304348 6.318841 2.449275 6.739130 2.565217 6.898551 2.463768 6.869565 
2.413793 8.172414 2.482759 7.965517 2.724138 8.620690 2.620690 6.827586 2.758621 6.517241 
2.600000 7.200000 2.000000 8.400000 2.200000 7.800000 1.600000 6.000000 1.400000 5.000000 
2.000000 3.500000 2.000000 6.500000 2.000000 4.500000 2.000000 5.000000 2.000000 6.250000 
4.000000 8.000000 2.500000 7.000000 2.500000 8.000000 3.500000 10.000000 1.500000 7.000000 
1.000000 2.000000 3.000000 2.000000 4.000000 2.000000 2.000000 2.000000 1.000000 8.000000 
-1.000000 -1.000000 -1.000000 -1.000000 -1.000000 -1.000000 -1.000000 -1.000000 -1.000000 -1.000000 
-1.000000 -1.000000 -1.000000 -1.000000 -1.000000 -1.000000 -1.000000 -1.000000 -1.000000 -1.000000 

Cluster 0 is class 3
Cluster 1 is class 6
Cluster 2 is class 2
Cluster 3 is class 1
Cluster 4 is class 0
Cluster 5 is class 5
Cluster 6 is class 0
Cluster 7 is class 0
Cluster 8 is class 0
Cluster 9 is class 3
Cluster 10 is class 4

Overall Accuracy is 0.211333

