----------------------------For Number of clusters 14----------------------------
Number of Iterations for Kmeans: 33
Avg Clusters:
2.487500 3.906250 2.406250 6.837500 2.400000 3.643750 2.531250 3.606250 2.575000 10.006250 
2.448485 10.781818 2.363636 4.648485 2.496970 2.957576 2.521212 6.278788 2.393939 5.309091 
2.531250 8.945312 2.531250 9.851562 2.500000 4.289062 2.539062 10.367188 2.500000 8.984375 
2.508772 4.842105 2.368421 11.114035 2.728070 6.710526 2.543860 4.421053 2.517544 3.289474 
2.402878 9.640288 2.474820 4.208633 2.539568 10.035971 2.467626 10.863309 2.633094 6.086331 
2.601852 3.509259 2.629630 9.611111 2.481481 10.212963 2.259259 10.490741 2.472222 6.287037 
2.444444 3.909091 2.323232 3.212121 2.595960 10.262626 2.565657 4.202020 2.696970 4.757576 
2.383838 4.585859 2.585859 9.979798 2.474747 11.030303 2.666667 3.848485 2.727273 9.818182 
2.352941 10.705882 2.505882 10.317647 2.388235 7.752941 2.776471 4.105882 2.458824 10.129412 
2.513889 9.805556 2.236111 3.291667 2.500000 8.930556 2.319444 4.305556 2.458333 10.652778 
2.403670 3.339450 2.486239 3.990826 2.587156 6.541284 2.651376 10.440367 2.467890 10.275229 
2.647887 11.239437 2.464789 5.408451 2.338028 10.169014 2.605634 3.929577 2.436620 3.295775 
2.392405 3.848101 2.759494 5.607595 2.316456 2.911392 2.417722 9.227848 2.329114 3.455696 
2.444444 10.152778 2.597222 11.416667 2.555556 9.694444 2.444444 9.611111 2.805556 3.333333 

Avg Classes:
2.482072 7.045153 2.496680 6.972112 2.519256 7.025232 2.520584 6.966799 2.525896 6.812749 
2.442700 6.769231 2.466248 7.087912 2.472527 7.183673 2.525903 6.890110 2.554160 7.221350 
2.550725 8.000000 2.304348 6.318841 2.449275 6.739130 2.565217 6.898551 2.463768 6.869565 
2.413793 8.172414 2.482759 7.965517 2.724138 8.620690 2.620690 6.827586 2.758621 6.517241 
2.600000 7.200000 2.000000 8.400000 2.200000 7.800000 1.600000 6.000000 1.400000 5.000000 
2.000000 3.500000 2.000000 6.500000 2.000000 4.500000 2.000000 5.000000 2.000000 6.250000 
4.000000 8.000000 2.500000 7.000000 2.500000 8.000000 3.500000 10.000000 1.500000 7.000000 
1.000000 2.000000 3.000000 2.000000 4.000000 2.000000 2.000000 2.000000 1.000000 8.000000 
-1.000000 -1.000000 -1.000000 -1.000000 -1.000000 -1.000000 -1.000000 -1.000000 -1.000000 -1.000000 
-1.000000 -1.000000 -1.000000 -1.000000 -1.000000 -1.000000 -1.000000 -1.000000 -1.000000 -1.000000 

Cluster 0 is class 5
Cluster 1 is class 2
Cluster 2 is class 0
Cluster 3 is class 4
Cluster 4 is class 6
Cluster 5 is class 0
Cluster 6 is class 0
Cluster 7 is class 1
Cluster 8 is class 3
Cluster 9 is class 0
Cluster 10 is class 0
Cluster 11 is class 2
Cluster 12 is class 5
Cluster 13 is class 3

Overall Accuracy is 0.218667

