----------------------------For Number of clusters 90----------------------------
Number of Iterations for Kmeans: 17
Avg Clusters:
2.225806 2.709677 2.516129 7.419355 2.258065 2.064516 2.612903 5.290323 2.709677 7.193548 
2.636364 9.787879 2.181818 10.333333 2.696970 2.666667 2.333333 9.424242 2.212121 10.484848 
2.516129 3.193548 2.516129 10.774194 2.709677 7.129032 2.387097 3.064516 2.870968 3.677419 
2.480000 9.320000 2.280000 3.080000 2.320000 2.280000 2.280000 2.280000 2.200000 4.600000 
2.513514 4.054054 2.486486 4.783784 2.594595 3.081081 2.513514 10.864865 2.108108 4.162162 
2.125000 2.843750 2.625000 3.468750 2.781250 3.812500 2.562500 2.406250 2.437500 9.531250 
2.212121 3.696970 2.787879 3.727273 2.727273 9.454545 2.606061 11.272727 2.636364 7.909091 
2.705882 11.500000 2.147059 6.294118 2.882353 4.058824 2.147059 10.588235 2.470588 3.352941 
2.523810 7.523810 2.523810 11.904762 2.238095 4.476190 2.142857 3.952381 2.428571 10.904762 
2.619048 8.380952 3.428571 6.333333 2.476190 7.761905 2.476190 11.428571 2.952381 7.476190 
2.270270 3.567568 2.756757 11.054054 2.891892 7.351351 2.540541 10.432432 2.108108 3.513514 
2.695652 10.217391 2.869565 3.608696 2.652174 6.913043 2.347826 6.782609 3.000000 12.086957 
3.294118 10.411765 2.058824 7.647059 2.764706 1.705882 2.235294 3.235294 2.647059 6.823529 
2.444444 7.000000 2.555556 3.944444 1.944444 2.166667 1.833333 4.111111 3.111111 11.666667 
1.888889 9.777778 2.222222 2.722222 1.944444 3.555556 2.666667 11.277778 1.666667 8.666667 
3.068966 11.137931 2.896552 10.034483 2.655172 4.206897 2.275862 3.172414 2.310345 2.241379 
2.500000 10.083333 2.375000 3.125000 2.208333 11.666667 2.125000 3.625000 2.000000 10.958333 
3.000000 11.750000 2.833333 1.666667 2.250000 7.000000 2.416667 11.833333 2.666667 6.666667 
2.142857 9.678571 2.500000 11.214286 2.535714 10.892857 2.571429 10.750000 2.928571 2.500000 
2.826087 10.826087 2.782609 11.565217 2.304348 11.391304 2.956522 5.347826 2.217391 4.217391 
3.050000 3.850000 2.500000 11.400000 2.500000 4.150000 2.750000 8.700000 2.450000 10.550000 
2.444444 6.666667 2.444444 2.666667 2.277778 7.666667 2.000000 2.166667 2.333333 7.777778 
2.880000 10.240000 2.080000 7.240000 2.320000 9.120000 2.320000 4.520000 2.760000 2.560000 
2.357143 10.500000 3.214286 10.857143 2.428571 5.000000 2.285714 7.500000 2.714286 3.857143 
2.250000 1.781250 2.281250 4.781250 1.875000 3.375000 2.687500 9.750000 2.562500 11.906250 
2.448276 2.482759 2.379310 7.758621 2.862069 11.000000 2.862069 4.000000 2.758621 6.517241 
2.827586 4.413793 2.586207 6.655172 2.724138 11.517241 1.724138 10.344828 2.413793 3.137931 
2.571429 11.761905 2.142857 3.380952 2.809524 1.619048 3.095238 5.904762 3.190476 9.238095 
2.300000 4.500000 2.100000 11.700000 2.600000 11.000000 2.200000 4.400000 2.300000 2.350000 
1.692308 7.538462 2.461538 10.307692 1.538462 2.538462 2.076923 4.615385 2.076923 3.538462 
2.250000 4.500000 2.062500 3.875000 2.500000 6.250000 3.375000 6.250000 2.187500 10.312500 
2.095238 2.714286 2.571429 7.380952 2.380952 9.238095 2.571429 12.285714 2.523810 10.428571 
3.066667 6.266667 2.400000 1.733333 2.733333 10.133333 2.133333 6.266667 2.733333 1.800000 
2.434783 9.695652 2.347826 5.043478 2.478261 10.956522 2.869565 8.826087 2.347826 4.652174 
2.437500 10.000000 3.000000 3.625000 2.375000 12.187500 2.937500 2.937500 2.375000 4.812500 
3.071429 2.857143 2.071429 12.000000 2.928571 4.285714 2.785714 5.571429 2.642857 4.642857 
2.500000 1.928571 2.357143 5.428571 3.428571 10.357143 2.285714 8.642857 1.928571 11.642857 
2.846154 11.692308 2.769231 8.307692 2.692308 3.692308 2.923077 3.153846 2.769231 11.692308 
2.428571 7.238095 2.238095 11.047619 2.000000 11.000000 2.904762 3.476190 2.761905 11.190476 
2.684211 8.000000 2.789474 2.315789 2.000000 5.736842 2.947368 8.947368 2.684211 2.368421 
1.727273 10.181818 3.363636 3.545455 1.727273 2.909091 2.636364 2.545455 2.454545 9.363636 
2.411765 2.647059 1.941176 5.294118 2.823529 11.000000 2.470588 2.529412 2.529412 11.176471 
2.727273 5.545455 2.727273 2.090909 2.636364 7.909091 2.272727 11.454545 2.181818 12.363636 
2.642857 12.357143 1.928571 7.571429 3.142857 7.785714 2.928571 8.285714 2.785714 9.142857 
2.960000 3.080000 2.760000 9.120000 2.680000 6.080000 2.840000 2.800000 2.520000 10.800000 
2.266667 5.866667 2.733333 12.333333 2.466667 8.266667 2.800000 6.800000 2.333333 7.000000 
2.777778 8.555556 1.333333 5.444444 2.888889 7.111111 2.111111 2.444444 2.000000 11.222222 
2.250000 4.062500 2.875000 10.062500 1.750000 2.000000 2.500000 11.625000 2.375000 5.312500 
2.916667 9.250000 2.750000 10.833333 2.500000 12.166667 2.916667 10.250000 2.750000 9.583333 
2.142857 10.809524 2.142857 11.761905 2.333333 7.428571 2.904762 11.333333 2.619048 7.000000 
2.800000 2.350000 2.500000 11.450000 2.000000 10.200000 2.250000 8.200000 2.800000 10.550000 
2.250000 9.687500 2.250000 3.250000 2.500000 11.312500 2.625000 11.875000 2.562500 10.687500 
2.769231 4.307692 1.923077 3.923077 2.384615 10.538462 2.307692 1.769231 3.076923 1.769231 
1.500000 6.000000 2.000000 1.625000 3.250000 9.125000 2.500000 11.250000 2.750000 5.375000 
1.833333 8.000000 2.000000 6.166667 3.166667 9.166667 2.666667 2.500000 3.833333 9.166667 
2.692308 8.230769 2.461538 8.307692 2.461538 1.692308 2.461538 8.461538 2.692308 2.769231 
3.750000 7.375000 2.750000 9.375000 3.000000 11.250000 1.375000 6.375000 2.125000 10.000000 
-1.000000 -1.000000 -1.000000 -1.000000 -1.000000 -1.000000 -1.000000 -1.000000 -1.000000 -1.000000 
2.000000 3.000000 2.333333 1.944444 2.166667 10.722222 2.777778 6.000000 2.333333 7.277778 
2.000000 8.666667 1.888889 1.555556 3.111111 9.777778 3.222222 5.222222 1.555556 5.333333 
2.888889 11.444444 2.666667 6.666667 1.777778 4.111111 3.000000 12.666667 2.333333 10.888889 
2.350000 4.700000 2.350000 11.050000 2.400000 12.100000 2.750000 9.900000 3.000000 5.900000 
2.625000 1.875000 3.375000 3.250000 3.000000 11.750000 3.125000 8.125000 3.125000 2.375000 
2.066667 3.333333 2.866667 12.000000 2.600000 10.400000 3.000000 1.466667 2.933333 9.666667 
2.294118 10.823529 1.823529 4.117647 2.647059 10.823529 2.294118 11.823529 3.000000 2.411765 
2.000000 3.500000 1.625000 11.312500 2.125000 2.125000 2.562500 2.125000 2.562500 9.687500 
2.333333 11.444444 1.944444 9.944444 2.722222 7.166667 2.777778 2.500000 2.277778 7.000000 
1.285714 9.285714 1.000000 4.285714 2.714286 4.285714 2.571429 6.571429 1.571429 5.428571 
1.545455 10.818182 2.454545 11.363636 2.181818 8.000000 2.636364 2.727273 2.909091 11.909091 
2.571429 12.428571 2.214286 2.214286 2.357143 6.928571 2.642857 5.000000 3.000000 6.571429 
2.600000 11.500000 2.300000 6.600000 2.600000 12.300000 3.200000 5.000000 2.600000 2.800000 
1.875000 11.500000 2.875000 9.125000 2.125000 12.500000 3.625000 2.500000 2.000000 9.250000 
2.461538 7.000000 3.307692 6.615385 2.846154 3.769231 2.384615 9.538462 2.384615 11.230769 
2.550000 2.900000 2.950000 3.550000 2.650000 3.500000 2.500000 5.700000 2.600000 2.550000 
2.800000 5.300000 2.600000 2.600000 2.800000 2.000000 2.100000 10.200000 3.000000 9.000000 
1.875000 12.000000 1.875000 2.500000 1.750000 2.750000 2.125000 9.625000 2.375000 4.500000 
1.833333 7.833333 3.000000 12.000000 2.500000 10.333333 1.500000 10.166667 1.333333 10.833333 
2.166667 2.333333 2.166667 1.666667 2.166667 10.000000 2.833333 1.666667 3.000000 5.333333 
2.416667 2.500000 2.750000 8.166667 2.166667 6.333333 2.416667 10.833333 2.833333 7.083333 
2.000000 10.250000 2.125000 10.875000 2.125000 8.750000 2.375000 8.375000 2.375000 12.500000 
2.909091 12.454545 2.909091 7.909091 2.545455 10.727273 2.363636 11.818182 2.818182 7.000000 
2.125000 6.625000 2.250000 11.750000 2.375000 12.250000 1.750000 2.000000 2.875000 7.375000 
2.714286 4.142857 2.500000 7.000000 2.500000 5.714286 2.928571 3.714286 2.571429 2.571429 
-1.000000 -1.000000 -1.000000 -1.000000 -1.000000 -1.000000 -1.000000 -1.000000 -1.000000 -1.000000 
3.000000 11.500000 3.250000 7.500000 2.750000 9.750000 1.250000 5.750000 1.750000 7.750000 
2.083333 10.500000 2.416667 11.583333 2.500000 3.833333 2.833333 12.333333 2.750000 3.000000 
2.500000 12.500000 3.000000 2.250000 2.250000 10.875000 2.375000 3.125000 2.000000 2.125000 
2.500000 12.000000 2.500000 3.000000 2.625000 11.125000 1.250000 8.000000 2.625000 7.875000 
2.666667 4.250000 2.916667 6.166667 2.500000 12.583333 2.833333 6.750000 3.083333 10.416667 
1.600000 11.000000 2.000000 1.200000 3.600000 6.200000 2.800000 2.800000 1.800000 3.600000 

Avg Classes:
2.482072 7.045153 2.496680 6.972112 2.519256 7.025232 2.520584 6.966799 2.525896 6.812749 
2.442700 6.769231 2.466248 7.087912 2.472527 7.183673 2.525903 6.890110 2.554160 7.221350 
2.550725 8.000000 2.304348 6.318841 2.449275 6.739130 2.565217 6.898551 2.463768 6.869565 
2.413793 8.172414 2.482759 7.965517 2.724138 8.620690 2.620690 6.827586 2.758621 6.517241 
2.600000 7.200000 2.000000 8.400000 2.200000 7.800000 1.600000 6.000000 1.400000 5.000000 
2.000000 3.500000 2.000000 6.500000 2.000000 4.500000 2.000000 5.000000 2.000000 6.250000 
4.000000 8.000000 2.500000 7.000000 2.500000 8.000000 3.500000 10.000000 1.500000 7.000000 
1.000000 2.000000 3.000000 2.000000 4.000000 2.000000 2.000000 2.000000 1.000000 8.000000 
-1.000000 -1.000000 -1.000000 -1.000000 -1.000000 -1.000000 -1.000000 -1.000000 -1.000000 -1.000000 
-1.000000 -1.000000 -1.000000 -1.000000 -1.000000 -1.000000 -1.000000 -1.000000 -1.000000 -1.000000 

Cluster 0 is class 5
Cluster 1 is class 0
Cluster 2 is class 4
Cluster 3 is class 2
Cluster 4 is class 5
Cluster 5 is class 7
Cluster 6 is class 0
Cluster 7 is class 2
Cluster 8 is class 0
Cluster 9 is class 6
Cluster 10 is class 4
Cluster 11 is class 1
Cluster 12 is class 2
Cluster 13 is class 1
Cluster 14 is class 0
Cluster 15 is class 4
Cluster 16 is class 0
Cluster 17 is class 2
Cluster 18 is class 3
Cluster 19 is class 3
Cluster 20 is class 0
Cluster 21 is class 0
Cluster 22 is class 4
Cluster 23 is class 3
Cluster 24 is class 5
Cluster 25 is class 0
Cluster 26 is class 4
Cluster 27 is class 2
Cluster 28 is class 4
Cluster 29 is class 4
Cluster 30 is class 0
Cluster 31 is class 1
Cluster 32 is class 0
Cluster 33 is class 3
Cluster 34 is class 2
Cluster 35 is class 4
Cluster 36 is class 1
Cluster 37 is class 0
Cluster 38 is class 1
Cluster 39 is class 0
Cluster 40 is class 2
Cluster 41 is class 0
Cluster 42 is class 0
Cluster 43 is class 2
Cluster 44 is class 1
Cluster 45 is class 0
Cluster 46 is class 0
Cluster 47 is class 0
Cluster 48 is class 3
Cluster 49 is class 3
Cluster 50 is class 1
Cluster 51 is class 6
Cluster 52 is class 4
Cluster 53 is class 6
Cluster 54 is class 0
Cluster 55 is class 2
Cluster 56 is class 1
Cluster 57 is class 8
Cluster 58 is class 0
Cluster 59 is class 0
Cluster 60 is class 6
Cluster 61 is class 3
Cluster 62 is class 0
Cluster 63 is class 0
Cluster 64 is class 6
Cluster 65 is class 5
Cluster 66 is class 0
Cluster 67 is class 2
Cluster 68 is class 0
Cluster 69 is class 2
Cluster 70 is class 3
Cluster 71 is class 3
Cluster 72 is class 1
Cluster 73 is class 5
Cluster 74 is class 0
Cluster 75 is class 2
Cluster 76 is class 1
Cluster 77 is class 5
Cluster 78 is class 1
Cluster 79 is class 0
Cluster 80 is class 6
Cluster 81 is class 3
Cluster 82 is class 5
Cluster 83 is class 8
Cluster 84 is class 3
Cluster 85 is class 6
Cluster 86 is class 2
Cluster 87 is class 0
Cluster 88 is class 1
Cluster 89 is class 0

Overall Accuracy is 0.232667

