----------------------------For Number of clusters 56----------------------------
Number of Iterations for Kmeans: 41
Avg Clusters:
2.195652 2.891304 2.586957 5.434783 2.782609 10.826087 2.543478 8.978261 2.260870 10.608696 
2.420000 3.440000 2.740000 10.640000 2.840000 7.480000 2.660000 9.700000 2.400000 4.120000 
2.517241 3.327586 2.586207 4.534483 2.551724 4.534483 2.551724 2.827586 2.655172 10.241379 
2.172414 2.379310 2.758621 4.689655 2.482759 3.862069 2.000000 6.965517 2.586207 3.448276 
2.682927 9.268293 2.756098 10.560976 2.536585 9.243902 2.195122 9.926829 2.390244 10.658537 
2.567568 3.675676 2.000000 3.054054 2.459459 11.297297 2.675676 3.675676 2.513514 7.729730 
2.702703 10.081081 2.351351 9.891892 2.621622 2.756757 2.675676 9.486486 2.324324 10.648649 
2.744186 10.627907 2.186047 7.674419 2.604651 3.325581 2.069767 3.558140 2.348837 5.488372 
2.440000 10.640000 2.560000 4.520000 2.500000 11.160000 2.780000 3.820000 2.300000 3.380000 
2.750000 3.750000 3.025000 6.375000 2.550000 11.775000 2.175000 9.975000 2.425000 3.650000 
2.404255 10.659574 2.276596 5.446809 2.638298 10.191489 2.510638 10.957447 2.914894 3.893617 
2.509804 3.490196 2.215686 11.000000 2.470588 3.607843 2.568627 3.392157 2.627451 10.392157 
3.210526 4.526316 1.684211 3.000000 2.368421 10.105263 2.263158 2.263158 3.000000 2.157895 
2.432432 3.216216 2.567568 9.378378 2.486486 10.297297 2.567568 3.189189 2.810811 9.270270 
2.277778 9.861111 2.750000 3.861111 2.138889 2.694444 2.305556 2.916667 2.833333 10.166667 
2.697674 9.232558 2.744186 10.860465 2.395349 4.976744 2.395349 4.558140 2.441860 2.837209 
3.068966 11.517241 2.551724 11.103448 2.413793 10.310345 3.275862 7.896552 2.724138 6.551724 
2.318182 9.272727 2.454545 3.227273 2.454545 10.863636 2.727273 11.818182 2.454545 10.409091 
2.805556 10.361111 2.777778 4.750000 2.694444 3.305556 2.611111 7.833333 2.861111 11.111111 
2.800000 4.550000 2.700000 8.050000 1.950000 2.300000 2.150000 11.350000 2.200000 2.850000 
2.500000 6.750000 2.458333 9.416667 2.291667 12.291667 2.541667 7.666667 2.958333 6.458333 
2.250000 2.416667 2.472222 5.555556 2.194444 3.527778 2.805556 8.333333 2.527778 11.500000 
3.125000 12.187500 3.000000 7.562500 2.562500 7.750000 2.375000 7.375000 2.312500 2.500000 
2.120000 3.560000 2.720000 3.160000 2.960000 8.600000 2.600000 11.440000 2.480000 6.840000 
2.400000 3.000000 2.066667 3.933333 2.333333 2.866667 2.466667 12.666667 2.866667 10.466667 
2.464286 3.071429 2.642857 10.964286 2.535714 3.142857 2.571429 4.142857 2.500000 4.035714 
2.527778 10.277778 2.638889 3.305556 2.388889 10.222222 2.055556 4.305556 2.388889 11.277778 
2.300000 3.833333 2.200000 11.833333 2.633333 10.466667 2.300000 4.100000 2.366667 2.700000 
2.277778 8.111111 2.166667 12.055556 2.444444 9.777778 2.277778 3.944444 2.222222 7.222222 
2.642857 5.428571 2.714286 2.071429 2.500000 7.214286 2.500000 10.928571 2.214286 11.785714 
2.086957 3.260870 2.304348 8.000000 2.739130 8.913043 2.826087 2.826087 3.086957 4.217391 
2.350000 9.950000 2.100000 3.200000 3.150000 8.000000 2.650000 2.800000 2.600000 6.650000 
2.461538 4.115385 2.653846 8.500000 2.192308 7.038462 2.653846 11.500000 2.846154 10.038462 
2.343750 10.187500 2.281250 2.406250 2.218750 5.500000 2.781250 9.156250 2.468750 4.312500 
2.000000 5.562500 2.562500 9.250000 2.875000 2.187500 3.000000 8.687500 2.687500 6.687500 
2.875000 10.625000 2.875000 7.375000 2.750000 1.875000 2.250000 1.625000 2.375000 1.875000 
3.000000 2.428571 2.785714 8.142857 2.500000 3.285714 2.571429 11.857143 2.714286 7.142857 
1.800000 4.866667 2.000000 2.266667 2.400000 3.133333 2.666667 10.666667 2.133333 4.466667 
2.038462 10.846154 2.346154 11.346154 2.576923 6.307692 2.230769 12.000000 2.884615 4.692308 
2.454545 6.181818 2.227273 12.136364 2.272727 11.363636 2.954545 2.590909 2.681818 11.181818 
2.315789 6.263158 2.105263 2.631579 2.421053 6.947368 2.789474 4.315789 2.052632 9.368421 
2.875000 4.875000 3.125000 2.375000 1.875000 5.000000 3.250000 7.750000 1.875000 1.500000 
2.928571 11.714286 2.214286 11.928571 2.142857 10.785714 3.142857 4.642857 1.642857 2.571429 
2.187500 4.562500 2.437500 4.187500 2.500000 3.000000 2.625000 2.062500 2.125000 4.375000 
2.250000 8.583333 2.583333 11.416667 3.250000 1.666667 2.750000 10.333333 1.916667 3.833333 
2.136364 7.227273 2.409091 12.000000 2.409091 10.863636 2.318182 11.045455 2.500000 2.500000 
2.388889 11.666667 1.722222 1.611111 2.222222 2.833333 2.722222 3.444444 2.388889 5.166667 
2.419355 11.032258 2.032258 6.032258 2.387097 2.967742 2.193548 10.548387 2.516129 3.161290 
2.461538 6.538462 2.846154 1.538462 2.692308 10.000000 2.307692 7.384615 2.923077 2.230769 
2.187500 10.812500 2.562500 8.125000 2.187500 11.812500 2.750000 2.812500 2.125000 9.812500 
2.640000 10.560000 2.720000 3.520000 1.840000 4.600000 2.480000 12.000000 2.440000 8.880000 
2.739130 2.217391 2.521739 11.695652 2.304348 10.434783 2.521739 8.521739 2.956522 9.695652 
2.333333 12.277778 2.444444 4.944444 2.777778 10.444444 2.222222 8.555556 2.611111 8.500000 
2.100000 10.533333 2.533333 10.900000 2.200000 6.133333 2.600000 3.300000 2.866667 11.400000 
2.200000 7.300000 1.700000 1.900000 3.500000 11.700000 2.700000 11.800000 2.700000 4.700000 
1.800000 7.200000 1.800000 2.300000 3.400000 2.000000 2.200000 7.000000 2.100000 6.900000 

Avg Classes:
2.482072 7.045153 2.496680 6.972112 2.519256 7.025232 2.520584 6.966799 2.525896 6.812749 
2.442700 6.769231 2.466248 7.087912 2.472527 7.183673 2.525903 6.890110 2.554160 7.221350 
2.550725 8.000000 2.304348 6.318841 2.449275 6.739130 2.565217 6.898551 2.463768 6.869565 
2.413793 8.172414 2.482759 7.965517 2.724138 8.620690 2.620690 6.827586 2.758621 6.517241 
2.600000 7.200000 2.000000 8.400000 2.200000 7.800000 1.600000 6.000000 1.400000 5.000000 
2.000000 3.500000 2.000000 6.500000 2.000000 4.500000 2.000000 5.000000 2.000000 6.250000 
4.000000 8.000000 2.500000 7.000000 2.500000 8.000000 3.500000 10.000000 1.500000 7.000000 
1.000000 2.000000 3.000000 2.000000 4.000000 2.000000 2.000000 2.000000 1.000000 8.000000 
-1.000000 -1.000000 -1.000000 -1.000000 -1.000000 -1.000000 -1.000000 -1.000000 -1.000000 -1.000000 
-1.000000 -1.000000 -1.000000 -1.000000 -1.000000 -1.000000 -1.000000 -1.000000 -1.000000 -1.000000 

Cluster 0 is class 1
Cluster 1 is class 0
Cluster 2 is class 5
Cluster 3 is class 5
Cluster 4 is class 3
Cluster 5 is class 0
Cluster 6 is class 0
Cluster 7 is class 2
Cluster 8 is class 3
Cluster 9 is class 6
Cluster 10 is class 6
Cluster 11 is class 5
Cluster 12 is class 0
Cluster 13 is class 1
Cluster 14 is class 2
Cluster 15 is class 4
Cluster 16 is class 3
Cluster 17 is class 6
Cluster 18 is class 2
Cluster 19 is class 5
Cluster 20 is class 3
Cluster 21 is class 5
Cluster 22 is class 3
Cluster 23 is class 1
Cluster 24 is class 0
Cluster 25 is class 5
Cluster 26 is class 0
Cluster 27 is class 4
Cluster 28 is class 3
Cluster 29 is class 6
Cluster 30 is class 4
Cluster 31 is class 2
Cluster 32 is class 6
Cluster 33 is class 2
Cluster 34 is class 0
Cluster 35 is class 4
Cluster 36 is class 0
Cluster 37 is class 0
Cluster 38 is class 6
Cluster 39 is class 1
Cluster 40 is class 0
Cluster 41 is class 0
Cluster 42 is class 3
Cluster 43 is class 5
Cluster 44 is class 0
Cluster 45 is class 3
Cluster 46 is class 2
Cluster 47 is class 0
Cluster 48 is class 0
Cluster 49 is class 3
Cluster 50 is class 6
Cluster 51 is class 1
Cluster 52 is class 0
Cluster 53 is class 0
Cluster 54 is class 6
Cluster 55 is class 2

Overall Accuracy is 0.190667

