----------------------------For Number of clusters 64----------------------------
Number of Iterations for Kmeans: 26
Avg Clusters:
2.540541 7.027027 2.567568 11.027027 2.783784 3.729730 2.702703 9.648649 2.702703 8.567568 
2.317073 3.902439 2.170732 11.097561 2.219512 3.243902 2.609756 2.780488 2.658537 8.707317 
2.233333 7.533333 3.233333 6.366667 2.266667 8.333333 2.733333 11.266667 2.866667 7.400000 
2.739130 2.652174 2.391304 9.739130 2.695652 2.652174 2.782609 6.608696 2.695652 10.826087 
2.718750 11.187500 2.406250 8.593750 2.468750 3.281250 2.468750 9.437500 2.281250 11.218750 
2.384615 3.435897 2.282051 3.846154 2.871795 3.051282 2.794872 2.974359 2.128205 6.333333 
2.233333 6.766667 2.233333 6.500000 2.533333 6.066667 2.666667 2.533333 3.000000 11.300000 
2.848485 10.848485 2.272727 3.787879 2.393939 2.151515 2.454545 2.545455 2.393939 5.545455 
2.314286 4.228571 2.657143 2.942857 2.485714 3.571429 2.542857 8.400000 2.371429 2.942857 
2.400000 11.360000 2.600000 3.200000 1.680000 4.720000 2.720000 11.560000 2.200000 8.920000 
2.878049 11.560976 2.634146 9.536585 2.292683 6.097561 2.048780 4.121951 2.512195 2.926829 
2.238095 2.547619 2.428571 5.690476 2.785714 8.857143 2.357143 10.404762 2.142857 10.500000 
2.222222 4.250000 2.583333 11.611111 2.444444 9.777778 2.888889 10.027778 2.722222 5.500000 
2.400000 3.150000 2.025000 3.500000 2.450000 11.125000 2.675000 3.925000 2.675000 8.850000 
2.181818 2.181818 2.045455 5.454545 1.727273 2.636364 2.636364 11.227273 2.863636 11.318182 
2.500000 4.678571 2.535714 11.428571 2.714286 4.035714 2.357143 4.500000 2.142857 3.107143 
2.500000 7.590909 2.318182 2.636364 1.772727 2.181818 2.318182 3.727273 2.818182 10.500000 
2.250000 10.250000 2.055556 3.027778 2.388889 9.555556 2.277778 3.777778 2.472222 9.722222 
2.360000 11.880000 2.720000 4.520000 2.680000 2.360000 2.880000 5.120000 3.120000 10.480000 
2.357143 9.619048 2.357143 10.333333 2.285714 11.166667 2.785714 3.047619 2.309524 9.785714 
2.600000 10.542857 2.028571 4.028571 2.657143 10.514286 2.514286 10.571429 2.457143 3.142857 
2.756757 3.378378 2.351351 3.351351 2.702703 10.432432 2.567568 4.621622 2.891892 2.405405 
2.785714 4.464286 2.607143 6.857143 2.642857 11.678571 1.642857 10.107143 2.321429 3.035714 
2.333333 2.666667 3.000000 9.000000 2.944444 6.055556 2.388889 10.444444 2.111111 2.555556 
2.216216 3.621622 2.729730 10.783784 2.432432 11.054054 2.891892 2.351351 2.837838 8.567568 
2.466667 4.166667 2.833333 2.100000 2.733333 9.733333 2.833333 10.666667 2.833333 9.400000 
2.941176 9.176471 2.882353 4.294118 2.647059 6.294118 2.647059 8.941176 2.588235 12.235294 
3.000000 7.000000 2.588235 7.705882 2.294118 12.352941 2.294118 7.176471 2.705882 7.352941 
2.444444 8.305556 2.611111 8.388889 2.611111 2.277778 2.638889 9.638889 2.305556 3.444444 
2.653846 11.576923 2.230769 10.423077 2.076923 9.923077 3.153846 11.423077 2.769231 7.115385 
1.818182 7.636364 2.409091 11.727273 2.363636 11.272727 2.363636 10.227273 2.681818 2.272727 
2.647059 6.000000 2.588235 2.588235 2.705882 2.294118 2.058824 10.705882 2.647059 8.294118 
2.351351 10.432432 2.702703 3.945946 2.756757 11.270270 3.135135 3.270270 2.351351 3.270270 
2.526316 10.631579 3.000000 2.421053 2.368421 8.421053 2.842105 7.368421 2.578947 5.052632 
3.080000 11.200000 2.880000 11.600000 2.440000 10.920000 2.920000 5.720000 2.240000 3.400000 
2.250000 10.781250 2.468750 10.875000 2.781250 5.562500 2.500000 3.750000 2.500000 9.156250 
2.111111 10.944444 2.111111 11.611111 2.777778 6.611111 2.333333 11.555556 2.888889 4.666667 
2.181818 11.909091 2.272727 9.545455 2.636364 9.181818 2.181818 8.636364 2.545455 10.818182 
2.631579 7.105263 2.368421 11.947368 1.894737 7.947368 2.684211 6.052632 2.526316 11.526316 
2.500000 2.250000 2.750000 7.400000 3.000000 6.150000 1.950000 2.600000 2.600000 10.950000 
2.041667 4.875000 2.416667 10.291667 2.250000 9.541667 2.583333 2.875000 2.208333 2.333333 
3.500000 11.000000 1.500000 1.500000 1.500000 11.500000 1.000000 3.750000 2.750000 1.250000 
2.916667 8.625000 2.750000 8.416667 2.333333 2.291667 2.291667 3.458333 2.583333 3.125000 
2.281250 11.000000 1.906250 3.468750 2.343750 3.531250 2.281250 10.562500 2.218750 3.437500 
2.550000 2.600000 2.600000 10.150000 2.200000 11.300000 2.500000 6.850000 2.700000 11.000000 
2.142857 6.714286 2.285714 2.000000 2.785714 8.857143 2.714286 11.285714 2.785714 4.857143 
3.090909 10.090909 3.090909 4.090909 3.181818 10.909091 1.909091 4.909091 2.000000 12.818182 
3.176471 2.176471 2.058824 11.647059 3.294118 9.294118 2.176471 5.764706 2.882353 3.705882 
2.176471 3.058824 2.411765 2.882353 2.294118 5.823529 3.117647 7.352941 2.235294 10.470588 
3.090909 12.545455 2.363636 9.636364 3.636364 3.272727 2.545455 9.636364 3.272727 2.909091 
2.000000 8.083333 1.833333 6.500000 2.750000 7.500000 3.250000 6.583333 2.000000 3.333333 
2.571429 6.571429 2.428571 2.642857 2.571429 7.500000 1.714286 1.785714 2.285714 7.500000 
2.000000 1.727273 2.545455 8.636364 1.636364 2.272727 1.818182 9.272727 1.909091 3.636364 
2.277778 10.166667 2.388889 3.111111 2.444444 11.444444 2.388889 11.333333 2.444444 10.500000 
3.090909 2.181818 2.090909 11.272727 2.363636 7.818182 2.000000 10.454545 2.636364 10.000000 
1.750000 7.250000 4.000000 11.750000 2.000000 6.000000 1.250000 12.250000 2.000000 2.250000 
2.083333 12.166667 2.083333 2.666667 2.416667 5.166667 2.583333 4.916667 2.500000 5.750000 
2.823529 3.117647 2.764706 7.176471 2.647059 3.411765 2.411765 12.117647 2.705882 6.235294 
2.166667 1.833333 1.833333 7.916667 3.166667 8.666667 2.416667 3.083333 3.416667 5.416667 
2.250000 12.000000 2.500000 7.625000 3.375000 12.250000 1.625000 11.125000 3.375000 4.250000 
2.533333 7.800000 3.266667 11.000000 2.600000 11.266667 2.066667 10.066667 2.266667 10.800000 
2.153846 2.153846 3.153846 4.692308 1.846154 2.846154 2.538462 5.307692 2.692308 12.000000 
2.666667 1.916667 2.916667 7.833333 2.583333 10.916667 2.583333 12.416667 1.833333 6.916667 
2.428571 11.571429 2.000000 3.857143 2.000000 12.285714 1.714286 4.714286 2.285714 7.000000 

Avg Classes:
2.482072 7.045153 2.496680 6.972112 2.519256 7.025232 2.520584 6.966799 2.525896 6.812749 
2.442700 6.769231 2.466248 7.087912 2.472527 7.183673 2.525903 6.890110 2.554160 7.221350 
2.550725 8.000000 2.304348 6.318841 2.449275 6.739130 2.565217 6.898551 2.463768 6.869565 
2.413793 8.172414 2.482759 7.965517 2.724138 8.620690 2.620690 6.827586 2.758621 6.517241 
2.600000 7.200000 2.000000 8.400000 2.200000 7.800000 1.600000 6.000000 1.400000 5.000000 
2.000000 3.500000 2.000000 6.500000 2.000000 4.500000 2.000000 5.000000 2.000000 6.250000 
4.000000 8.000000 2.500000 7.000000 2.500000 8.000000 3.500000 10.000000 1.500000 7.000000 
1.000000 2.000000 3.000000 2.000000 4.000000 2.000000 2.000000 2.000000 1.000000 8.000000 
-1.000000 -1.000000 -1.000000 -1.000000 -1.000000 -1.000000 -1.000000 -1.000000 -1.000000 -1.000000 
-1.000000 -1.000000 -1.000000 -1.000000 -1.000000 -1.000000 -1.000000 -1.000000 -1.000000 -1.000000 

Cluster 0 is class 0
Cluster 1 is class 5
Cluster 2 is class 6
Cluster 3 is class 5
Cluster 4 is class 0
Cluster 5 is class 5
Cluster 6 is class 0
Cluster 7 is class 2
Cluster 8 is class 5
Cluster 9 is class 6
Cluster 10 is class 4
Cluster 11 is class 1
Cluster 12 is class 0
Cluster 13 is class 0
Cluster 14 is class 1
Cluster 15 is class 4
Cluster 16 is class 2
Cluster 17 is class 2
Cluster 18 is class 2
Cluster 19 is class 3
Cluster 20 is class 6
Cluster 21 is class 0
Cluster 22 is class 3
Cluster 23 is class 0
Cluster 24 is class 1
Cluster 25 is class 0
Cluster 26 is class 0
Cluster 27 is class 3
Cluster 28 is class 0
Cluster 29 is class 6
Cluster 30 is class 3
Cluster 31 is class 0
Cluster 32 is class 2
Cluster 33 is class 2
Cluster 34 is class 3
Cluster 35 is class 0
Cluster 36 is class 6
Cluster 37 is class 3
Cluster 38 is class 1
Cluster 39 is class 5
Cluster 40 is class 4
Cluster 41 is class 4
Cluster 42 is class 4
Cluster 43 is class 2
Cluster 44 is class 1
Cluster 45 is class 2
Cluster 46 is class 0
Cluster 47 is class 4
Cluster 48 is class 0
Cluster 49 is class 0
Cluster 50 is class 0
Cluster 51 is class 0
Cluster 52 is class 5
Cluster 53 is class 6
Cluster 54 is class 1
Cluster 55 is class 0
Cluster 56 is class 2
Cluster 57 is class 0
Cluster 58 is class 5
Cluster 59 is class 3
Cluster 60 is class 3
Cluster 61 is class 5
Cluster 62 is class 6
Cluster 63 is class 3

Overall Accuracy is 0.227333

