----------------------------For Number of clusters 15----------------------------
Number of Iterations for Kmeans: 39
Avg Clusters:
2.454545 10.472727 2.406061 8.812121 2.375758 10.163636 2.539394 9.842424 2.696970 4.975758 
2.500000 7.354545 2.327273 3.036364 2.572727 10.700000 2.609091 4.136364 2.463636 3.690909 
2.343750 8.718750 2.343750 3.265625 2.414062 4.750000 2.429688 10.382812 2.484375 4.429688 
2.333333 3.313725 2.529412 4.823529 2.509804 7.477124 2.627451 10.372549 2.522876 10.294118 
2.475806 3.919355 2.500000 9.459677 2.564516 10.766129 2.653226 4.137097 2.814516 9.516129 
2.742857 10.352381 2.600000 9.257143 2.495238 4.047619 2.390476 4.380952 2.352381 3.619048 
2.351648 3.406593 2.483516 3.659341 2.626374 4.406593 2.450549 3.516484 2.417582 7.208791 
2.488095 10.595238 2.464286 3.500000 2.321429 2.702381 2.464286 3.904762 2.750000 8.797619 
2.329268 10.207317 2.365854 10.804878 2.402439 8.804878 2.731707 4.048780 2.487805 10.024390 
2.550000 3.910000 2.730000 9.310000 2.630000 10.200000 2.330000 10.140000 2.470000 3.860000 
2.397436 3.461538 2.371795 10.833333 2.692308 6.743590 2.576923 4.166667 2.564103 3.564103 
2.418919 4.770270 2.702703 9.689189 2.486486 2.918919 2.594595 10.621622 2.445946 6.121622 
2.782051 10.371795 2.628205 7.551282 2.525641 4.346154 2.564103 9.769231 2.435897 11.025641 
2.500000 10.193548 2.322581 3.048387 2.435484 10.225806 2.258065 5.016129 2.403226 10.306452 
2.454545 3.772727 2.287879 9.742424 2.484848 3.106061 2.515152 3.560606 2.424242 10.651515 

Avg Classes:
2.482072 7.045153 2.496680 6.972112 2.519256 7.025232 2.520584 6.966799 2.525896 6.812749 
2.442700 6.769231 2.466248 7.087912 2.472527 7.183673 2.525903 6.890110 2.554160 7.221350 
2.550725 8.000000 2.304348 6.318841 2.449275 6.739130 2.565217 6.898551 2.463768 6.869565 
2.413793 8.172414 2.482759 7.965517 2.724138 8.620690 2.620690 6.827586 2.758621 6.517241 
2.600000 7.200000 2.000000 8.400000 2.200000 7.800000 1.600000 6.000000 1.400000 5.000000 
2.000000 3.500000 2.000000 6.500000 2.000000 4.500000 2.000000 5.000000 2.000000 6.250000 
4.000000 8.000000 2.500000 7.000000 2.500000 8.000000 3.500000 10.000000 1.500000 7.000000 
1.000000 2.000000 3.000000 2.000000 4.000000 2.000000 2.000000 2.000000 1.000000 8.000000 
-1.000000 -1.000000 -1.000000 -1.000000 -1.000000 -1.000000 -1.000000 -1.000000 -1.000000 -1.000000 
-1.000000 -1.000000 -1.000000 -1.000000 -1.000000 -1.000000 -1.000000 -1.000000 -1.000000 -1.000000 

Cluster 0 is class 3
Cluster 1 is class 0
Cluster 2 is class 2
Cluster 3 is class 0
Cluster 4 is class 0
Cluster 5 is class 4
Cluster 6 is class 5
Cluster 7 is class 2
Cluster 8 is class 3
Cluster 9 is class 0
Cluster 10 is class 4
Cluster 11 is class 0
Cluster 12 is class 0
Cluster 13 is class 2
Cluster 14 is class 5

Overall Accuracy is 0.238000

