----------------------------For Number of clusters 49----------------------------
Number of Iterations for Kmeans: 21
Avg Clusters:
2.581818 2.800000 2.690909 10.272727 2.527273 10.436364 2.563636 9.381818 2.563636 9.545455 
2.400000 3.360000 2.780000 10.280000 2.800000 7.160000 2.520000 9.740000 2.360000 3.800000 
2.396825 3.952381 2.507937 4.571429 2.444444 4.492063 2.476190 2.587302 2.587302 10.412698 
2.093750 2.156250 2.468750 4.281250 2.562500 3.906250 2.343750 6.281250 2.625000 4.000000 
2.550000 9.975000 2.600000 10.975000 2.400000 9.850000 2.525000 9.400000 2.425000 10.500000 
2.480000 3.820000 2.200000 3.740000 2.420000 11.560000 2.800000 4.900000 2.640000 8.580000 
2.625000 10.104167 2.541667 8.937500 2.562500 2.875000 2.395833 9.312500 2.354167 11.020833 
2.755102 10.857143 2.306122 8.061224 2.714286 3.897959 2.265306 3.653061 2.530612 5.571429 
2.520000 11.100000 2.520000 4.320000 2.620000 11.180000 2.800000 3.900000 2.380000 3.820000 
2.700000 4.250000 2.875000 5.675000 2.550000 11.850000 2.125000 9.850000 2.700000 3.375000 
2.525424 10.694915 2.338983 4.542373 2.457627 9.440678 2.457627 10.949153 2.847458 4.389831 
2.529412 3.431373 2.235294 10.980392 2.431373 3.607843 2.568627 3.431373 2.647059 10.470588 
2.739130 3.782609 2.086957 3.347826 2.260870 10.043478 2.217391 1.739130 2.782609 3.173913 
2.395349 3.604651 2.395349 9.395349 2.627907 10.325581 2.581395 3.000000 2.837209 8.604651 
2.375000 10.645833 2.437500 3.937500 2.312500 2.416667 2.562500 4.250000 2.791667 10.125000 
2.585366 9.170732 2.829268 11.048780 2.512195 5.926829 2.121951 5.024390 2.463415 3.243902 
2.352941 11.705882 2.617647 6.647059 2.676471 9.411765 2.617647 7.529412 2.529412 9.147059 
2.545455 9.454545 2.545455 2.954545 2.272727 11.227273 2.545455 11.545455 2.363636 10.545455 
2.461538 9.282051 2.769231 2.948718 2.230769 4.538462 2.615385 10.948718 2.487179 9.897436 
2.666667 5.095238 2.761905 7.952381 2.238095 2.523810 2.285714 11.190476 2.047619 2.952381 
2.642857 7.071429 2.464286 10.428571 2.428571 12.107143 2.571429 7.428571 2.892857 6.000000 
2.100000 2.600000 2.550000 5.250000 2.325000 3.925000 2.600000 8.175000 2.400000 11.300000 
2.869565 11.086957 2.521739 8.956522 2.652174 10.608696 2.695652 7.913043 2.521739 2.260870 
2.090909 4.060606 2.424242 3.151515 3.000000 8.939394 2.696970 11.484848 2.636364 7.030303 
2.466667 2.266667 2.133333 4.666667 2.000000 4.000000 2.866667 12.666667 2.933333 11.266667 
2.464286 3.071429 2.642857 10.964286 2.535714 3.142857 2.571429 4.142857 2.500000 4.035714 
2.388889 10.416667 2.444444 3.444444 2.444444 10.638889 2.027778 3.666667 2.250000 11.111111 
2.481481 3.666667 2.148148 11.814815 2.777778 10.296296 2.407407 4.333333 2.407407 2.703704 
2.297297 10.027027 2.486486 11.108108 2.189189 7.189189 2.432432 3.216216 2.729730 11.081081 
2.550000 2.900000 2.550000 3.900000 3.200000 10.150000 2.300000 10.450000 2.050000 12.000000 
2.058824 4.235294 2.647059 8.588235 2.411765 9.117647 2.882353 2.411765 2.823529 3.352941 
2.250000 9.041667 2.208333 2.291667 3.000000 7.291667 2.291667 2.750000 2.291667 6.916667 
2.869565 5.608696 2.739130 8.173913 2.304348 6.652174 2.913043 11.260870 2.826087 10.043478 
2.290323 10.677419 2.000000 2.548387 2.258065 3.870968 2.516129 9.935484 2.258065 3.838710 
2.266667 5.466667 2.533333 10.266667 2.466667 2.133333 3.000000 8.733333 2.733333 7.333333 
3.125000 10.437500 2.437500 8.875000 2.437500 2.500000 2.687500 2.437500 2.375000 1.937500 
2.666667 2.200000 2.933333 7.933333 2.400000 3.600000 2.066667 11.800000 2.666667 6.666667 
1.875000 4.187500 2.187500 2.312500 2.687500 2.562500 2.625000 10.625000 2.437500 5.625000 
2.206897 11.068966 2.137931 11.413793 2.517241 6.931034 2.551724 11.827586 3.068966 5.000000 
2.272727 5.954545 2.318182 12.409091 2.409091 11.454545 2.954545 2.227273 2.500000 10.500000 
2.333333 6.166667 1.916667 3.083333 2.250000 7.000000 3.583333 5.833333 2.000000 9.083333 
2.473684 6.631579 2.736842 3.473684 2.368421 4.526316 2.947368 7.789474 2.157895 2.105263 
2.733333 11.800000 2.466667 12.066667 1.866667 10.866667 3.133333 4.133333 1.933333 3.800000 
2.312500 4.875000 2.562500 3.750000 2.375000 2.625000 2.312500 2.125000 2.062500 4.500000 
2.000000 8.076923 2.769231 11.615385 3.000000 1.923077 2.538462 10.692308 1.846154 4.230769 
2.190476 7.095238 2.428571 12.047619 2.428571 10.809524 2.380952 11.142857 2.428571 2.476190 
2.333333 11.866667 1.800000 1.666667 2.200000 2.933333 2.666667 3.400000 2.400000 4.733333 
3.000000 11.523810 2.333333 7.190476 2.714286 2.476190 2.380952 9.952381 2.476190 3.333333 
2.866667 6.600000 2.333333 1.733333 2.600000 10.066667 2.066667 6.466667 2.866667 1.866667 

Avg Classes:
2.482072 7.045153 2.496680 6.972112 2.519256 7.025232 2.520584 6.966799 2.525896 6.812749 
2.442700 6.769231 2.466248 7.087912 2.472527 7.183673 2.525903 6.890110 2.554160 7.221350 
2.550725 8.000000 2.304348 6.318841 2.449275 6.739130 2.565217 6.898551 2.463768 6.869565 
2.413793 8.172414 2.482759 7.965517 2.724138 8.620690 2.620690 6.827586 2.758621 6.517241 
2.600000 7.200000 2.000000 8.400000 2.200000 7.800000 1.600000 6.000000 1.400000 5.000000 
2.000000 3.500000 2.000000 6.500000 2.000000 4.500000 2.000000 5.000000 2.000000 6.250000 
4.000000 8.000000 2.500000 7.000000 2.500000 8.000000 3.500000 10.000000 1.500000 7.000000 
1.000000 2.000000 3.000000 2.000000 4.000000 2.000000 2.000000 2.000000 1.000000 8.000000 
-1.000000 -1.000000 -1.000000 -1.000000 -1.000000 -1.000000 -1.000000 -1.000000 -1.000000 -1.000000 
-1.000000 -1.000000 -1.000000 -1.000000 -1.000000 -1.000000 -1.000000 -1.000000 -1.000000 -1.000000 

Cluster 0 is class 1
Cluster 1 is class 0
Cluster 2 is class 5
Cluster 3 is class 5
Cluster 4 is class 3
Cluster 5 is class 0
Cluster 6 is class 0
Cluster 7 is class 2
Cluster 8 is class 3
Cluster 9 is class 6
Cluster 10 is class 6
Cluster 11 is class 5
Cluster 12 is class 5
Cluster 13 is class 0
Cluster 14 is class 0
Cluster 15 is class 4
Cluster 16 is class 3
Cluster 17 is class 6
Cluster 18 is class 2
Cluster 19 is class 0
Cluster 20 is class 3
Cluster 21 is class 5
Cluster 22 is class 3
Cluster 23 is class 0
Cluster 24 is class 0
Cluster 25 is class 5
Cluster 26 is class 2
Cluster 27 is class 4
Cluster 28 is class 0
Cluster 29 is class 0
Cluster 30 is class 4
Cluster 31 is class 2
Cluster 32 is class 6
Cluster 33 is class 2
Cluster 34 is class 0
Cluster 35 is class 4
Cluster 36 is class 0
Cluster 37 is class 2
Cluster 38 is class 6
Cluster 39 is class 1
Cluster 40 is class 0
Cluster 41 is class 0
Cluster 42 is class 3
Cluster 43 is class 5
Cluster 44 is class 0
Cluster 45 is class 3
Cluster 46 is class 2
Cluster 47 is class 0
Cluster 48 is class 0

Overall Accuracy is 0.221333

