----------------------------For Number of clusters 18----------------------------
Number of Iterations for Kmeans: 38
Avg Clusters:
2.298246 3.710526 2.394737 4.122807 2.359649 4.184211 2.561404 4.482456 2.614035 10.184211 
2.572650 10.632479 2.452991 4.897436 2.623932 2.717949 2.495726 3.735043 2.461538 7.094017 
2.504673 10.588785 2.429907 10.588785 2.607477 4.495327 2.654206 9.682243 2.476636 6.242991 
2.484848 4.383838 2.323232 10.454545 2.585859 6.484848 2.484848 3.666667 2.626263 3.454545 
2.429825 9.859649 2.438596 4.701754 2.517544 10.333333 2.552632 10.517544 2.710526 5.175439 
2.559524 4.107143 2.595238 9.511905 2.297619 6.571429 2.404762 10.785714 2.678571 10.250000 
2.484211 4.242105 2.326316 3.273684 2.621053 10.610526 2.568421 4.242105 2.631579 4.515789 
2.415842 4.485149 2.613861 10.069307 2.475248 10.990099 2.673267 3.831683 2.762376 9.702970 
2.250000 10.750000 2.337500 10.562500 2.425000 8.525000 2.775000 4.550000 2.525000 9.987500 
2.492063 10.285714 2.301587 3.174603 2.412698 9.968254 2.190476 4.682540 2.428571 10.333333 
2.621622 8.189189 2.810811 3.756757 2.364865 4.891892 2.540541 11.108108 2.283784 10.797297 
2.722222 11.375000 2.486111 6.597222 2.388889 9.791667 2.513889 3.902778 2.444444 2.777778 
2.373333 3.680000 2.773333 4.906667 2.493333 3.266667 2.426667 9.213333 2.400000 3.573333 
2.546667 7.013333 2.560000 11.320000 2.386667 11.413333 2.520000 9.466667 2.746667 3.893333 
2.458333 3.125000 2.597222 4.208333 2.875000 10.138889 2.500000 10.486111 2.333333 8.930556 
2.363636 10.618182 2.090909 4.218182 2.345455 3.690909 2.309091 10.200000 2.327273 3.345455 
2.561404 3.912281 2.228070 10.596491 2.403509 3.333333 2.456140 3.245614 2.438596 10.315789 
2.239130 3.217391 2.804348 10.608696 2.739130 6.282609 2.543478 10.326087 2.239130 3.913043 

Avg Classes:
2.482072 7.045153 2.496680 6.972112 2.519256 7.025232 2.520584 6.966799 2.525896 6.812749 
2.442700 6.769231 2.466248 7.087912 2.472527 7.183673 2.525903 6.890110 2.554160 7.221350 
2.550725 8.000000 2.304348 6.318841 2.449275 6.739130 2.565217 6.898551 2.463768 6.869565 
2.413793 8.172414 2.482759 7.965517 2.724138 8.620690 2.620690 6.827586 2.758621 6.517241 
2.600000 7.200000 2.000000 8.400000 2.200000 7.800000 1.600000 6.000000 1.400000 5.000000 
2.000000 3.500000 2.000000 6.500000 2.000000 4.500000 2.000000 5.000000 2.000000 6.250000 
4.000000 8.000000 2.500000 7.000000 2.500000 8.000000 3.500000 10.000000 1.500000 7.000000 
1.000000 2.000000 3.000000 2.000000 4.000000 2.000000 2.000000 2.000000 1.000000 8.000000 
-1.000000 -1.000000 -1.000000 -1.000000 -1.000000 -1.000000 -1.000000 -1.000000 -1.000000 -1.000000 
-1.000000 -1.000000 -1.000000 -1.000000 -1.000000 -1.000000 -1.000000 -1.000000 -1.000000 -1.000000 

Cluster 0 is class 5
Cluster 1 is class 2
Cluster 2 is class 0
Cluster 3 is class 4
Cluster 4 is class 6
Cluster 5 is class 0
Cluster 6 is class 0
Cluster 7 is class 1
Cluster 8 is class 3
Cluster 9 is class 2
Cluster 10 is class 2
Cluster 11 is class 2
Cluster 12 is class 5
Cluster 13 is class 3
Cluster 14 is class 1
Cluster 15 is class 2
Cluster 16 is class 5
Cluster 17 is class 0

Overall Accuracy is 0.184667

