----------------------------For Number of clusters 0----------------------------
Number of Iterations for Kmeans: 2
Avg Clusters:

Avg Classes:
2.498204 6.973453 2.508583 7.031118 2.505409 6.988423 2.496707 6.974830 2.504311 7.004371 
2.501837 7.002323 2.486808 7.011047 2.508641 7.010833 2.500889 7.001730 2.498921 6.981249 
2.515494 6.960599 2.506464 7.006156 2.492715 6.956905 2.489021 6.992202 2.502770 6.969013 
2.459485 6.999047 2.513346 7.008580 2.476644 7.014299 2.534795 6.994280 2.488084 7.075310 
2.591029 7.232190 2.572559 7.453826 2.562005 7.292876 2.527704 7.395778 2.474934 7.298153 
2.594872 6.979487 2.594872 7.117949 2.594872 7.287179 2.594872 6.887179 2.594872 6.769231 
2.500000 7.326667 2.533333 6.880000 2.460000 6.940000 2.406667 7.160000 2.493333 6.866667 
2.111111 8.166667 2.222222 7.277778 3.222222 7.611111 2.444444 8.277778 2.277778 7.888889 
4.000000 5.000000 4.000000 4.000000 4.000000 8.000000 4.000000 6.000000 4.000000 7.000000 
250031.000000 698743.000000 249986.000000 702247.000000 250607.000000 699886.000000 249913.000000 698951.000000 250170.000000 699512.000000 


Overall Accuracy is 0.421850

