----------------------------For Number of clusters 65----------------------------
Number of Iterations for Kmeans: 13
Avg Clusters:
2.659091 3.045455 2.818182 9.954545 2.431818 10.568182 2.545455 9.181818 2.545455 10.454545 
2.200000 4.050000 2.775000 10.925000 2.500000 7.650000 2.775000 10.225000 2.550000 5.225000 
2.474576 3.406780 2.525424 4.508475 2.525424 4.220339 2.491525 2.881356 2.661017 10.169492 
2.333333 2.666667 2.777778 5.296296 2.222222 2.666667 2.037037 7.074074 2.555556 2.962963 
2.466667 9.400000 2.533333 10.766667 2.233333 9.600000 2.266667 9.133333 2.266667 11.000000 
2.574468 3.468085 2.063830 3.872340 2.425532 11.340426 2.659574 4.000000 2.617021 8.531915 
2.735294 10.029412 2.470588 9.647059 2.470588 2.647059 2.500000 9.735294 2.411765 11.352941 
2.804878 10.146341 2.414634 8.463415 2.756098 3.487805 2.390244 3.658537 2.463415 6.121951 
2.444444 10.822222 2.688889 3.755556 2.511111 11.377778 2.844444 3.911111 2.333333 3.533333 
2.826087 3.304348 2.782609 6.869565 2.565217 10.913043 2.086957 8.347826 2.782609 2.739130 
2.410256 10.897436 2.179487 5.256410 2.615385 10.358974 2.435897 11.205128 2.769231 3.230769 
2.478261 3.543478 2.173913 11.108696 2.326087 3.456522 2.695652 3.304348 2.565217 10.369565 
2.230769 2.923077 2.000000 4.423077 2.538462 8.576923 2.538462 2.923077 2.884615 3.423077 
2.432432 3.162162 2.486486 9.567568 2.756757 9.702703 2.567568 3.000000 2.891892 9.000000 
2.205882 9.823529 2.823529 3.970588 2.058824 2.794118 2.323529 2.735294 2.735294 10.235294 
3.037037 9.851852 2.814815 11.740741 2.259259 4.555556 2.370370 4.814815 2.185185 2.555556 
3.148148 11.555556 2.666667 11.111111 2.555556 10.259259 3.259259 7.888889 2.814815 6.481481 
2.750000 8.083333 2.666667 3.375000 2.500000 10.833333 2.791667 11.875000 2.875000 8.708333 
2.862069 10.448276 2.931034 4.689655 3.000000 4.034483 2.724138 7.862069 2.862069 11.310345 
2.550000 4.900000 2.750000 9.150000 2.100000 3.100000 2.050000 11.850000 1.950000 2.800000 
2.450000 7.400000 2.600000 8.900000 2.300000 11.800000 2.450000 7.250000 2.850000 6.300000 
2.000000 2.448276 2.310345 6.275862 2.172414 3.448276 2.724138 8.000000 2.482759 11.551724 
2.904762 10.809524 2.476190 8.428571 2.523810 9.142857 2.285714 6.142857 2.428571 2.190476 
2.133333 2.733333 2.433333 5.166667 2.866667 8.466667 2.300000 11.933333 2.300000 7.800000 
2.428571 3.190476 2.523810 3.428571 2.476190 4.333333 2.333333 10.809524 2.809524 11.142857 
2.384615 3.769231 2.538462 11.000000 2.576923 3.230769 2.307692 3.576923 2.653846 3.884615 
2.470588 10.264706 2.529412 3.235294 2.529412 10.117647 1.970588 4.294118 2.411765 11.323529 
2.241379 3.896552 2.206897 11.793103 2.586207 10.413793 2.310345 3.965517 2.413793 2.655172 
2.294118 8.058824 2.235294 12.000000 2.529412 9.705882 2.176471 4.000000 2.176471 7.411765 
2.320000 3.000000 2.600000 3.480000 2.880000 10.280000 2.560000 9.800000 2.400000 11.000000 
2.285714 4.500000 2.642857 8.428571 2.428571 9.714286 2.857143 2.285714 3.000000 3.642857 
2.260870 9.086957 2.217391 2.391304 3.043478 8.086957 2.391304 2.782609 2.304348 6.695652 
2.944444 5.888889 2.944444 8.111111 2.444444 6.333333 2.944444 11.111111 2.722222 10.333333 
2.575758 9.727273 2.515152 2.606061 2.454545 6.969697 2.515152 9.151515 2.666667 4.424242 
1.692308 4.769231 2.615385 8.769231 2.692308 1.846154 3.153846 8.615385 2.692308 6.538462 
2.846154 9.769231 2.923077 6.461538 2.692308 1.923077 2.538462 2.538462 2.153846 2.307692 
3.000000 2.437500 3.000000 8.187500 2.437500 3.062500 2.437500 11.750000 2.875000 6.937500 
1.933333 3.600000 2.266667 2.400000 2.466667 3.133333 2.733333 11.266667 2.266667 5.266667 
2.107143 11.035714 2.178571 11.107143 2.642857 6.750000 2.500000 11.964286 3.071429 5.071429 
2.454545 6.181818 2.227273 12.136364 2.272727 11.363636 2.954545 2.590909 2.681818 11.181818 
2.571429 6.000000 2.142857 2.928571 2.142857 6.928571 3.214286 4.714286 2.000000 9.428571 
2.666667 5.333333 3.222222 2.444444 2.333333 4.888889 3.222222 8.222222 2.000000 1.888889 
2.727273 11.454545 2.272727 12.272727 1.909091 11.000000 3.090909 3.909091 1.636364 3.181818 
2.307692 4.461538 2.538462 4.230769 2.461538 2.923077 2.307692 2.000000 2.076923 4.307692 
2.333333 8.444444 2.555556 11.444444 3.222222 1.666667 2.666667 10.222222 2.000000 3.666667 
2.142857 7.238095 2.380952 12.000000 2.476190 10.952381 2.380952 11.047619 2.571429 2.333333 
2.117647 11.823529 1.705882 1.705882 2.235294 3.235294 2.882353 3.823529 2.235294 4.823529 
2.655172 11.310345 2.206897 7.034483 2.724138 3.241379 2.310345 9.551724 2.620690 3.344828 
3.200000 5.466667 2.066667 1.800000 2.533333 10.400000 2.266667 5.733333 2.933333 1.533333 
2.176471 11.000000 2.352941 8.058824 2.470588 11.647059 2.823529 2.647059 2.058824 9.352941 
2.423077 10.423077 2.500000 3.269231 1.923077 4.307692 2.576923 11.923077 2.269231 8.769231 
3.000000 2.818182 2.181818 11.545455 3.000000 11.909091 3.000000 7.636364 3.000000 6.090909 
2.071429 12.285714 2.214286 4.642857 2.500000 10.857143 1.857143 8.428571 2.571429 8.142857 
2.034483 10.448276 2.482759 10.896552 2.137931 6.275862 2.586207 3.344828 2.827586 11.448276 
1.928571 4.500000 2.714286 1.642857 3.214286 10.642857 2.714286 10.428571 2.928571 4.928571 
1.777778 7.333333 1.555556 2.111111 3.444444 1.888889 2.222222 6.777778 2.000000 6.666667 
2.916667 4.916667 2.666667 6.333333 2.666667 12.000000 1.833333 11.666667 1.666667 3.666667 
2.500000 11.916667 1.583333 3.333333 2.500000 1.416667 2.583333 6.250000 3.166667 8.250000 
2.615385 2.153846 3.000000 10.692308 2.923077 6.000000 2.692308 7.615385 1.923077 2.538462 
2.272727 8.545455 2.818182 2.272727 2.363636 8.000000 2.545455 10.818182 1.909091 12.454545 
2.100000 11.800000 2.900000 7.100000 2.600000 12.300000 2.300000 11.800000 3.000000 9.100000 
2.600000 9.100000 2.200000 11.300000 3.200000 3.100000 2.900000 9.000000 1.900000 7.300000 
2.545455 12.000000 2.363636 7.363636 2.090909 7.272727 1.727273 2.000000 3.000000 2.909091 
2.750000 2.500000 1.500000 5.000000 1.000000 1.250000 3.750000 12.250000 2.000000 12.500000 
2.153846 10.461538 1.923077 3.230769 1.923077 2.769231 2.307692 11.538462 1.769231 2.692308 

Avg Classes:
2.482072 7.045153 2.496680 6.972112 2.519256 7.025232 2.520584 6.966799 2.525896 6.812749 
2.442700 6.769231 2.466248 7.087912 2.472527 7.183673 2.525903 6.890110 2.554160 7.221350 
2.550725 8.000000 2.304348 6.318841 2.449275 6.739130 2.565217 6.898551 2.463768 6.869565 
2.413793 8.172414 2.482759 7.965517 2.724138 8.620690 2.620690 6.827586 2.758621 6.517241 
2.600000 7.200000 2.000000 8.400000 2.200000 7.800000 1.600000 6.000000 1.400000 5.000000 
2.000000 3.500000 2.000000 6.500000 2.000000 4.500000 2.000000 5.000000 2.000000 6.250000 
4.000000 8.000000 2.500000 7.000000 2.500000 8.000000 3.500000 10.000000 1.500000 7.000000 
1.000000 2.000000 3.000000 2.000000 4.000000 2.000000 2.000000 2.000000 1.000000 8.000000 
-1.000000 -1.000000 -1.000000 -1.000000 -1.000000 -1.000000 -1.000000 -1.000000 -1.000000 -1.000000 
-1.000000 -1.000000 -1.000000 -1.000000 -1.000000 -1.000000 -1.000000 -1.000000 -1.000000 -1.000000 

Cluster 0 is class 0
Cluster 1 is class 0
Cluster 2 is class 5
Cluster 3 is class 5
Cluster 4 is class 1
Cluster 5 is class 1
Cluster 6 is class 0
Cluster 7 is class 0
Cluster 8 is class 0
Cluster 9 is class 0
Cluster 10 is class 3
Cluster 11 is class 5
Cluster 12 is class 5
Cluster 13 is class 1
Cluster 14 is class 2
Cluster 15 is class 4
Cluster 16 is class 3
Cluster 17 is class 6
Cluster 18 is class 0
Cluster 19 is class 6
Cluster 20 is class 3
Cluster 21 is class 5
Cluster 22 is class 4
Cluster 23 is class 1
Cluster 24 is class 0
Cluster 25 is class 5
Cluster 26 is class 0
Cluster 27 is class 4
Cluster 28 is class 3
Cluster 29 is class 1
Cluster 30 is class 4
Cluster 31 is class 2
Cluster 32 is class 6
Cluster 33 is class 2
Cluster 34 is class 5
Cluster 35 is class 0
Cluster 36 is class 0
Cluster 37 is class 5
Cluster 38 is class 6
Cluster 39 is class 1
Cluster 40 is class 0
Cluster 41 is class 0
Cluster 42 is class 3
Cluster 43 is class 5
Cluster 44 is class 0
Cluster 45 is class 3
Cluster 46 is class 2
Cluster 47 is class 2
Cluster 48 is class 0
Cluster 49 is class 3
Cluster 50 is class 6
Cluster 51 is class 1
Cluster 52 is class 2
Cluster 53 is class 0
Cluster 54 is class 6
Cluster 55 is class 2
Cluster 56 is class 6
Cluster 57 is class 2
Cluster 58 is class 4
Cluster 59 is class 6
Cluster 60 is class 6
Cluster 61 is class 0
Cluster 62 is class 4
Cluster 63 is class 1
Cluster 64 is class 2

Overall Accuracy is 0.226000

