----------------------------For Number of clusters 59----------------------------
Number of Iterations for Kmeans: 26
Avg Clusters:
2.448980 2.591837 2.653061 9.244898 2.489796 10.428571 2.489796 9.326531 2.469388 10.469388 
2.450000 4.100000 2.925000 10.725000 2.550000 7.850000 2.675000 10.325000 2.475000 5.350000 
2.538462 3.500000 2.403846 5.019231 2.557692 5.519231 2.557692 2.365385 2.596154 10.769231 
2.093750 2.031250 2.375000 4.875000 2.468750 3.625000 2.218750 6.031250 2.750000 4.125000 
2.500000 9.617647 2.676471 10.823529 2.352941 9.588235 2.117647 9.676471 2.147059 10.911765 
2.500000 3.583333 2.145833 3.500000 2.437500 11.500000 2.708333 5.020833 2.583333 8.562500 
2.641026 10.051282 2.384615 9.948718 2.666667 2.769231 2.615385 9.384615 2.307692 10.589744 
2.604167 10.666667 2.312500 7.958333 2.562500 4.562500 2.062500 4.041667 2.479167 4.312500 
2.511111 10.777778 2.755556 3.822222 2.533333 11.466667 2.800000 3.644444 2.311111 3.555556 
2.600000 3.000000 3.000000 5.920000 2.760000 11.280000 2.160000 8.480000 3.000000 2.760000 
2.361702 10.702128 2.255319 5.659574 2.617021 10.042553 2.531915 11.000000 2.978723 3.765957 
2.560000 3.680000 2.140000 10.940000 2.300000 3.260000 2.560000 3.640000 2.620000 10.280000 
2.900000 3.950000 2.050000 3.000000 2.400000 10.000000 2.300000 1.900000 3.000000 2.700000 
2.275000 3.100000 2.475000 9.425000 2.750000 9.800000 2.550000 2.900000 2.900000 8.775000 
2.205882 9.500000 2.941176 3.911765 1.941176 2.911765 2.205882 2.794118 2.794118 10.411765 
2.818182 7.909091 2.848485 11.090909 2.363636 4.969697 2.272727 4.727273 2.606061 2.787879 
3.000000 11.636364 2.363636 11.181818 2.136364 9.954545 3.409091 8.227273 2.681818 7.045455 
2.400000 8.760000 2.600000 3.360000 2.400000 11.160000 2.720000 11.920000 2.680000 10.000000 
2.741935 10.161290 2.838710 4.612903 2.774194 3.645161 2.612903 7.967742 2.806452 11.548387 
2.523810 4.523810 2.714286 9.047619 2.095238 3.238095 2.047619 11.666667 2.142857 2.809524 
2.428571 7.333333 2.619048 9.000000 2.190476 11.952381 2.523810 7.523810 2.904762 6.333333 
2.078947 2.552632 2.578947 5.210526 2.210526 3.763158 2.763158 8.289474 2.526316 11.368421 
2.875000 11.125000 2.500000 7.812500 2.500000 9.062500 2.250000 6.437500 2.375000 2.625000 
2.129032 3.161290 2.548387 3.870968 2.935484 8.516129 2.451613 11.354839 2.516129 7.387097 
2.500000 2.937500 2.125000 4.000000 2.250000 2.875000 2.500000 12.562500 2.937500 10.625000 
2.333333 3.190476 2.714286 10.952381 2.619048 2.857143 2.476190 3.714286 2.333333 4.142857 
2.527778 10.222222 2.583333 3.333333 2.472222 10.166667 2.111111 4.222222 2.472222 11.305556 
2.300000 3.800000 2.233333 11.733333 2.633333 10.366667 2.333333 4.033333 2.433333 2.700000 
2.166667 8.222222 2.111111 12.222222 2.333333 9.388889 2.444444 4.055556 2.222222 7.222222 
2.777778 3.944444 2.722222 3.000000 2.888889 8.944444 2.388889 11.333333 2.055556 12.166667 
2.187500 4.125000 2.625000 8.312500 2.437500 9.250000 2.937500 2.562500 2.875000 3.625000 
2.260870 9.043478 2.130435 2.217391 2.956522 7.391304 2.304348 2.826087 2.304348 6.869565 
2.947368 5.789474 2.894737 8.105263 2.421053 6.473684 2.894737 11.210526 2.736842 10.368421 
2.257143 10.628571 2.285714 2.428571 2.171429 4.742857 2.742857 9.571429 2.371429 4.085714 
2.062500 5.750000 2.437500 9.000000 3.000000 2.000000 3.125000 8.437500 2.687500 6.625000 
3.230769 11.461538 2.384615 8.384615 2.692308 1.615385 2.846154 2.076923 2.307692 2.615385 
3.000000 2.437500 3.000000 8.187500 2.437500 3.062500 2.437500 11.750000 2.875000 6.937500 
1.750000 4.937500 2.062500 2.250000 2.500000 3.375000 2.562500 10.625000 2.187500 4.500000 
2.153846 11.038462 2.230769 11.230769 2.653846 6.423077 2.346154 12.000000 2.923077 4.923077 
2.454545 6.181818 2.227273 12.136364 2.272727 11.363636 2.954545 2.590909 2.681818 11.181818 
2.416667 5.916667 2.166667 2.666667 1.833333 6.833333 3.500000 6.500000 1.750000 8.416667 
3.000000 4.846154 3.153846 3.153846 2.230769 4.384615 3.076923 8.076923 2.384615 1.538462 
3.111111 11.666667 2.611111 12.000000 2.500000 11.055556 3.055556 5.222222 2.055556 2.722222 
2.105263 4.315789 2.684211 3.789474 2.736842 2.421053 2.842105 2.052632 1.736842 5.578947 
2.200000 8.500000 2.600000 11.500000 3.200000 1.700000 2.800000 10.300000 1.900000 4.000000 
2.100000 7.350000 2.450000 12.000000 2.450000 10.900000 2.300000 11.100000 2.600000 2.250000 
2.333333 11.866667 1.800000 1.666667 2.200000 2.933333 2.666667 3.400000 2.400000 4.733333 
2.724138 11.206897 2.241379 6.655172 2.620690 2.896552 2.241379 10.172414 2.482759 3.172414 
2.800000 6.866667 2.400000 2.000000 2.400000 9.933333 2.133333 6.933333 2.666667 2.200000 
2.350000 10.750000 2.400000 8.150000 2.500000 11.650000 2.750000 2.900000 2.100000 9.300000 
2.625000 10.541667 2.750000 3.583333 1.833333 4.625000 2.458333 12.000000 2.375000 9.000000 
2.909091 3.181818 2.000000 11.727273 2.909091 12.181818 3.090909 8.000000 2.909091 6.090909 
2.368421 12.157895 2.473684 4.789474 2.789474 10.368421 2.157895 8.578947 2.631579 8.421053 
2.100000 10.533333 2.533333 10.900000 2.200000 6.133333 2.600000 3.300000 2.866667 11.400000 
2.333333 8.000000 1.583333 2.000000 3.500000 10.833333 2.250000 11.916667 2.416667 4.666667 
2.000000 6.333333 1.777778 1.888889 3.222222 2.000000 2.111111 5.888889 2.111111 7.333333 
2.769231 5.076923 2.769231 6.307692 2.692308 11.923077 1.923077 11.769231 1.692308 3.846154 
2.800000 11.733333 1.800000 4.200000 2.533333 1.266667 2.600000 4.733333 3.000000 8.266667 
2.285714 1.785714 2.500000 11.357143 2.928571 5.928571 2.785714 7.642857 2.142857 3.142857 

Avg Classes:
2.482072 7.045153 2.496680 6.972112 2.519256 7.025232 2.520584 6.966799 2.525896 6.812749 
2.442700 6.769231 2.466248 7.087912 2.472527 7.183673 2.525903 6.890110 2.554160 7.221350 
2.550725 8.000000 2.304348 6.318841 2.449275 6.739130 2.565217 6.898551 2.463768 6.869565 
2.413793 8.172414 2.482759 7.965517 2.724138 8.620690 2.620690 6.827586 2.758621 6.517241 
2.600000 7.200000 2.000000 8.400000 2.200000 7.800000 1.600000 6.000000 1.400000 5.000000 
2.000000 3.500000 2.000000 6.500000 2.000000 4.500000 2.000000 5.000000 2.000000 6.250000 
4.000000 8.000000 2.500000 7.000000 2.500000 8.000000 3.500000 10.000000 1.500000 7.000000 
1.000000 2.000000 3.000000 2.000000 4.000000 2.000000 2.000000 2.000000 1.000000 8.000000 
-1.000000 -1.000000 -1.000000 -1.000000 -1.000000 -1.000000 -1.000000 -1.000000 -1.000000 -1.000000 
-1.000000 -1.000000 -1.000000 -1.000000 -1.000000 -1.000000 -1.000000 -1.000000 -1.000000 -1.000000 

Cluster 0 is class 0
Cluster 1 is class 0
Cluster 2 is class 5
Cluster 3 is class 5
Cluster 4 is class 3
Cluster 5 is class 1
Cluster 6 is class 0
Cluster 7 is class 0
Cluster 8 is class 2
Cluster 9 is class 0
Cluster 10 is class 6
Cluster 11 is class 5
Cluster 12 is class 0
Cluster 13 is class 1
Cluster 14 is class 0
Cluster 15 is class 4
Cluster 16 is class 3
Cluster 17 is class 6
Cluster 18 is class 2
Cluster 19 is class 0
Cluster 20 is class 3
Cluster 21 is class 5
Cluster 22 is class 3
Cluster 23 is class 0
Cluster 24 is class 0
Cluster 25 is class 5
Cluster 26 is class 0
Cluster 27 is class 4
Cluster 28 is class 3
Cluster 29 is class 0
Cluster 30 is class 4
Cluster 31 is class 2
Cluster 32 is class 6
Cluster 33 is class 2
Cluster 34 is class 0
Cluster 35 is class 4
Cluster 36 is class 0
Cluster 37 is class 0
Cluster 38 is class 6
Cluster 39 is class 1
Cluster 40 is class 0
Cluster 41 is class 5
Cluster 42 is class 3
Cluster 43 is class 5
Cluster 44 is class 0
Cluster 45 is class 3
Cluster 46 is class 2
Cluster 47 is class 0
Cluster 48 is class 0
Cluster 49 is class 3
Cluster 50 is class 6
Cluster 51 is class 1
Cluster 52 is class 3
Cluster 53 is class 0
Cluster 54 is class 6
Cluster 55 is class 2
Cluster 56 is class 6
Cluster 57 is class 2
Cluster 58 is class 5

Overall Accuracy is 0.232667

