----------------------------For Number of clusters 82----------------------------
Number of Iterations for Kmeans: 18
Avg Clusters:
2.609756 2.804878 2.829268 10.048780 2.390244 10.487805 2.536585 9.146341 2.536585 10.390244 
2.181818 4.030303 2.818182 10.909091 2.666667 7.787879 2.727273 10.272727 2.454545 5.212121 
2.735294 3.294118 2.500000 3.647059 2.588235 3.176471 2.911765 2.823529 2.294118 8.823529 
2.125000 2.291667 2.958333 5.458333 2.333333 3.166667 1.916667 7.041667 2.708333 3.041667 
2.900000 8.933333 2.500000 10.866667 2.233333 8.700000 2.566667 6.300000 2.666667 11.966667 
2.179487 3.641026 2.384615 3.128205 2.384615 11.205128 2.820513 5.282051 2.589744 7.769231 
2.464286 10.607143 2.500000 10.142857 2.642857 2.571429 2.714286 6.928571 2.464286 11.142857 
3.066667 10.266667 2.333333 7.500000 2.766667 2.233333 2.166667 3.700000 2.733333 5.400000 
2.500000 10.700000 2.450000 4.100000 2.550000 11.775000 2.875000 3.700000 2.325000 3.425000 
3.100000 3.500000 2.500000 8.700000 2.600000 11.450000 1.700000 7.600000 3.000000 2.950000 
2.333333 11.185185 2.185185 5.296296 2.444444 11.111111 2.518519 10.814815 2.962963 3.074074 
2.644444 3.888889 2.133333 10.533333 2.422222 3.555556 2.466667 2.733333 2.400000 10.555556 
1.666667 3.600000 1.466667 4.533333 2.800000 6.533333 3.133333 6.000000 2.466667 6.000000 
2.633333 2.600000 2.766667 9.633333 2.633333 9.166667 2.700000 3.100000 2.833333 8.300000 
2.228571 9.600000 2.828571 3.828571 2.000000 2.914286 2.228571 2.885714 2.828571 10.457143 
2.678571 10.964286 2.857143 9.964286 2.464286 4.000000 2.464286 7.357143 2.428571 2.642857 
2.750000 11.350000 1.750000 11.750000 2.200000 9.600000 3.200000 9.700000 3.050000 7.750000 
2.608696 9.130435 2.565217 2.869565 2.521739 10.913043 2.565217 11.739130 2.782609 9.217391 
2.884615 8.346154 2.961538 4.615385 2.615385 3.615385 2.192308 8.884615 2.730769 11.653846 
2.842105 5.000000 2.789474 9.000000 2.315789 4.000000 2.000000 12.157895 2.210526 2.473684 
2.600000 7.600000 2.480000 8.520000 2.160000 12.200000 2.520000 7.160000 2.600000 6.640000 
2.074074 2.333333 2.629630 6.555556 2.296296 2.370370 2.592593 7.444444 2.740741 11.111111 
3.125000 12.750000 2.750000 6.625000 2.375000 7.250000 1.750000 8.875000 1.125000 2.250000 
2.181818 2.136364 2.363636 6.227273 2.636364 9.000000 2.090909 12.318182 2.409091 7.363636 
2.409091 2.818182 2.727273 3.181818 2.318182 5.636364 2.363636 10.272727 2.590909 11.409091 
2.500000 3.083333 2.416667 11.500000 2.750000 3.083333 2.500000 4.291667 2.375000 4.500000 
2.617647 10.176471 2.588235 2.941176 2.441176 9.735294 2.205882 4.882353 2.529412 11.058824 
1.437500 5.312500 2.562500 11.250000 2.250000 9.937500 2.812500 3.625000 2.125000 1.500000 
2.055556 7.833333 2.166667 12.166667 2.333333 9.166667 2.277778 5.166667 2.222222 6.666667 
2.476190 2.952381 2.380952 3.904762 3.190476 10.285714 2.428571 10.238095 2.095238 11.428571 
2.294118 2.411765 2.235294 10.470588 2.705882 10.588235 2.235294 2.705882 2.941176 4.117647 
2.187500 7.562500 2.375000 5.875000 2.437500 9.437500 2.687500 2.062500 3.000000 8.375000 
2.650000 6.600000 2.850000 7.400000 2.050000 6.550000 3.300000 10.800000 3.000000 9.850000 
2.636364 9.696970 2.606061 2.363636 2.424242 7.333333 2.606061 8.666667 2.484848 4.303030 
1.800000 5.400000 2.500000 8.300000 2.900000 1.800000 3.300000 8.700000 2.900000 6.100000 
3.181818 10.363636 2.636364 8.454545 3.000000 2.090909 2.636364 2.090909 2.090909 1.727273 
2.823529 2.764706 2.823529 7.764706 2.647059 3.235294 2.352941 11.941176 2.882353 6.882353 
2.000000 3.500000 2.285714 2.357143 2.428571 3.000000 2.642857 11.428571 2.285714 5.214286 
1.952381 10.952381 2.238095 11.047619 2.666667 6.285714 2.428571 11.952381 2.904762 5.285714 
2.173913 5.652174 2.217391 12.173913 2.478261 11.260870 2.782609 2.043478 2.565217 10.565217 
2.400000 6.300000 2.100000 1.900000 2.600000 7.100000 1.800000 2.300000 2.200000 8.600000 
3.000000 5.083333 3.083333 2.666667 2.250000 4.083333 3.166667 8.166667 2.000000 1.666667 
2.750000 11.583333 2.166667 12.333333 1.916667 10.666667 3.083333 3.916667 1.666667 3.083333 
2.538462 5.230769 2.769231 4.384615 2.384615 3.384615 2.230769 2.153846 1.769231 3.846154 
2.000000 6.666667 2.500000 11.333333 2.583333 1.583333 2.500000 9.833333 1.916667 3.250000 
2.052632 6.736842 2.263158 11.736842 2.789474 10.894737 2.684211 11.000000 2.684211 2.947368 
2.000000 11.812500 1.625000 1.750000 2.187500 3.312500 2.812500 3.750000 2.187500 4.687500 
1.833333 10.166667 2.111111 5.666667 2.500000 5.888889 1.666667 11.555556 2.833333 3.777778 
3.214286 5.714286 2.071429 1.785714 2.500000 10.214286 2.142857 5.571429 2.857143 1.571429 
2.000000 11.090909 2.181818 5.545455 1.636364 12.636364 2.272727 2.363636 1.818182 10.181818 
2.444444 10.333333 2.722222 2.222222 2.111111 4.111111 2.611111 11.888889 2.166667 8.333333 
3.111111 2.777778 2.222222 11.666667 2.777778 12.222222 3.111111 7.666667 2.888889 6.333333 
2.600000 12.533333 2.200000 6.400000 2.866667 7.600000 2.933333 8.666667 2.600000 9.000000 
2.050000 10.950000 2.350000 10.550000 2.300000 6.750000 2.600000 2.300000 2.700000 10.950000 
2.200000 7.500000 1.600000 2.100000 3.600000 11.300000 2.400000 11.800000 2.500000 4.500000 
1.600000 7.000000 1.700000 2.500000 3.000000 2.400000 2.000000 6.700000 1.900000 6.600000 
2.571429 5.142857 3.000000 6.000000 2.571429 11.571429 1.857143 11.642857 1.642857 3.500000 
2.555556 11.833333 2.055556 3.277778 2.722222 1.444444 2.833333 6.388889 3.111111 8.611111 
2.500000 2.083333 3.000000 10.583333 3.000000 6.166667 2.750000 7.666667 2.000000 2.416667 
2.125000 8.375000 2.375000 2.500000 2.625000 7.750000 2.375000 10.875000 1.500000 12.500000 
2.363636 11.818182 3.181818 7.181818 2.545455 12.090909 2.545455 11.363636 3.000000 8.636364 
2.666667 7.866667 2.800000 11.866667 3.000000 3.266667 2.066667 10.200000 1.800000 8.533333 
2.400000 12.000000 2.400000 7.400000 2.000000 6.900000 1.800000 2.100000 3.000000 2.800000 
3.000000 2.333333 1.666667 4.666667 1.333333 2.000000 3.333333 12.166667 2.500000 12.666667 
2.461538 10.769231 2.230769 3.615385 2.076923 2.000000 2.384615 10.846154 2.153846 2.538462 
3.666667 11.333333 3.333333 11.111111 3.111111 11.777778 3.000000 7.222222 2.666667 2.555556 
2.600000 8.200000 3.000000 11.733333 2.266667 4.733333 2.133333 3.000000 2.600000 3.733333 
2.300000 7.600000 2.900000 11.200000 2.500000 11.000000 1.700000 10.700000 1.900000 10.800000 
2.615385 3.461538 1.923077 3.692308 2.307692 10.153846 2.384615 1.615385 3.153846 2.384615 
2.230769 11.692308 2.923077 2.076923 3.230769 7.692308 2.384615 3.153846 2.076923 5.230769 
1.736842 3.157895 2.421053 4.263158 2.315789 6.684211 2.473684 2.894737 2.894737 11.789474 
2.866667 2.933333 1.733333 5.866667 3.000000 11.533333 2.866667 2.933333 2.933333 11.266667 
2.600000 5.000000 2.400000 8.300000 2.300000 7.000000 3.300000 3.200000 2.800000 2.800000 
2.625000 1.875000 3.375000 3.250000 3.000000 11.750000 3.125000 8.125000 3.125000 2.375000 
1.666667 6.000000 2.000000 12.666667 4.000000 6.000000 3.666667 2.000000 3.333333 8.666667 
2.166667 3.833333 2.833333 1.833333 3.250000 8.166667 2.833333 10.750000 2.500000 6.750000 
1.750000 10.625000 2.375000 11.250000 2.000000 11.500000 2.250000 11.500000 3.125000 2.375000 
2.857143 11.500000 2.214286 7.285714 1.642857 3.857143 2.428571 11.928571 2.357143 10.428571 
2.833333 2.333333 2.166667 11.000000 2.500000 3.833333 2.500000 10.666667 3.000000 12.000000 
3.000000 9.769231 2.000000 7.923077 2.538462 9.000000 2.153846 5.384615 3.000000 3.000000 
2.583333 12.583333 2.333333 9.416667 2.916667 9.750000 3.166667 3.333333 2.250000 7.833333 
3.125000 11.375000 2.125000 7.125000 2.500000 2.125000 3.000000 10.500000 1.875000 5.375000 

Avg Classes:
2.482072 7.045153 2.496680 6.972112 2.519256 7.025232 2.520584 6.966799 2.525896 6.812749 
2.442700 6.769231 2.466248 7.087912 2.472527 7.183673 2.525903 6.890110 2.554160 7.221350 
2.550725 8.000000 2.304348 6.318841 2.449275 6.739130 2.565217 6.898551 2.463768 6.869565 
2.413793 8.172414 2.482759 7.965517 2.724138 8.620690 2.620690 6.827586 2.758621 6.517241 
2.600000 7.200000 2.000000 8.400000 2.200000 7.800000 1.600000 6.000000 1.400000 5.000000 
2.000000 3.500000 2.000000 6.500000 2.000000 4.500000 2.000000 5.000000 2.000000 6.250000 
4.000000 8.000000 2.500000 7.000000 2.500000 8.000000 3.500000 10.000000 1.500000 7.000000 
1.000000 2.000000 3.000000 2.000000 4.000000 2.000000 2.000000 2.000000 1.000000 8.000000 
-1.000000 -1.000000 -1.000000 -1.000000 -1.000000 -1.000000 -1.000000 -1.000000 -1.000000 -1.000000 
-1.000000 -1.000000 -1.000000 -1.000000 -1.000000 -1.000000 -1.000000 -1.000000 -1.000000 -1.000000 

Cluster 0 is class 0
Cluster 1 is class 0
Cluster 2 is class 7
Cluster 3 is class 5
Cluster 4 is class 0
Cluster 5 is class 0
Cluster 6 is class 0
Cluster 7 is class 0
Cluster 8 is class 2
Cluster 9 is class 3
Cluster 10 is class 6
Cluster 11 is class 5
Cluster 12 is class 5
Cluster 13 is class 0
Cluster 14 is class 0
Cluster 15 is class 2
Cluster 16 is class 3
Cluster 17 is class 6
Cluster 18 is class 0
Cluster 19 is class 0
Cluster 20 is class 3
Cluster 21 is class 5
Cluster 22 is class 0
Cluster 23 is class 6
Cluster 24 is class 1
Cluster 25 is class 5
Cluster 26 is class 2
Cluster 27 is class 4
Cluster 28 is class 3
Cluster 29 is class 1
Cluster 30 is class 4
Cluster 31 is class 0
Cluster 32 is class 1
Cluster 33 is class 2
Cluster 34 is class 5
Cluster 35 is class 4
Cluster 36 is class 0
Cluster 37 is class 5
Cluster 38 is class 6
Cluster 39 is class 1
Cluster 40 is class 2
Cluster 41 is class 0
Cluster 42 is class 3
Cluster 43 is class 5
Cluster 44 is class 0
Cluster 45 is class 3
Cluster 46 is class 2
Cluster 47 is class 6
Cluster 48 is class 0
Cluster 49 is class 2
Cluster 50 is class 2
Cluster 51 is class 3
Cluster 52 is class 2
Cluster 53 is class 3
Cluster 54 is class 6
Cluster 55 is class 0
Cluster 56 is class 6
Cluster 57 is class 2
Cluster 58 is class 4
Cluster 59 is class 6
Cluster 60 is class 6
Cluster 61 is class 0
Cluster 62 is class 4
Cluster 63 is class 0
Cluster 64 is class 2
Cluster 65 is class 3
Cluster 66 is class 4
Cluster 67 is class 6
Cluster 68 is class 4
Cluster 69 is class 2
Cluster 70 is class 5
Cluster 71 is class 0
Cluster 72 is class 4
Cluster 73 is class 0
Cluster 74 is class 0
Cluster 75 is class 0
Cluster 76 is class 3
Cluster 77 is class 6
Cluster 78 is class 0
Cluster 79 is class 4
Cluster 80 is class 3
Cluster 81 is class 0

Overall Accuracy is 0.202667

