----------------------------For Number of clusters 86----------------------------
Number of Iterations for Kmeans: 19
Avg Clusters:
2.591837 10.142857 2.306122 3.877551 2.591837 9.530612 2.510204 10.163265 2.632653 3.285714 
2.166667 10.533333 2.433333 2.233333 2.966667 8.266667 3.000000 4.766667 1.866667 5.500000 
2.423077 3.538462 2.538462 6.961538 2.500000 6.076923 2.615385 9.115385 2.346154 9.384615 
2.800000 10.240000 2.720000 3.800000 2.880000 6.600000 2.720000 8.200000 2.560000 12.000000 
2.684211 6.473684 2.578947 2.000000 2.473684 9.578947 2.631579 11.789474 2.526316 11.526316 
2.800000 10.085714 2.285714 7.600000 2.428571 10.885714 2.485714 5.828571 2.485714 2.771429 
2.275862 7.862069 2.586207 11.620690 2.413793 10.379310 2.172414 11.137931 2.517241 2.551724 
2.517241 10.275862 2.379310 3.379310 2.344828 11.000000 1.965517 3.482759 2.310345 11.000000 
2.478261 8.434783 2.434783 9.000000 2.478261 10.000000 2.260870 4.652174 2.695652 10.391304 
1.906250 10.625000 2.437500 10.687500 2.656250 6.218750 2.437500 11.437500 2.875000 4.875000 
2.785714 3.785714 2.535714 10.857143 2.428571 11.607143 2.857143 10.107143 2.571429 6.321429 
2.500000 6.133333 2.133333 11.200000 2.366667 3.200000 2.266667 3.233333 2.733333 10.866667 
2.357143 4.321429 2.500000 2.678571 2.500000 3.250000 2.571429 3.107143 2.000000 5.928571 
2.703704 11.185185 2.333333 9.777778 2.851852 5.259259 2.666667 3.481481 2.259259 8.481481 
2.050000 5.450000 2.650000 2.600000 2.950000 9.950000 2.300000 9.600000 2.600000 2.600000 
2.818182 11.363636 2.545455 8.757576 2.848485 3.242424 2.393939 7.939394 2.575758 3.666667 
2.227273 3.636364 2.545455 3.409091 2.909091 8.727273 2.681818 11.636364 2.500000 7.136364 
2.285714 11.000000 2.333333 11.571429 2.428571 9.047619 2.571429 8.047619 2.142857 9.476190 
2.562500 4.312500 3.500000 7.937500 2.812500 12.375000 2.562500 7.375000 2.500000 10.562500 
2.260870 3.608696 2.130435 5.913043 2.434783 9.521739 2.956522 2.347826 2.652174 11.173913 
3.285714 11.785714 2.428571 9.928571 2.571429 3.214286 2.785714 2.571429 3.071429 3.071429 
2.423077 6.846154 2.692308 9.230769 3.000000 2.038462 2.692308 10.423077 2.307692 3.730769 
2.619048 2.285714 2.761905 8.380952 2.238095 3.904762 2.000000 11.285714 2.333333 3.523810 
2.782609 5.173913 2.304348 11.739130 2.608696 6.695652 2.913043 6.956522 2.695652 6.000000 
2.350000 7.000000 2.250000 11.950000 2.350000 11.850000 2.750000 2.650000 2.600000 9.100000 
2.259259 3.592593 2.962963 3.888889 2.370370 4.592593 2.148148 3.074074 3.259259 11.555556 
2.360000 11.400000 2.480000 3.080000 2.680000 1.760000 2.960000 5.880000 2.760000 8.720000 
2.315789 1.684211 1.736842 5.315789 3.157895 9.105263 2.368421 3.947368 2.947368 6.157895 
2.666667 5.111111 2.055556 4.444444 2.444444 9.722222 2.666667 2.944444 2.666667 1.944444 
1.772727 4.454545 2.227273 11.272727 2.454545 10.318182 2.318182 3.772727 2.318182 2.272727 
2.161290 5.225806 2.290323 2.838710 2.516129 3.258065 2.548387 9.387097 2.290323 3.580645 
2.875000 10.791667 2.375000 6.666667 1.833333 3.791667 2.375000 11.625000 2.333333 9.791667 
2.750000 8.125000 3.187500 6.000000 2.687500 7.687500 2.750000 11.562500 2.937500 7.625000 
3.454545 1.636364 1.727273 9.272727 2.090909 10.818182 2.545455 5.272727 3.090909 10.454545 
2.941176 12.235294 2.235294 9.235294 2.352941 10.941176 2.823529 11.941176 3.117647 6.529412 
2.928571 3.500000 2.642857 7.785714 2.285714 11.714286 1.357143 8.785714 3.000000 3.071429 
1.400000 11.200000 2.600000 10.900000 2.100000 7.800000 2.700000 2.600000 3.100000 12.200000 
2.416667 6.416667 2.833333 5.833333 2.083333 12.250000 1.833333 11.833333 2.250000 4.916667 
2.312500 2.312500 2.437500 11.250000 3.187500 5.500000 2.812500 7.375000 2.187500 2.750000 
2.269231 1.730769 2.192308 4.769231 1.692308 3.076923 2.807692 9.769231 2.615385 12.192308 
2.625000 10.000000 2.062500 2.937500 2.250000 2.437500 2.437500 1.937500 2.000000 3.875000 
2.421053 2.315789 2.526316 8.894737 2.684211 1.842105 2.421053 6.000000 2.736842 10.736842 
2.545455 9.727273 3.090909 12.727273 2.000000 5.909091 2.272727 4.727273 1.727273 2.363636 
2.176471 3.352941 2.705882 11.823529 2.647059 10.235294 3.000000 1.588235 2.823529 9.647059 
2.833333 8.166667 2.500000 12.500000 1.500000 7.666667 3.333333 3.833333 1.833333 11.833333 
3.000000 5.625000 2.812500 10.187500 2.187500 4.875000 2.562500 2.500000 2.437500 2.875000 
2.400000 3.000000 2.666667 12.000000 2.466667 9.533333 2.133333 7.333333 2.800000 10.400000 
1.894737 11.473684 1.894737 3.736842 2.368421 3.631579 2.315789 11.315789 1.894737 3.105263 
2.619048 11.333333 2.238095 6.666667 2.619048 8.571429 2.047619 2.714286 3.000000 4.047619 
3.300000 1.900000 2.400000 10.900000 3.100000 9.200000 2.700000 3.100000 3.400000 3.900000 
2.428571 3.928571 2.500000 2.071429 2.142857 10.642857 2.857143 2.857143 2.214286 5.714286 
2.666667 10.000000 3.333333 7.666667 2.666667 1.333333 1.333333 1.000000 2.000000 1.666667 
2.250000 12.250000 1.583333 2.083333 1.833333 4.500000 2.583333 6.666667 2.750000 5.500000 
2.272727 4.181818 2.818182 8.181818 2.818182 12.272727 2.363636 3.181818 2.545455 6.545455 
2.666667 5.666667 2.733333 11.466667 2.266667 2.333333 2.466667 10.733333 2.333333 8.400000 
2.750000 7.562500 3.062500 5.500000 2.750000 2.937500 1.812500 8.625000 2.562500 11.812500 
2.285714 4.428571 2.214286 3.428571 2.285714 7.642857 3.214286 7.500000 1.857143 10.214286 
2.250000 1.500000 2.916667 5.500000 2.000000 2.333333 2.250000 5.500000 2.750000 2.916667 
2.066667 2.266667 2.400000 10.800000 2.066667 5.200000 2.800000 2.266667 2.266667 9.666667 
1.875000 11.250000 2.625000 8.750000 2.375000 12.750000 3.625000 2.375000 2.000000 8.875000 
2.562500 3.000000 2.812500 4.437500 2.875000 3.187500 2.312500 12.062500 3.187500 7.687500 
2.117647 12.117647 2.352941 4.117647 2.352941 11.529412 1.882353 9.176471 2.588235 8.294118 
2.900000 7.400000 2.600000 6.400000 1.700000 3.100000 2.200000 6.700000 1.700000 1.500000 
3.000000 1.500000 3.500000 3.875000 3.125000 11.750000 3.250000 7.750000 3.125000 2.500000 
2.217391 10.434783 2.652174 4.826087 2.173913 2.869565 2.304348 2.478261 2.565217 10.608696 
-1.000000 -1.000000 -1.000000 -1.000000 -1.000000 -1.000000 -1.000000 -1.000000 -1.000000 -1.000000 
2.375000 11.125000 2.687500 1.687500 2.125000 5.625000 2.750000 12.000000 2.687500 7.875000 
1.833333 1.333333 3.666667 2.333333 2.500000 7.833333 3.500000 8.000000 3.166667 8.666667 
2.600000 3.600000 1.733333 6.200000 3.133333 3.600000 3.066667 2.133333 1.733333 9.066667 
1.933333 7.133333 1.866667 2.400000 2.466667 7.333333 2.066667 2.133333 2.666667 8.733333 
3.105263 11.473684 3.000000 11.947368 2.210526 11.157895 3.000000 5.263158 2.210526 3.578947 
3.000000 9.230769 2.692308 7.692308 2.384615 1.615385 1.923077 3.461538 2.846154 5.692308 
1.857143 10.714286 1.571429 7.428571 2.285714 11.571429 3.285714 8.857143 2.428571 8.714286 
1.933333 1.466667 2.200000 6.466667 3.066667 9.466667 1.800000 12.066667 2.400000 9.666667 
1.900000 2.800000 2.500000 10.500000 2.900000 8.500000 2.600000 12.000000 2.100000 4.100000 
2.800000 3.000000 3.000000 3.200000 3.000000 13.000000 2.800000 11.000000 2.200000 11.800000 
2.636364 6.727273 3.272727 10.818182 2.727273 6.545455 2.454545 10.909091 2.727273 11.818182 
2.200000 3.300000 2.800000 9.400000 1.700000 9.000000 3.000000 11.700000 2.700000 10.300000 
3.500000 2.750000 1.750000 2.250000 2.000000 11.500000 1.750000 1.750000 3.750000 1.250000 
2.818182 8.363636 2.727273 11.000000 2.545455 11.909091 2.363636 10.818182 2.636364 10.454545 
2.307692 4.076923 2.076923 2.230769 2.000000 12.153846 2.769231 6.384615 2.538462 8.769231 
2.333333 10.800000 2.800000 2.533333 2.200000 12.333333 3.000000 2.933333 2.600000 3.400000 
-1.000000 -1.000000 -1.000000 -1.000000 -1.000000 -1.000000 -1.000000 -1.000000 -1.000000 -1.000000 
2.800000 4.800000 1.600000 2.400000 3.400000 1.400000 2.200000 6.200000 3.200000 8.600000 
2.500000 10.500000 2.062500 10.687500 2.687500 2.062500 2.875000 8.375000 2.375000 11.750000 
2.538462 2.230769 2.615385 11.461538 2.846154 2.230769 2.230769 3.538462 2.615385 4.923077 

Avg Classes:
2.482072 7.045153 2.496680 6.972112 2.519256 7.025232 2.520584 6.966799 2.525896 6.812749 
2.442700 6.769231 2.466248 7.087912 2.472527 7.183673 2.525903 6.890110 2.554160 7.221350 
2.550725 8.000000 2.304348 6.318841 2.449275 6.739130 2.565217 6.898551 2.463768 6.869565 
2.413793 8.172414 2.482759 7.965517 2.724138 8.620690 2.620690 6.827586 2.758621 6.517241 
2.600000 7.200000 2.000000 8.400000 2.200000 7.800000 1.600000 6.000000 1.400000 5.000000 
2.000000 3.500000 2.000000 6.500000 2.000000 4.500000 2.000000 5.000000 2.000000 6.250000 
4.000000 8.000000 2.500000 7.000000 2.500000 8.000000 3.500000 10.000000 1.500000 7.000000 
1.000000 2.000000 3.000000 2.000000 4.000000 2.000000 2.000000 2.000000 1.000000 8.000000 
-1.000000 -1.000000 -1.000000 -1.000000 -1.000000 -1.000000 -1.000000 -1.000000 -1.000000 -1.000000 
-1.000000 -1.000000 -1.000000 -1.000000 -1.000000 -1.000000 -1.000000 -1.000000 -1.000000 -1.000000 

Cluster 0 is class 6
Cluster 1 is class 2
Cluster 2 is class 0
Cluster 3 is class 1
Cluster 4 is class 6
Cluster 5 is class 3
Cluster 6 is class 3
Cluster 7 is class 2
Cluster 8 is class 3
Cluster 9 is class 3
Cluster 10 is class 3
Cluster 11 is class 0
Cluster 12 is class 5
Cluster 13 is class 0
Cluster 14 is class 0
Cluster 15 is class 0
Cluster 16 is class 1
Cluster 17 is class 3
Cluster 18 is class 1
Cluster 19 is class 0
Cluster 20 is class 0
Cluster 21 is class 0
Cluster 22 is class 5
Cluster 23 is class 4
Cluster 24 is class 3
Cluster 25 is class 7
Cluster 26 is class 2
Cluster 27 is class 5
Cluster 28 is class 4
Cluster 29 is class 4
Cluster 30 is class 5
Cluster 31 is class 2
Cluster 32 is class 6
Cluster 33 is class 1
Cluster 34 is class 6
Cluster 35 is class 4
Cluster 36 is class 1
Cluster 37 is class 6
Cluster 38 is class 4
Cluster 39 is class 5
Cluster 40 is class 0
Cluster 41 is class 5
Cluster 42 is class 4
Cluster 43 is class 1
Cluster 44 is class 3
Cluster 45 is class 4
Cluster 46 is class 0
Cluster 47 is class 2
Cluster 48 is class 3
Cluster 49 is class 4
Cluster 50 is class 5
Cluster 51 is class 2
Cluster 52 is class 2
Cluster 53 is class 1
Cluster 54 is class 0
Cluster 55 is class 0
Cluster 56 is class 0
Cluster 57 is class 5
Cluster 58 is class 5
Cluster 59 is class 3
Cluster 60 is class 5
Cluster 61 is class 3
Cluster 62 is class 0
Cluster 63 is class 0
Cluster 64 is class 2
Cluster 65 is class 8
Cluster 66 is class 2
Cluster 67 is class 0
Cluster 68 is class 5
Cluster 69 is class 0
Cluster 70 is class 3
Cluster 71 is class 0
Cluster 72 is class 3
Cluster 73 is class 0
Cluster 74 is class 4
Cluster 75 is class 6
Cluster 76 is class 6
Cluster 77 is class 6
Cluster 78 is class 4
Cluster 79 is class 6
Cluster 80 is class 0
Cluster 81 is class 3
Cluster 82 is class 8
Cluster 83 is class 5
Cluster 84 is class 0
Cluster 85 is class 5

Overall Accuracy is 0.188667

