----------------------------For Number of clusters 39----------------------------
Number of Iterations for Kmeans: 30
Avg Clusters:
2.578125 4.218750 2.531250 9.812500 2.468750 4.609375 2.781250 9.250000 2.734375 8.328125 
2.622642 10.075472 2.415094 4.396226 2.584906 11.490566 2.773585 3.849057 2.415094 3.358491 
2.305556 10.166667 2.555556 10.666667 2.819444 5.333333 2.486111 10.152778 2.722222 4.277778 
2.523810 10.619048 2.190476 3.476190 2.412698 2.349206 2.444444 4.000000 2.380952 6.761905 
2.344262 9.967213 2.245902 4.622951 2.442623 10.983607 2.442623 10.918033 2.540984 4.704918 
2.650000 10.000000 2.500000 9.350000 2.475000 2.750000 2.325000 9.875000 2.375000 11.075000 
2.528302 2.660377 2.188679 3.433962 2.415094 10.094340 2.698113 4.094340 2.830189 4.433962 
2.369048 4.607143 2.690476 10.369048 2.369048 11.238095 2.642857 4.047619 2.642857 9.785714 
2.271186 10.474576 2.305085 10.542373 2.457627 8.135593 2.711864 3.525424 2.576271 9.508475 
2.645833 10.562500 2.541667 3.437500 2.437500 10.020833 2.083333 5.166667 2.437500 11.041667 
2.510204 8.591837 2.979592 3.510204 2.387755 5.204082 2.530612 10.795918 2.326531 10.755102 
2.742857 11.457143 2.342857 8.628571 2.428571 7.800000 2.057143 4.171429 2.428571 2.828571 
2.363636 3.681818 2.772727 4.113636 2.545455 3.340909 2.590909 7.931818 2.363636 3.000000 
2.851852 10.407407 2.555556 11.444444 2.148148 11.814815 2.703704 7.074074 2.444444 3.370370 
2.396226 2.716981 2.622642 8.264151 2.452830 10.000000 2.339623 11.452830 2.320755 8.000000 
2.600000 10.550000 2.225000 4.425000 2.225000 3.250000 2.425000 10.500000 2.200000 2.925000 
2.391304 3.978261 2.173913 10.804348 2.304348 3.130435 2.413043 3.130435 2.543478 10.673913 
2.171429 3.514286 2.828571 9.542857 2.600000 4.600000 2.257143 10.971429 1.885714 2.885714 
2.500000 3.642857 2.482143 3.357143 2.821429 9.267857 2.732143 10.053571 2.464286 10.339286 
2.000000 4.565217 2.695652 2.130435 2.956522 10.521739 2.391304 10.826087 2.565217 4.260870 
2.568182 3.363636 2.590909 3.772727 2.613636 3.636364 2.522727 2.727273 2.227273 7.681818 
2.380952 12.047619 2.333333 3.047619 2.047619 5.428571 2.714286 10.285714 2.761905 7.095238 
2.446809 5.127660 2.489362 10.978723 2.468085 11.340426 2.297872 9.574468 2.787234 3.446809 
3.000000 9.692308 2.641026 9.820513 2.487179 2.538462 2.461538 3.692308 2.256410 3.153846 
2.444444 3.916667 2.500000 10.527778 2.416667 3.888889 2.583333 3.972222 2.638889 3.444444 
2.357143 6.357143 2.357143 3.357143 2.357143 3.071429 2.071429 4.107143 3.035714 11.285714 
2.260870 7.304348 2.130435 3.434783 2.217391 10.521739 2.869565 2.739130 2.434783 8.086957 
2.360000 11.520000 2.800000 6.960000 2.680000 3.320000 2.720000 3.760000 2.880000 11.440000 
2.583333 9.083333 2.583333 10.361111 2.444444 10.138889 2.305556 9.333333 2.444444 10.777778 
2.421053 2.684211 2.736842 4.631579 3.000000 3.157895 2.578947 11.842105 2.947368 7.000000 
2.105263 2.578947 2.052632 4.263158 2.684211 9.421053 2.736842 2.684211 2.894737 11.631579 
2.941176 4.000000 2.352941 7.764706 2.882353 6.470588 2.352941 2.235294 2.470588 10.823529 
2.222222 1.777778 2.259259 4.962963 1.740741 2.962963 2.740741 9.666667 2.444444 12.259259 
2.031250 3.750000 2.218750 10.906250 2.812500 10.250000 2.343750 3.312500 2.468750 3.031250 
-1.000000 -1.000000 -1.000000 -1.000000 -1.000000 -1.000000 -1.000000 -1.000000 -1.000000 -1.000000 
2.708333 8.500000 2.791667 2.666667 2.500000 8.125000 2.583333 8.000000 2.666667 3.833333 
1.800000 11.600000 2.466667 1.800000 3.200000 6.933333 2.666667 2.866667 2.066667 4.866667 
2.625000 11.958333 2.291667 9.583333 2.458333 10.541667 2.833333 11.708333 3.125000 6.833333 
3.000000 2.052632 2.052632 10.105263 2.947368 7.842105 3.052632 3.578947 3.105263 6.105263 

Avg Classes:
2.482072 7.045153 2.496680 6.972112 2.519256 7.025232 2.520584 6.966799 2.525896 6.812749 
2.442700 6.769231 2.466248 7.087912 2.472527 7.183673 2.525903 6.890110 2.554160 7.221350 
2.550725 8.000000 2.304348 6.318841 2.449275 6.739130 2.565217 6.898551 2.463768 6.869565 
2.413793 8.172414 2.482759 7.965517 2.724138 8.620690 2.620690 6.827586 2.758621 6.517241 
2.600000 7.200000 2.000000 8.400000 2.200000 7.800000 1.600000 6.000000 1.400000 5.000000 
2.000000 3.500000 2.000000 6.500000 2.000000 4.500000 2.000000 5.000000 2.000000 6.250000 
4.000000 8.000000 2.500000 7.000000 2.500000 8.000000 3.500000 10.000000 1.500000 7.000000 
1.000000 2.000000 3.000000 2.000000 4.000000 2.000000 2.000000 2.000000 1.000000 8.000000 
-1.000000 -1.000000 -1.000000 -1.000000 -1.000000 -1.000000 -1.000000 -1.000000 -1.000000 -1.000000 
-1.000000 -1.000000 -1.000000 -1.000000 -1.000000 -1.000000 -1.000000 -1.000000 -1.000000 -1.000000 

Cluster 0 is class 0
Cluster 1 is class 3
Cluster 2 is class 0
Cluster 3 is class 2
Cluster 4 is class 6
Cluster 5 is class 0
Cluster 6 is class 5
Cluster 7 is class 1
Cluster 8 is class 3
Cluster 9 is class 2
Cluster 10 is class 0
Cluster 11 is class 3
Cluster 12 is class 5
Cluster 13 is class 3
Cluster 14 is class 1
Cluster 15 is class 0
Cluster 16 is class 5
Cluster 17 is class 0
Cluster 18 is class 1
Cluster 19 is class 0
Cluster 20 is class 7
Cluster 21 is class 2
Cluster 22 is class 3
Cluster 23 is class 4
Cluster 24 is class 5
Cluster 25 is class 5
Cluster 26 is class 0
Cluster 27 is class 2
Cluster 28 is class 3
Cluster 29 is class 0
Cluster 30 is class 0
Cluster 31 is class 1
Cluster 32 is class 5
Cluster 33 is class 4
Cluster 34 is class 8
Cluster 35 is class 0
Cluster 36 is class 2
Cluster 37 is class 3
Cluster 38 is class 5

Overall Accuracy is 0.226000

