----------------------------For Number of clusters 12----------------------------
Number of Iterations for Kmeans: 42
Avg Clusters:
2.475138 9.906077 2.381215 7.701657 2.419890 10.314917 2.591160 4.419890 2.524862 9.419890 
2.460526 9.967105 2.500000 9.427632 2.453947 9.953947 2.460526 9.921053 2.625000 3.802632 
2.361842 9.861842 2.342105 2.888158 2.407895 6.309211 2.546053 10.177632 2.368421 5.750000 
2.420635 3.658730 2.476190 4.611111 2.515873 4.579365 2.539683 8.396825 2.634921 10.952381 
2.524138 3.400000 2.331034 9.993103 2.468966 6.551724 2.586207 3.220690 2.537931 9.641379 
2.724138 9.594828 2.525862 8.862069 2.517241 3.534483 2.310345 4.206897 2.379310 3.465517 
2.333333 9.047619 2.542857 3.314286 2.438095 3.085714 2.438095 3.333333 2.628571 9.085714 
2.360656 5.352459 2.368852 3.147541 2.573770 10.319672 2.688525 4.073770 2.598361 4.172131 
2.694737 9.515789 2.631579 10.178947 2.578947 4.105263 2.526316 9.652632 2.452632 9.894737 
2.393443 3.524590 2.680328 7.049180 2.500000 10.475410 2.524590 10.754098 2.573770 8.532787 
2.532609 3.728261 2.326087 11.010870 2.815217 9.000000 2.630435 5.673913 2.565217 3.543478 
2.380435 3.478261 2.728261 6.739130 2.445652 3.271739 2.369565 9.945652 2.500000 3.891304 

Avg Classes:
2.482072 7.045153 2.496680 6.972112 2.519256 7.025232 2.520584 6.966799 2.525896 6.812749 
2.442700 6.769231 2.466248 7.087912 2.472527 7.183673 2.525903 6.890110 2.554160 7.221350 
2.550725 8.000000 2.304348 6.318841 2.449275 6.739130 2.565217 6.898551 2.463768 6.869565 
2.413793 8.172414 2.482759 7.965517 2.724138 8.620690 2.620690 6.827586 2.758621 6.517241 
2.600000 7.200000 2.000000 8.400000 2.200000 7.800000 1.600000 6.000000 1.400000 5.000000 
2.000000 3.500000 2.000000 6.500000 2.000000 4.500000 2.000000 5.000000 2.000000 6.250000 
4.000000 8.000000 2.500000 7.000000 2.500000 8.000000 3.500000 10.000000 1.500000 7.000000 
1.000000 2.000000 3.000000 2.000000 4.000000 2.000000 2.000000 2.000000 1.000000 8.000000 
-1.000000 -1.000000 -1.000000 -1.000000 -1.000000 -1.000000 -1.000000 -1.000000 -1.000000 -1.000000 
-1.000000 -1.000000 -1.000000 -1.000000 -1.000000 -1.000000 -1.000000 -1.000000 -1.000000 -1.000000 

Cluster 0 is class 3
Cluster 1 is class 3
Cluster 2 is class 2
Cluster 3 is class 0
Cluster 4 is class 5
Cluster 5 is class 4
Cluster 6 is class 2
Cluster 7 is class 0
Cluster 8 is class 0
Cluster 9 is class 6
Cluster 10 is class 4
Cluster 11 is class 5

Overall Accuracy is 0.131333

