----------------------------For Number of clusters 80----------------------------
Number of Iterations for Kmeans: 15
Avg Clusters:
2.571429 3.000000 2.714286 10.142857 2.428571 10.761905 2.428571 9.285714 2.571429 10.523810 
2.633333 3.766667 2.633333 11.333333 2.600000 6.633333 2.933333 9.466667 2.733333 6.633333 
2.696970 3.272727 2.515152 3.666667 2.636364 3.060606 2.878788 2.727273 2.333333 8.787879 
2.120000 2.320000 2.920000 5.480000 2.320000 3.200000 1.880000 6.840000 2.760000 3.000000 
2.833333 9.208333 2.541667 10.916667 2.125000 9.583333 2.541667 7.000000 2.333333 12.208333 
2.309524 3.809524 2.357143 3.166667 2.309524 11.166667 2.833333 5.166667 2.595238 7.857143 
2.794118 9.911765 2.411765 9.852941 2.558824 2.705882 2.500000 9.235294 2.352941 11.470588 
3.000000 10.485714 2.371429 8.028571 2.857143 2.857143 2.200000 3.714286 2.514286 5.685714 
2.564103 10.692308 2.615385 4.000000 2.435897 11.769231 2.846154 3.589744 2.384615 3.435897 
3.142857 3.619048 2.476190 8.857143 2.666667 11.333333 1.666667 7.571429 3.000000 2.952381 
2.315789 10.710526 2.236842 5.736842 2.763158 10.000000 2.578947 11.289474 2.894737 3.342105 
2.565217 3.891304 2.086957 10.630435 2.500000 3.565217 2.500000 2.673913 2.500000 10.456522 
1.666667 3.600000 1.466667 4.533333 2.800000 6.533333 3.133333 6.000000 2.466667 6.000000 
2.566667 2.766667 2.766667 9.733333 2.666667 9.266667 2.666667 2.866667 2.833333 8.333333 
2.228571 9.457143 2.857143 3.971429 2.000000 2.800000 2.200000 3.228571 2.800000 10.600000 
2.583333 11.250000 2.875000 10.541667 2.541667 4.416667 2.416667 7.458333 2.583333 2.958333 
2.850000 11.400000 1.850000 11.600000 2.250000 9.400000 3.250000 9.700000 3.050000 7.850000 
2.500000 8.333333 2.666667 2.833333 2.388889 11.333333 2.888889 12.166667 2.888889 9.666667 
2.645161 10.903226 2.741935 4.645161 2.741935 3.290323 2.677419 7.870968 2.741935 10.741935 
2.269231 5.115385 2.846154 9.423077 2.423077 4.192308 2.115385 11.807692 2.076923 2.615385 
2.592593 7.666667 2.555556 8.481481 2.259259 12.074074 2.444444 7.185185 2.518519 6.629630 
2.115385 2.269231 2.653846 6.500000 2.346154 2.423077 2.538462 7.423077 2.692308 11.192308 
2.700000 12.250000 2.550000 5.700000 2.150000 6.000000 1.650000 9.250000 2.100000 4.450000 
2.259259 2.444444 2.481481 6.592593 2.629630 9.333333 2.370370 11.962963 2.222222 6.851852 
2.500000 3.115385 2.769231 3.384615 2.192308 5.653846 2.269231 10.269231 2.692308 11.230769 
2.400000 3.800000 2.480000 11.280000 2.640000 3.200000 2.200000 3.720000 2.680000 4.080000 
2.375000 9.937500 2.625000 3.281250 2.343750 10.156250 1.968750 4.843750 2.343750 11.562500 
1.437500 5.312500 2.562500 11.250000 2.250000 9.937500 2.812500 3.625000 2.125000 1.500000 
2.157895 8.052632 2.210526 12.315789 2.473684 9.052632 2.315789 5.052632 2.052632 6.421053 
2.428571 3.000000 2.285714 3.857143 3.190476 10.095238 2.380952 10.190476 2.047619 11.571429 
2.294118 2.411765 2.235294 10.470588 2.705882 10.588235 2.235294 2.705882 2.941176 4.117647 
2.823529 10.058824 1.705882 4.176471 2.588235 9.294118 2.705882 1.941176 2.764706 8.411765 
2.666667 6.722222 3.111111 7.388889 2.166667 6.555556 3.333333 10.777778 3.000000 9.888889 
2.615385 9.038462 2.653846 2.423077 2.307692 7.769231 2.653846 8.384615 2.615385 4.230769 
1.666667 4.750000 2.583333 8.500000 2.583333 1.750000 3.333333 8.500000 2.583333 6.416667 
3.181818 10.363636 2.636364 8.454545 3.000000 2.090909 2.636364 2.090909 2.090909 1.727273 
2.750000 2.750000 2.875000 7.687500 2.625000 3.062500 2.312500 12.000000 2.875000 6.812500 
2.076923 3.230769 2.307692 2.384615 2.538462 3.000000 2.692308 11.384615 2.307692 5.153846 
2.000000 10.842105 2.105263 11.526316 2.578947 6.000000 2.526316 11.842105 2.789474 5.473684 
2.318182 5.818182 2.227273 12.272727 2.545455 11.363636 2.909091 2.227273 2.590909 10.727273 
2.250000 6.666667 1.916667 1.833333 2.583333 6.666667 1.916667 2.083333 2.333333 8.500000 
3.000000 5.083333 3.083333 2.666667 2.250000 4.083333 3.166667 8.166667 2.000000 1.666667 
2.916667 12.000000 2.416667 12.166667 1.833333 10.416667 3.416667 3.750000 2.000000 3.916667 
2.666667 6.066667 2.800000 3.800000 2.200000 3.066667 2.333333 2.066667 1.733333 4.133333 
2.555556 7.555556 2.222222 10.777778 2.777778 2.222222 2.444444 8.000000 1.333333 3.333333 
2.142857 6.285714 2.523810 11.809524 2.619048 10.476190 2.523810 11.000000 2.428571 3.142857 
2.200000 12.333333 1.733333 1.600000 2.133333 3.066667 2.800000 4.533333 2.533333 5.066667 
3.000000 10.300000 2.200000 6.550000 2.200000 2.200000 2.750000 10.150000 2.500000 3.150000 
3.214286 5.714286 2.071429 1.785714 2.500000 10.214286 2.142857 5.571429 2.857143 1.571429 
1.909091 11.727273 2.545455 8.818182 2.545455 12.181818 3.363636 2.727273 2.181818 8.727273 
2.285714 8.500000 1.928571 3.000000 2.142857 2.785714 2.142857 11.785714 2.142857 8.357143 
3.111111 2.777778 2.222222 11.666667 2.777778 12.222222 3.111111 7.666667 2.888889 6.333333 
2.294118 12.235294 2.235294 4.764706 2.647059 10.411765 2.176471 8.352941 2.588235 8.352941 
2.037037 10.629630 2.444444 10.814815 2.296296 6.185185 2.444444 3.148148 2.777778 11.185185 
2.333333 8.000000 1.583333 2.000000 3.500000 10.833333 2.250000 11.916667 2.416667 4.666667 
1.636364 7.363636 1.727273 2.454545 3.090909 2.272727 2.181818 6.818182 1.818182 6.636364 
2.545455 5.090909 3.000000 5.818182 2.636364 11.636364 1.727273 12.090909 1.818182 2.909091 
3.000000 11.833333 1.166667 4.000000 3.000000 1.000000 2.500000 3.333333 3.000000 8.833333 
2.500000 2.071429 3.000000 10.571429 2.928571 6.000000 2.785714 7.857143 1.857143 2.714286 
2.222222 9.000000 2.444444 3.111111 2.222222 7.111111 2.888889 11.222222 1.333333 12.222222 
2.300000 11.500000 3.200000 7.500000 2.600000 12.200000 2.300000 11.700000 2.900000 9.300000 
2.111111 9.333333 2.555556 10.333333 2.888889 2.555556 2.666667 10.444444 2.333333 7.222222 
2.400000 12.000000 2.400000 7.400000 2.000000 6.900000 1.800000 2.100000 3.000000 2.800000 
3.000000 2.333333 1.666667 4.666667 1.333333 2.000000 3.333333 12.166667 2.500000 12.666667 
1.750000 11.166667 2.166667 2.250000 2.583333 3.416667 2.166667 11.333333 1.750000 2.666667 
3.600000 11.300000 3.200000 11.200000 2.900000 11.900000 3.000000 7.100000 2.500000 2.500000 
2.777778 9.222222 3.444444 12.555556 2.444444 4.666667 2.333333 2.666667 2.555556 3.555556 
1.833333 7.833333 3.166667 11.666667 2.500000 8.666667 1.166667 11.333333 1.833333 9.833333 
2.615385 3.461538 1.923077 3.692308 2.307692 10.153846 2.384615 1.615385 3.153846 2.384615 
2.083333 11.583333 2.916667 1.916667 3.333333 7.666667 2.500000 3.250000 1.916667 5.083333 
1.736842 3.157895 2.421053 4.263158 2.315789 6.684211 2.473684 2.894737 2.894737 11.789474 
2.812500 2.937500 1.875000 5.937500 2.875000 11.437500 2.812500 3.000000 2.937500 11.187500 
2.600000 5.000000 2.400000 8.300000 2.300000 7.000000 3.300000 3.200000 2.800000 2.800000 
2.625000 1.875000 3.375000 3.250000 3.000000 11.750000 3.125000 8.125000 3.125000 2.375000 
1.750000 6.750000 2.750000 8.625000 2.000000 7.750000 2.875000 2.500000 2.875000 9.500000 
2.272727 3.636364 2.818182 1.818182 3.181818 8.272727 3.000000 10.818182 2.454545 6.909091 
1.666667 10.333333 2.222222 11.222222 2.111111 11.666667 2.333333 11.444444 3.222222 2.444444 
2.846154 11.769231 2.923077 2.923077 2.076923 5.846154 2.615385 11.923077 3.000000 8.769231 
2.833333 2.333333 2.166667 11.000000 2.500000 3.833333 2.500000 10.666667 3.000000 12.000000 
2.928571 9.857143 1.928571 7.785714 2.642857 9.071429 2.214286 5.500000 2.857143 3.071429 

Avg Classes:
2.482072 7.045153 2.496680 6.972112 2.519256 7.025232 2.520584 6.966799 2.525896 6.812749 
2.442700 6.769231 2.466248 7.087912 2.472527 7.183673 2.525903 6.890110 2.554160 7.221350 
2.550725 8.000000 2.304348 6.318841 2.449275 6.739130 2.565217 6.898551 2.463768 6.869565 
2.413793 8.172414 2.482759 7.965517 2.724138 8.620690 2.620690 6.827586 2.758621 6.517241 
2.600000 7.200000 2.000000 8.400000 2.200000 7.800000 1.600000 6.000000 1.400000 5.000000 
2.000000 3.500000 2.000000 6.500000 2.000000 4.500000 2.000000 5.000000 2.000000 6.250000 
4.000000 8.000000 2.500000 7.000000 2.500000 8.000000 3.500000 10.000000 1.500000 7.000000 
1.000000 2.000000 3.000000 2.000000 4.000000 2.000000 2.000000 2.000000 1.000000 8.000000 
-1.000000 -1.000000 -1.000000 -1.000000 -1.000000 -1.000000 -1.000000 -1.000000 -1.000000 -1.000000 
-1.000000 -1.000000 -1.000000 -1.000000 -1.000000 -1.000000 -1.000000 -1.000000 -1.000000 -1.000000 

Cluster 0 is class 0
Cluster 1 is class 1
Cluster 2 is class 7
Cluster 3 is class 5
Cluster 4 is class 3
Cluster 5 is class 0
Cluster 6 is class 0
Cluster 7 is class 0
Cluster 8 is class 2
Cluster 9 is class 4
Cluster 10 is class 6
Cluster 11 is class 5
Cluster 12 is class 5
Cluster 13 is class 1
Cluster 14 is class 0
Cluster 15 is class 3
Cluster 16 is class 3
Cluster 17 is class 6
Cluster 18 is class 2
Cluster 19 is class 0
Cluster 20 is class 3
Cluster 21 is class 5
Cluster 22 is class 2
Cluster 23 is class 6
Cluster 24 is class 0
Cluster 25 is class 5
Cluster 26 is class 0
Cluster 27 is class 4
Cluster 28 is class 3
Cluster 29 is class 1
Cluster 30 is class 4
Cluster 31 is class 2
Cluster 32 is class 1
Cluster 33 is class 0
Cluster 34 is class 5
Cluster 35 is class 4
Cluster 36 is class 0
Cluster 37 is class 5
Cluster 38 is class 6
Cluster 39 is class 1
Cluster 40 is class 2
Cluster 41 is class 0
Cluster 42 is class 3
Cluster 43 is class 5
Cluster 44 is class 4
Cluster 45 is class 3
Cluster 46 is class 2
Cluster 47 is class 0
Cluster 48 is class 0
Cluster 49 is class 3
Cluster 50 is class 0
Cluster 51 is class 3
Cluster 52 is class 3
Cluster 53 is class 0
Cluster 54 is class 6
Cluster 55 is class 0
Cluster 56 is class 6
Cluster 57 is class 2
Cluster 58 is class 4
Cluster 59 is class 2
Cluster 60 is class 6
Cluster 61 is class 2
Cluster 62 is class 4
Cluster 63 is class 0
Cluster 64 is class 2
Cluster 65 is class 3
Cluster 66 is class 4
Cluster 67 is class 3
Cluster 68 is class 4
Cluster 69 is class 2
Cluster 70 is class 5
Cluster 71 is class 0
Cluster 72 is class 4
Cluster 73 is class 0
Cluster 74 is class 0
Cluster 75 is class 0
Cluster 76 is class 3
Cluster 77 is class 6
Cluster 78 is class 0
Cluster 79 is class 4

Overall Accuracy is 0.212000

