----------------------------For Number of clusters 20----------------------------
Number of Iterations for Kmeans: 30
Avg Clusters:
2.441441 3.612613 2.279279 10.432432 2.612613 6.657658 2.639640 4.009009 2.585586 4.144144 
2.528302 10.603774 2.405660 4.283019 2.452830 2.792453 2.500000 3.773585 2.584906 8.216981 
2.392523 10.635514 2.560748 10.056075 2.448598 6.065421 2.598131 10.383178 2.654206 8.570093 
2.770270 10.216216 2.648649 9.986486 2.445946 4.418919 2.162162 3.945946 2.256757 3.283784 
2.427184 9.543689 2.388350 4.514563 2.582524 10.466019 2.475728 10.407767 2.563107 4.679612 
2.657534 4.356164 2.356164 10.547945 2.493151 3.095890 2.575342 5.821918 2.684932 10.479452 
2.522222 3.866667 2.333333 3.355556 2.577778 10.311111 2.522222 4.088889 2.677778 4.655556 
2.424242 4.515152 2.636364 10.161616 2.484848 11.050505 2.565657 4.141414 2.727273 9.919192 
2.296875 10.625000 2.343750 10.421875 2.328125 9.125000 2.828125 4.015625 2.484375 10.015625 
2.492063 10.158730 2.285714 3.063492 2.507937 9.984127 2.238095 4.666667 2.444444 10.222222 
2.491803 8.524590 2.721311 3.590164 2.459016 4.262295 2.491803 10.688525 2.377049 10.196721 
2.606557 11.098361 2.524590 5.081967 2.344262 10.590164 2.803279 4.065574 2.475410 3.049180 
2.333333 3.666667 2.753623 4.043478 2.623188 3.405797 2.536232 8.391304 2.434783 3.826087 
2.602740 7.410959 2.479452 11.342466 2.493151 11.328767 2.493151 9.410959 2.684932 3.561644 
2.337500 2.862500 2.600000 8.375000 2.487500 9.262500 2.312500 11.287500 2.525000 8.162500 
2.500000 10.810345 2.206897 4.741379 2.396552 3.551724 2.344828 10.137931 2.362069 3.258621 
2.366197 3.661972 2.464789 4.422535 2.619718 4.845070 2.591549 2.732394 2.478873 10.211268 
2.369565 4.934783 2.630435 10.152174 2.565217 3.739130 2.304348 11.500000 2.326087 3.586957 
2.195122 2.121951 2.243902 4.658537 2.073171 4.170732 2.682927 9.609756 2.414634 11.804878 
2.500000 4.360000 2.640000 2.660000 2.780000 10.080000 2.840000 10.660000 2.420000 9.860000 

Avg Classes:
2.482072 7.045153 2.496680 6.972112 2.519256 7.025232 2.520584 6.966799 2.525896 6.812749 
2.442700 6.769231 2.466248 7.087912 2.472527 7.183673 2.525903 6.890110 2.554160 7.221350 
2.550725 8.000000 2.304348 6.318841 2.449275 6.739130 2.565217 6.898551 2.463768 6.869565 
2.413793 8.172414 2.482759 7.965517 2.724138 8.620690 2.620690 6.827586 2.758621 6.517241 
2.600000 7.200000 2.000000 8.400000 2.200000 7.800000 1.600000 6.000000 1.400000 5.000000 
2.000000 3.500000 2.000000 6.500000 2.000000 4.500000 2.000000 5.000000 2.000000 6.250000 
4.000000 8.000000 2.500000 7.000000 2.500000 8.000000 3.500000 10.000000 1.500000 7.000000 
1.000000 2.000000 3.000000 2.000000 4.000000 2.000000 2.000000 2.000000 1.000000 8.000000 
-1.000000 -1.000000 -1.000000 -1.000000 -1.000000 -1.000000 -1.000000 -1.000000 -1.000000 -1.000000 
-1.000000 -1.000000 -1.000000 -1.000000 -1.000000 -1.000000 -1.000000 -1.000000 -1.000000 -1.000000 

Cluster 0 is class 4
Cluster 1 is class 2
Cluster 2 is class 3
Cluster 3 is class 4
Cluster 4 is class 6
Cluster 5 is class 1
Cluster 6 is class 0
Cluster 7 is class 1
Cluster 8 is class 3
Cluster 9 is class 2
Cluster 10 is class 0
Cluster 11 is class 2
Cluster 12 is class 5
Cluster 13 is class 3
Cluster 14 is class 0
Cluster 15 is class 2
Cluster 16 is class 5
Cluster 17 is class 0
Cluster 18 is class 5
Cluster 19 is class 6

Overall Accuracy is 0.174000

