----------------------------For Number of clusters 85----------------------------
Number of Iterations for Kmeans: 25
Avg Clusters:
2.604167 10.166667 2.270833 3.833333 2.562500 9.583333 2.541667 10.166667 2.625000 3.250000 
2.272727 10.575758 2.393939 2.454545 2.939394 8.363636 2.939394 4.606061 1.969697 5.484848 
2.416667 3.291667 2.291667 7.958333 2.541667 5.500000 2.916667 8.875000 2.708333 8.625000 
2.800000 10.240000 2.720000 3.800000 2.880000 6.600000 2.720000 8.200000 2.560000 12.000000 
2.650000 6.400000 2.650000 2.150000 2.500000 9.400000 2.550000 11.750000 2.450000 11.600000 
3.000000 10.593750 2.406250 7.437500 2.531250 10.406250 2.562500 5.468750 2.437500 2.656250 
2.138889 7.611111 2.527778 11.361111 2.305556 10.666667 2.250000 10.416667 2.666667 3.000000 
2.517241 10.275862 2.379310 3.379310 2.344828 11.000000 1.965517 3.482759 2.310345 11.000000 
2.560000 8.440000 2.360000 8.920000 2.560000 10.040000 2.240000 4.520000 2.680000 10.120000 
2.000000 10.454545 2.272727 10.848485 2.757576 5.696970 2.424242 11.515152 2.727273 4.303030 
2.678571 2.642857 2.428571 11.464286 2.928571 7.500000 2.857143 7.607143 2.428571 4.321429 
2.354839 4.870968 1.935484 10.967742 2.096774 3.096774 2.387097 2.677419 2.483871 9.870968 
2.269231 4.076923 2.538462 2.730769 2.576923 3.307692 2.615385 3.153846 1.961538 5.730769 
2.620690 11.137931 2.344828 9.862069 2.896552 5.068966 2.655172 3.413793 2.379310 8.758621 
2.050000 5.450000 2.650000 2.600000 2.950000 9.950000 2.300000 9.600000 2.600000 2.600000 
2.906250 11.375000 2.562500 8.718750 2.781250 3.093750 2.375000 7.906250 2.656250 3.656250 
2.227273 3.636364 2.545455 3.409091 2.909091 8.727273 2.681818 11.636364 2.500000 7.136364 
2.333333 11.666667 2.277778 11.333333 2.444444 8.777778 2.722222 8.111111 2.388889 9.111111 
2.529412 4.352941 3.470588 8.000000 2.764706 12.411765 2.529412 7.529412 2.411765 10.411765 
2.260870 3.608696 2.130435 5.913043 2.434783 9.521739 2.956522 2.347826 2.652174 11.173913 
3.307692 10.692308 2.846154 12.000000 2.538462 4.076923 2.769231 2.923077 2.461538 2.461538 
2.482759 5.724138 2.931034 8.586207 2.827586 1.758621 2.517241 10.655172 2.413793 4.068966 
2.800000 2.300000 2.800000 8.650000 2.450000 5.000000 2.400000 11.250000 2.150000 3.050000 
2.500000 6.300000 3.100000 12.400000 2.500000 8.000000 2.500000 7.100000 2.400000 8.000000 
2.142857 6.857143 2.285714 12.190476 2.285714 11.571429 2.904762 2.857143 2.666667 9.476190 
2.200000 3.640000 3.000000 3.600000 2.320000 4.560000 2.160000 3.120000 3.280000 11.520000 
2.360000 11.400000 2.480000 3.080000 2.680000 1.760000 2.960000 5.880000 2.760000 8.720000 
2.350000 1.650000 1.750000 5.350000 3.200000 9.100000 2.350000 4.100000 2.950000 6.300000 
2.666667 5.111111 2.055556 4.444444 2.444444 9.722222 2.666667 2.944444 2.666667 1.944444 
2.173913 3.956522 2.000000 11.347826 2.608696 10.347826 2.260870 3.434783 2.478261 2.217391 
2.103448 5.241379 2.206897 2.689655 2.517241 3.413793 2.448276 9.379310 2.310345 3.551724 
2.875000 10.791667 2.375000 6.666667 1.833333 3.791667 2.375000 11.625000 2.333333 9.791667 
2.578947 8.421053 3.263158 6.157895 2.736842 7.631579 2.578947 11.473684 3.000000 7.315789 
3.133333 1.800000 2.266667 9.733333 1.866667 10.533333 2.333333 5.666667 2.933333 10.666667 
2.666667 12.238095 2.333333 8.809524 2.476190 10.857143 2.619048 11.857143 3.095238 6.809524 
3.050000 3.500000 2.500000 8.150000 2.300000 11.650000 1.850000 9.150000 2.650000 3.750000 
1.538462 10.538462 2.538462 11.230769 2.076923 7.538462 2.692308 2.461538 2.769231 12.000000 
2.416667 6.416667 2.833333 5.833333 2.083333 12.250000 1.833333 11.833333 2.250000 4.916667 
2.368421 3.000000 2.526316 11.210526 2.842105 2.631579 2.473684 4.526316 2.315789 4.210526 
2.400000 1.680000 2.240000 4.760000 1.720000 3.120000 2.720000 9.840000 2.520000 12.280000 
2.705882 9.882353 2.000000 2.941176 2.235294 2.470588 2.411765 1.941176 2.000000 4.117647 
2.444444 2.444444 2.833333 9.111111 2.666667 1.833333 2.444444 6.444444 2.777778 11.000000 
2.181818 8.000000 2.545455 12.090909 2.454545 6.090909 2.454545 5.727273 1.818182 3.545455 
2.071429 3.571429 2.928571 11.785714 2.714286 10.571429 2.785714 1.357143 2.785714 10.071429 
3.285714 8.142857 2.285714 12.285714 1.571429 6.428571 2.714286 5.571429 2.571429 12.857143 
2.785714 5.500000 2.857143 9.571429 2.214286 5.642857 2.571429 2.571429 2.428571 3.000000 
2.818182 2.545455 2.545455 12.272727 2.363636 9.909091 2.363636 9.090909 2.545455 10.090909 
1.894737 11.473684 1.894737 3.736842 2.368421 3.631579 2.315789 11.315789 1.894737 3.105263 
2.428571 11.571429 2.357143 7.285714 2.357143 7.500000 1.714286 2.285714 2.928571 2.928571 
2.818182 2.454545 2.181818 11.000000 2.454545 7.636364 3.181818 2.545455 3.272727 6.363636 
2.428571 3.928571 2.500000 2.071429 2.142857 10.642857 2.857143 2.857143 2.214286 5.714286 
3.000000 11.285714 3.142857 7.714286 3.000000 1.142857 2.285714 1.571429 2.285714 2.857143 
2.250000 12.250000 1.583333 2.083333 1.833333 4.500000 2.583333 6.666667 2.750000 5.500000 
2.272727 4.181818 2.818182 8.181818 2.818182 12.272727 2.363636 3.181818 2.545455 6.545455 
2.307692 6.076923 2.692308 11.384615 2.538462 2.461538 2.538462 10.153846 2.307692 8.000000 
2.750000 7.562500 3.062500 5.500000 2.750000 2.937500 1.812500 8.625000 2.562500 11.812500 
2.176471 3.941176 2.058824 3.705882 2.294118 7.294118 2.882353 7.941176 1.823529 10.411765 
2.250000 1.500000 2.916667 5.500000 2.000000 2.333333 2.250000 5.500000 2.750000 2.916667 
2.888889 1.555556 2.777778 10.555556 3.111111 5.666667 2.555556 2.444444 2.555556 11.666667 
1.777778 11.444444 2.444444 8.666667 2.444444 12.444444 3.555556 2.222222 2.222222 8.666667 
2.466667 2.933333 2.733333 4.333333 2.866667 3.333333 2.266667 12.066667 3.133333 7.866667 
2.285714 12.071429 2.357143 3.642857 2.214286 11.642857 1.857143 8.785714 2.357143 8.142857 
2.900000 7.400000 2.600000 6.400000 1.700000 3.100000 2.200000 6.700000 1.700000 1.500000 
3.000000 1.500000 3.500000 3.875000 3.125000 11.750000 3.250000 7.750000 3.125000 2.500000 
2.217391 10.434783 2.652174 4.826087 2.173913 2.869565 2.304348 2.478261 2.565217 10.608696 
-1.000000 -1.000000 -1.000000 -1.000000 -1.000000 -1.000000 -1.000000 -1.000000 -1.000000 -1.000000 
2.375000 11.125000 2.687500 1.687500 2.125000 5.625000 2.750000 12.000000 2.687500 7.875000 
1.833333 1.333333 3.666667 2.333333 2.500000 7.833333 3.500000 8.000000 3.166667 8.666667 
2.500000 3.642857 1.714286 6.214286 3.071429 4.000000 3.000000 2.285714 1.642857 9.428571 
1.875000 7.125000 2.000000 2.437500 2.437500 7.437500 2.187500 2.312500 2.687500 8.750000 
3.105263 11.473684 3.000000 11.947368 2.210526 11.157895 3.000000 5.263158 2.210526 3.578947 
3.071429 9.285714 2.500000 7.928571 2.071429 1.714286 2.142857 3.428571 3.071429 5.500000 
1.857143 10.714286 1.571429 7.428571 2.285714 11.571429 3.285714 8.857143 2.428571 8.714286 
1.933333 1.466667 2.200000 6.466667 3.066667 9.466667 1.800000 12.066667 2.400000 9.666667 
2.055556 3.555556 2.333333 11.555556 2.833333 10.944444 3.000000 11.333333 2.833333 5.888889 
2.800000 3.000000 3.000000 3.200000 3.000000 13.000000 2.800000 11.000000 2.200000 11.800000 
2.909091 6.818182 3.090909 11.272727 2.727273 6.090909 2.181818 10.909091 2.545455 11.818182 
2.200000 4.200000 2.900000 8.200000 1.600000 8.700000 2.900000 12.000000 2.900000 10.500000 
3.500000 2.750000 1.750000 2.250000 2.000000 11.500000 1.750000 1.750000 3.750000 1.250000 
2.769231 8.307692 2.846154 11.076923 2.384615 11.923077 2.461538 10.615385 2.461538 10.153846 
2.307692 4.076923 2.076923 2.230769 2.000000 12.153846 2.769231 6.384615 2.538462 8.769231 
2.388889 10.722222 2.722222 2.944444 2.055556 12.333333 2.777778 3.166667 2.722222 3.555556 
-1.000000 -1.000000 -1.000000 -1.000000 -1.000000 -1.000000 -1.000000 -1.000000 -1.000000 -1.000000 
3.000000 4.714286 2.000000 2.428571 3.142857 1.428571 2.000000 5.142857 3.142857 8.714286 
2.500000 10.500000 2.062500 10.687500 2.687500 2.062500 2.875000 8.375000 2.375000 11.750000 

Avg Classes:
2.482072 7.045153 2.496680 6.972112 2.519256 7.025232 2.520584 6.966799 2.525896 6.812749 
2.442700 6.769231 2.466248 7.087912 2.472527 7.183673 2.525903 6.890110 2.554160 7.221350 
2.550725 8.000000 2.304348 6.318841 2.449275 6.739130 2.565217 6.898551 2.463768 6.869565 
2.413793 8.172414 2.482759 7.965517 2.724138 8.620690 2.620690 6.827586 2.758621 6.517241 
2.600000 7.200000 2.000000 8.400000 2.200000 7.800000 1.600000 6.000000 1.400000 5.000000 
2.000000 3.500000 2.000000 6.500000 2.000000 4.500000 2.000000 5.000000 2.000000 6.250000 
4.000000 8.000000 2.500000 7.000000 2.500000 8.000000 3.500000 10.000000 1.500000 7.000000 
1.000000 2.000000 3.000000 2.000000 4.000000 2.000000 2.000000 2.000000 1.000000 8.000000 
-1.000000 -1.000000 -1.000000 -1.000000 -1.000000 -1.000000 -1.000000 -1.000000 -1.000000 -1.000000 
-1.000000 -1.000000 -1.000000 -1.000000 -1.000000 -1.000000 -1.000000 -1.000000 -1.000000 -1.000000 

Cluster 0 is class 6
Cluster 1 is class 2
Cluster 2 is class 0
Cluster 3 is class 1
Cluster 4 is class 6
Cluster 5 is class 3
Cluster 6 is class 3
Cluster 7 is class 2
Cluster 8 is class 3
Cluster 9 is class 6
Cluster 10 is class 0
Cluster 11 is class 5
Cluster 12 is class 5
Cluster 13 is class 0
Cluster 14 is class 0
Cluster 15 is class 0
Cluster 16 is class 1
Cluster 17 is class 3
Cluster 18 is class 1
Cluster 19 is class 0
Cluster 20 is class 4
Cluster 21 is class 0
Cluster 22 is class 0
Cluster 23 is class 0
Cluster 24 is class 3
Cluster 25 is class 7
Cluster 26 is class 2
Cluster 27 is class 5
Cluster 28 is class 4
Cluster 29 is class 4
Cluster 30 is class 5
Cluster 31 is class 2
Cluster 32 is class 6
Cluster 33 is class 1
Cluster 34 is class 3
Cluster 35 is class 3
Cluster 36 is class 0
Cluster 37 is class 6
Cluster 38 is class 5
Cluster 39 is class 5
Cluster 40 is class 0
Cluster 41 is class 5
Cluster 42 is class 4
Cluster 43 is class 0
Cluster 44 is class 0
Cluster 45 is class 4
Cluster 46 is class 0
Cluster 47 is class 2
Cluster 48 is class 3
Cluster 49 is class 5
Cluster 50 is class 5
Cluster 51 is class 0
Cluster 52 is class 2
Cluster 53 is class 1
Cluster 54 is class 0
Cluster 55 is class 0
Cluster 56 is class 0
Cluster 57 is class 5
Cluster 58 is class 5
Cluster 59 is class 3
Cluster 60 is class 5
Cluster 61 is class 0
Cluster 62 is class 0
Cluster 63 is class 0
Cluster 64 is class 2
Cluster 65 is class 8
Cluster 66 is class 2
Cluster 67 is class 0
Cluster 68 is class 5
Cluster 69 is class 0
Cluster 70 is class 3
Cluster 71 is class 2
Cluster 72 is class 3
Cluster 73 is class 0
Cluster 74 is class 3
Cluster 75 is class 6
Cluster 76 is class 0
Cluster 77 is class 1
Cluster 78 is class 4
Cluster 79 is class 3
Cluster 80 is class 0
Cluster 81 is class 2
Cluster 82 is class 8
Cluster 83 is class 7
Cluster 84 is class 0

Overall Accuracy is 0.208000

