----------------------------For Number of clusters 70----------------------------
Number of Iterations for Kmeans: 27
Avg Clusters:
2.431818 9.681818 2.227273 10.090909 2.636364 5.250000 2.431818 3.431818 2.545455 9.045455 
2.552632 4.763158 2.657895 2.578947 2.657895 9.447368 2.710526 11.263158 2.578947 9.789474 
2.861111 4.277778 2.083333 3.222222 2.305556 9.972222 2.472222 2.694444 2.694444 3.277778 
2.195652 2.804348 2.608696 7.282609 2.565217 8.021739 2.369565 11.630435 2.565217 8.717391 
2.365854 8.390244 2.780488 6.097561 2.756098 11.097561 2.268293 9.341463 2.463415 3.048780 
2.216216 3.324324 2.972973 10.486486 3.027027 6.918919 2.216216 9.837838 2.378378 3.567568 
2.375000 10.225000 2.675000 10.975000 2.625000 5.500000 2.600000 9.625000 2.775000 5.050000 
2.457143 9.914286 2.714286 4.800000 2.600000 2.857143 2.514286 7.771429 2.600000 10.742857 
2.162791 3.534884 2.325581 10.093023 2.720930 9.930233 2.604651 2.883721 2.720930 3.837209 
2.972222 10.388889 2.583333 9.527778 2.527778 2.722222 2.388889 3.444444 2.472222 3.194444 
2.931034 11.655172 2.172414 5.068966 2.827586 10.413793 2.689655 2.862069 2.896552 3.827586 
1.941176 9.352941 2.705882 2.764706 2.470588 12.470588 3.235294 3.588235 2.117647 4.823529 
2.954545 11.500000 2.454545 6.045455 1.954545 3.045455 2.363636 11.590909 2.136364 8.545455 
2.347826 8.304348 2.260870 2.304348 3.043478 9.173913 2.521739 11.652174 2.695652 5.913043 
2.750000 11.250000 2.550000 9.200000 2.450000 7.700000 1.750000 3.500000 2.500000 2.450000 
2.043478 8.086957 2.260870 11.913043 2.217391 10.434783 2.304348 10.956522 2.869565 2.652174 
2.321429 3.178571 2.321429 6.857143 2.392857 2.892857 2.535714 5.892857 2.642857 9.964286 
2.730769 11.230769 2.576923 7.115385 2.615385 8.038462 2.807692 10.307692 3.000000 8.653846 
2.250000 2.642857 2.785714 4.250000 2.428571 3.321429 2.214286 5.178571 2.535714 3.107143 
2.468750 10.343750 2.656250 5.593750 2.468750 11.031250 2.312500 3.156250 2.343750 10.687500 
2.363636 3.318182 2.454545 11.545455 2.863636 11.590909 2.681818 9.181818 3.136364 7.681818 
2.275862 5.758621 2.137931 3.137931 2.206897 3.724138 2.689655 9.793103 2.103448 3.241379 
2.043478 11.652174 2.173913 2.086957 2.260870 3.826087 2.608696 10.130435 2.217391 4.782609 
2.645161 2.903226 2.161290 7.096774 2.645161 11.225806 2.645161 3.290323 2.612903 10.000000 
3.187500 4.187500 2.000000 11.062500 2.625000 11.625000 2.187500 7.562500 2.625000 2.562500 
2.407407 2.740741 2.222222 10.888889 2.407407 6.296296 2.962963 2.814815 2.703704 8.518519 
2.125000 2.458333 2.375000 3.208333 2.458333 6.041667 2.500000 5.833333 2.708333 11.541667 
2.733333 12.266667 2.600000 5.933333 1.866667 10.866667 2.133333 7.333333 1.800000 3.666667 
2.428571 11.857143 3.000000 11.428571 2.428571 10.142857 3.214286 4.714286 1.714286 7.142857 
2.437500 10.875000 1.937500 11.500000 1.750000 10.937500 2.750000 10.875000 2.562500 8.750000 
2.111111 10.592593 2.111111 2.481481 2.407407 3.703704 2.592593 2.888889 1.962963 4.407407 
2.476190 10.666667 2.190476 6.904762 2.714286 2.904762 2.285714 9.904762 2.714286 2.285714 
2.294118 11.705882 2.117647 2.882353 2.882353 8.117647 2.411765 6.058824 2.235294 7.294118 
2.555556 1.666667 2.611111 4.666667 2.444444 9.333333 2.777778 6.222222 2.833333 5.777778 
2.777778 5.518519 2.703704 11.000000 2.518519 3.629630 2.370370 10.370370 2.888889 10.148148 
3.153846 11.384615 2.769231 11.615385 2.461538 12.230769 2.923077 6.461538 2.307692 2.538462 
2.250000 11.350000 2.650000 4.950000 2.450000 2.700000 2.550000 2.950000 2.700000 10.700000 
2.619048 4.761905 2.809524 3.142857 2.714286 3.000000 2.333333 10.857143 2.809524 8.142857 
2.409091 3.545455 2.272727 5.727273 2.545455 5.818182 2.681818 1.727273 2.545455 11.090909 
2.857143 4.000000 2.000000 11.714286 2.380952 2.380952 2.380952 3.380952 2.476190 11.285714 
2.428571 10.785714 1.928571 10.928571 2.571429 2.142857 2.642857 8.928571 2.214286 12.000000 
2.818182 8.000000 2.818182 10.545455 2.727273 10.590909 2.318182 8.227273 2.409091 11.454545 
2.526316 8.684211 2.736842 2.263158 2.263158 7.842105 3.000000 7.684211 2.684211 3.473684 
2.166667 11.500000 1.583333 4.333333 2.500000 8.416667 2.416667 12.166667 2.750000 2.916667 
2.894737 9.842105 2.894737 3.368421 2.473684 1.894737 2.315789 3.210526 2.842105 7.526316 
2.571429 2.785714 2.785714 11.642857 2.500000 4.142857 3.071429 6.357143 2.714286 5.571429 
2.857143 3.285714 1.857143 10.000000 2.142857 10.142857 3.428571 11.857143 1.714286 4.857143 
2.800000 3.466667 2.666667 3.600000 2.933333 12.000000 2.066667 10.533333 2.666667 2.533333 
2.600000 9.300000 2.500000 2.100000 2.350000 10.100000 2.400000 5.500000 2.700000 11.450000 
2.000000 7.000000 1.928571 2.500000 2.428571 7.285714 2.142857 2.000000 2.571429 8.500000 
2.571429 2.142857 2.714286 11.071429 1.785714 9.642857 2.357143 8.142857 2.857143 11.285714 
2.555556 4.555556 2.333333 11.500000 2.888889 3.444444 2.166667 3.166667 2.388889 3.166667 
2.500000 2.428571 2.071429 4.500000 1.857143 4.142857 2.571429 12.071429 2.571429 12.071429 
2.000000 10.785714 2.642857 4.071429 2.285714 12.428571 2.142857 10.857143 2.642857 8.928571 
2.461538 6.692308 2.769231 3.461538 1.692308 2.230769 1.923077 3.153846 3.307692 11.384615 
2.150000 6.400000 2.650000 10.350000 2.800000 1.750000 2.750000 9.200000 1.850000 4.600000 
2.666667 12.333333 2.333333 8.444444 2.777778 11.000000 2.444444 12.000000 3.333333 4.777778 
1.923077 3.692308 2.307692 1.769231 2.076923 12.076923 2.538462 6.230769 2.230769 7.769231 
2.888889 5.111111 3.666667 9.111111 1.333333 12.555556 2.444444 8.888889 1.666667 7.555556 
2.000000 2.000000 2.333333 6.083333 1.750000 2.083333 3.000000 8.916667 2.500000 12.000000 
2.000000 10.125000 2.437500 11.437500 1.750000 7.562500 2.562500 3.375000 2.500000 12.437500 
2.294118 7.411765 2.294118 11.117647 2.529412 11.352941 2.705882 4.529412 2.470588 7.000000 
2.733333 10.133333 2.866667 4.200000 2.533333 6.266667 2.600000 10.600000 2.200000 12.066667 
-1.000000 -1.000000 -1.000000 -1.000000 -1.000000 -1.000000 -1.000000 -1.000000 -1.000000 -1.000000 
2.411765 3.352941 2.705882 3.352941 2.882353 2.000000 2.941176 2.352941 2.117647 7.411765 
2.173913 5.434783 2.304348 12.173913 2.347826 11.260870 2.782609 2.086957 2.782609 10.652174 
2.941176 3.176471 2.588235 7.588235 2.235294 2.588235 2.235294 11.882353 2.058824 3.764706 
2.571429 3.071429 2.857143 4.857143 3.214286 11.642857 3.071429 8.071429 2.285714 11.500000 
1.777778 12.000000 2.333333 11.666667 3.000000 4.888889 2.666667 12.222222 2.444444 2.222222 
3.166667 5.583333 2.750000 7.833333 2.250000 5.000000 3.000000 4.833333 2.083333 2.083333 

Avg Classes:
2.482072 7.045153 2.496680 6.972112 2.519256 7.025232 2.520584 6.966799 2.525896 6.812749 
2.442700 6.769231 2.466248 7.087912 2.472527 7.183673 2.525903 6.890110 2.554160 7.221350 
2.550725 8.000000 2.304348 6.318841 2.449275 6.739130 2.565217 6.898551 2.463768 6.869565 
2.413793 8.172414 2.482759 7.965517 2.724138 8.620690 2.620690 6.827586 2.758621 6.517241 
2.600000 7.200000 2.000000 8.400000 2.200000 7.800000 1.600000 6.000000 1.400000 5.000000 
2.000000 3.500000 2.000000 6.500000 2.000000 4.500000 2.000000 5.000000 2.000000 6.250000 
4.000000 8.000000 2.500000 7.000000 2.500000 8.000000 3.500000 10.000000 1.500000 7.000000 
1.000000 2.000000 3.000000 2.000000 4.000000 2.000000 2.000000 2.000000 1.000000 8.000000 
-1.000000 -1.000000 -1.000000 -1.000000 -1.000000 -1.000000 -1.000000 -1.000000 -1.000000 -1.000000 
-1.000000 -1.000000 -1.000000 -1.000000 -1.000000 -1.000000 -1.000000 -1.000000 -1.000000 -1.000000 

Cluster 0 is class 0
Cluster 1 is class 6
Cluster 2 is class 0
Cluster 3 is class 0
Cluster 4 is class 3
Cluster 5 is class 0
Cluster 6 is class 3
Cluster 7 is class 0
Cluster 8 is class 4
Cluster 9 is class 0
Cluster 10 is class 3
Cluster 11 is class 2
Cluster 12 is class 6
Cluster 13 is class 6
Cluster 14 is class 4
Cluster 15 is class 3
Cluster 16 is class 5
Cluster 17 is class 6
Cluster 18 is class 5
Cluster 19 is class 3
Cluster 20 is class 0
Cluster 21 is class 0
Cluster 22 is class 2
Cluster 23 is class 0
Cluster 24 is class 4
Cluster 25 is class 5
Cluster 26 is class 5
Cluster 27 is class 2
Cluster 28 is class 3
Cluster 29 is class 3
Cluster 30 is class 2
Cluster 31 is class 0
Cluster 32 is class 2
Cluster 33 is class 5
Cluster 34 is class 0
Cluster 35 is class 3
Cluster 36 is class 2
Cluster 37 is class 0
Cluster 38 is class 5
Cluster 39 is class 5
Cluster 40 is class 2
Cluster 41 is class 1
Cluster 42 is class 2
Cluster 43 is class 6
Cluster 44 is class 0
Cluster 45 is class 5
Cluster 46 is class 6
Cluster 47 is class 0
Cluster 48 is class 0
Cluster 49 is class 0
Cluster 50 is class 1
Cluster 51 is class 4
Cluster 52 is class 0
Cluster 53 is class 6
Cluster 54 is class 5
Cluster 55 is class 0
Cluster 56 is class 6
Cluster 57 is class 1
Cluster 58 is class 0
Cluster 59 is class 5
Cluster 60 is class 0
Cluster 61 is class 3
Cluster 62 is class 6
Cluster 63 is class 8
Cluster 64 is class 7
Cluster 65 is class 1
Cluster 66 is class 5
Cluster 67 is class 1
Cluster 68 is class 2
Cluster 69 is class 4

Overall Accuracy is 0.214667

