----------------------------For Number of clusters 75----------------------------
Number of Iterations for Kmeans: 18
Avg Clusters:
2.714286 10.023810 2.142857 9.928571 2.880952 4.833333 2.500000 3.261905 2.452381 8.738095 
2.657895 4.657895 2.578947 2.684211 2.763158 9.368421 2.710526 11.236842 2.421053 10.052632 
2.911765 4.558824 2.058824 3.058824 2.323529 10.029412 2.500000 2.735294 2.705882 3.147059 
2.184211 2.894737 2.578947 7.236842 2.394737 7.710526 2.263158 11.763158 2.842105 8.421053 
2.300000 8.225000 2.575000 5.950000 2.675000 11.000000 2.400000 9.775000 2.475000 3.175000 
2.952381 2.571429 3.000000 5.809524 2.619048 10.380952 2.000000 8.285714 2.857143 2.714286 
2.425000 9.450000 2.750000 11.200000 2.600000 5.750000 2.425000 8.975000 2.800000 4.625000 
2.323529 10.588235 2.676471 4.235294 2.764706 2.382353 2.617647 7.205882 2.823529 10.294118 
2.416667 2.555556 2.194444 9.388889 2.888889 9.722222 2.694444 2.972222 3.222222 4.777778 
2.642857 9.107143 2.785714 11.071429 2.321429 3.607143 2.500000 3.357143 2.500000 2.821429 
2.833333 11.366667 2.333333 5.600000 2.633333 10.700000 2.700000 3.433333 3.000000 3.333333 
1.812500 9.562500 2.750000 2.312500 2.625000 12.187500 3.187500 3.562500 1.875000 4.937500 
3.000000 11.040000 2.280000 7.520000 2.240000 2.920000 2.320000 11.400000 2.040000 8.600000 
2.666667 7.916667 2.208333 2.333333 3.000000 9.000000 2.333333 11.333333 2.750000 5.250000 
2.777778 11.388889 2.277778 9.444444 2.555556 7.333333 1.555556 3.333333 2.277778 2.277778 
2.000000 8.136364 2.318182 11.863636 2.272727 10.545455 2.272727 11.090909 2.863636 2.590909 
2.360000 3.680000 2.480000 5.920000 2.400000 2.360000 2.480000 6.200000 2.840000 9.880000 
2.600000 11.333333 2.533333 7.200000 2.433333 7.833333 2.766667 10.533333 3.000000 8.300000 
2.222222 2.814815 2.740741 3.925926 2.555556 3.481481 2.148148 5.000000 2.444444 3.259259 
2.360000 10.240000 2.360000 4.800000 2.560000 10.760000 2.160000 2.920000 2.520000 11.000000 
2.480000 4.640000 2.400000 12.440000 3.000000 9.280000 2.520000 7.800000 2.640000 7.520000 
2.285714 5.357143 2.285714 2.857143 2.392857 3.250000 2.500000 9.642857 2.142857 3.500000 
1.923077 11.692308 2.346154 2.000000 2.192308 4.269231 2.538462 10.923077 2.038462 5.653846 
2.681818 2.454545 2.045455 5.045455 2.590909 11.090909 2.500000 3.636364 2.636364 9.272727 
3.125000 4.375000 2.000000 11.437500 2.625000 11.500000 2.187500 7.750000 2.750000 2.812500 
2.454545 3.424242 2.303030 9.939394 2.606061 5.696970 2.969697 2.636364 2.484848 9.484848 
1.947368 2.157895 2.315789 3.315789 2.526316 6.105263 2.684211 7.263158 2.578947 11.631579 
2.705882 12.058824 2.588235 5.882353 2.000000 11.058824 2.058824 7.411765 1.823529 4.352941 
2.352941 11.764706 2.941176 11.000000 2.352941 10.647059 3.352941 4.235294 1.764706 7.411765 
2.388889 10.722222 2.000000 11.444444 1.888889 10.777778 2.722222 11.055556 2.500000 8.777778 
1.913043 11.217391 2.043478 1.782609 2.521739 4.130435 2.826087 3.260870 2.130435 4.608696 
2.666667 11.000000 2.291667 7.041667 2.916667 2.750000 2.333333 9.375000 2.666667 2.416667 
2.647059 11.823529 2.235294 2.823529 2.647059 8.176471 2.588235 5.529412 2.470588 7.411765 
2.600000 2.400000 2.900000 6.500000 2.700000 6.800000 2.800000 7.600000 1.700000 8.400000 
2.826087 5.478261 2.826087 10.782609 2.434783 3.478261 2.304348 10.956522 2.695652 9.913043 
3.214286 11.285714 2.857143 11.428571 2.571429 12.142857 2.857143 6.500000 2.357143 2.500000 
2.277778 10.277778 2.833333 4.111111 2.111111 2.833333 2.444444 2.888889 2.444444 11.333333 
2.411765 5.470588 2.647059 3.000000 2.470588 2.823529 2.294118 11.176471 2.764706 8.235294 
2.000000 3.000000 2.409091 4.318182 2.454545 5.954545 2.681818 2.409091 2.681818 10.954545 
2.947368 3.210526 2.000000 11.684211 2.210526 2.578947 2.631579 4.105263 2.473684 11.421053 
2.350000 10.000000 2.050000 10.900000 2.250000 2.800000 2.800000 7.500000 2.600000 12.300000 
2.840000 7.840000 2.960000 10.440000 2.520000 11.080000 2.520000 7.320000 2.400000 11.400000 
2.500000 9.333333 2.944444 2.666667 2.222222 7.888889 3.166667 7.611111 2.500000 3.777778 
2.166667 11.250000 1.500000 4.250000 2.500000 8.833333 2.500000 12.250000 2.833333 2.666667 
2.882353 9.705882 2.588235 3.470588 2.235294 1.941176 2.235294 2.823529 2.764706 7.764706 
2.071429 2.357143 2.285714 11.428571 2.928571 5.285714 2.714286 8.857143 2.142857 4.214286 
2.750000 5.000000 3.166667 9.416667 1.500000 12.000000 2.666667 9.833333 2.166667 6.583333 
2.300000 3.500000 3.000000 3.000000 3.200000 12.000000 1.900000 11.100000 2.700000 3.400000 
2.444444 9.388889 2.555556 2.166667 2.333333 9.944444 2.333333 5.444444 2.611111 11.555556 
2.000000 7.000000 1.928571 2.500000 2.428571 7.285714 2.142857 2.000000 2.571429 8.500000 
2.647059 2.058824 2.705882 11.000000 1.882353 10.176471 2.294118 8.470588 2.705882 11.000000 
2.222222 1.888889 3.444444 10.444444 2.666667 6.666667 3.555556 6.333333 2.111111 2.555556 
2.727273 2.272727 2.181818 4.454545 1.909091 3.909091 2.454545 12.363636 2.545455 12.090909 
2.142857 10.928571 2.642857 3.571429 2.642857 12.000000 2.071429 11.142857 2.428571 9.642857 
2.454545 6.545455 2.090909 6.272727 2.181818 3.272727 1.272727 2.000000 3.000000 11.363636 
2.000000 6.368421 2.684211 10.315789 2.947368 1.736842 2.842105 9.210526 2.000000 5.105263 
2.666667 12.333333 2.333333 8.444444 2.777778 11.000000 2.444444 12.000000 3.333333 4.777778 
1.800000 3.533333 2.333333 1.800000 2.066667 11.466667 2.666667 6.466667 2.466667 7.600000 
2.166667 2.500000 2.833333 8.666667 2.500000 12.500000 3.166667 12.500000 2.333333 9.333333 
1.923077 1.923077 2.307692 6.230769 1.692308 2.307692 3.076923 9.076923 2.615385 12.000000 
1.937500 10.250000 2.312500 11.312500 1.937500 7.937500 2.437500 3.125000 2.687500 12.000000 
2.250000 7.100000 2.550000 9.900000 2.250000 11.750000 2.700000 3.300000 2.500000 7.650000 
3.000000 8.944444 2.722222 4.833333 2.333333 6.000000 2.500000 10.166667 2.333333 12.222222 
-1.000000 -1.000000 -1.000000 -1.000000 -1.000000 -1.000000 -1.000000 -1.000000 -1.000000 -1.000000 
2.500000 3.125000 2.687500 3.125000 2.812500 1.937500 2.875000 2.437500 2.250000 7.875000 
2.055556 5.277778 2.111111 12.388889 2.555556 11.277778 2.833333 2.055556 2.722222 10.888889 
2.888889 3.055556 2.722222 7.388889 2.388889 2.833333 2.222222 11.666667 2.277778 3.777778 
2.666667 3.250000 3.083333 5.166667 3.000000 12.250000 3.166667 7.916667 2.500000 11.666667 
1.700000 12.000000 2.300000 11.500000 2.800000 5.000000 2.600000 12.300000 2.600000 2.500000 
3.500000 5.583333 2.750000 7.916667 2.083333 4.750000 2.666667 4.750000 2.250000 2.000000 
2.368421 3.052632 2.421053 10.789474 2.578947 2.263158 2.263158 3.894737 2.578947 4.473684 
1.727273 5.090909 2.181818 11.181818 2.272727 10.636364 2.454545 2.727273 1.818182 1.818182 
2.066667 3.866667 2.533333 10.466667 3.000000 8.133333 2.533333 12.066667 2.133333 3.600000 
3.125000 10.187500 2.625000 6.125000 2.437500 1.750000 2.375000 2.000000 2.187500 3.500000 
2.714286 2.785714 2.857143 9.428571 2.500000 10.714286 2.785714 2.642857 2.857143 9.928571 

Avg Classes:
2.482072 7.045153 2.496680 6.972112 2.519256 7.025232 2.520584 6.966799 2.525896 6.812749 
2.442700 6.769231 2.466248 7.087912 2.472527 7.183673 2.525903 6.890110 2.554160 7.221350 
2.550725 8.000000 2.304348 6.318841 2.449275 6.739130 2.565217 6.898551 2.463768 6.869565 
2.413793 8.172414 2.482759 7.965517 2.724138 8.620690 2.620690 6.827586 2.758621 6.517241 
2.600000 7.200000 2.000000 8.400000 2.200000 7.800000 1.600000 6.000000 1.400000 5.000000 
2.000000 3.500000 2.000000 6.500000 2.000000 4.500000 2.000000 5.000000 2.000000 6.250000 
4.000000 8.000000 2.500000 7.000000 2.500000 8.000000 3.500000 10.000000 1.500000 7.000000 
1.000000 2.000000 3.000000 2.000000 4.000000 2.000000 2.000000 2.000000 1.000000 8.000000 
-1.000000 -1.000000 -1.000000 -1.000000 -1.000000 -1.000000 -1.000000 -1.000000 -1.000000 -1.000000 
-1.000000 -1.000000 -1.000000 -1.000000 -1.000000 -1.000000 -1.000000 -1.000000 -1.000000 -1.000000 

Cluster 0 is class 0
Cluster 1 is class 6
Cluster 2 is class 0
Cluster 3 is class 0
Cluster 4 is class 3
Cluster 5 is class 4
Cluster 6 is class 0
Cluster 7 is class 2
Cluster 8 is class 4
Cluster 9 is class 4
Cluster 10 is class 3
Cluster 11 is class 3
Cluster 12 is class 6
Cluster 13 is class 6
Cluster 14 is class 4
Cluster 15 is class 3
Cluster 16 is class 5
Cluster 17 is class 6
Cluster 18 is class 5
Cluster 19 is class 0
Cluster 20 is class 3
Cluster 21 is class 5
Cluster 22 is class 2
Cluster 23 is class 0
Cluster 24 is class 4
Cluster 25 is class 5
Cluster 26 is class 0
Cluster 27 is class 3
Cluster 28 is class 3
Cluster 29 is class 3
Cluster 30 is class 2
Cluster 31 is class 0
Cluster 32 is class 2
Cluster 33 is class 1
Cluster 34 is class 0
Cluster 35 is class 3
Cluster 36 is class 2
Cluster 37 is class 0
Cluster 38 is class 5
Cluster 39 is class 5
Cluster 40 is class 0
Cluster 41 is class 1
Cluster 42 is class 0
Cluster 43 is class 6
Cluster 44 is class 0
Cluster 45 is class 5
Cluster 46 is class 3
Cluster 47 is class 6
Cluster 48 is class 0
Cluster 49 is class 0
Cluster 50 is class 1
Cluster 51 is class 4
Cluster 52 is class 0
Cluster 53 is class 6
Cluster 54 is class 5
Cluster 55 is class 0
Cluster 56 is class 6
Cluster 57 is class 0
Cluster 58 is class 6
Cluster 59 is class 5
Cluster 60 is class 3
Cluster 61 is class 3
Cluster 62 is class 1
Cluster 63 is class 8
Cluster 64 is class 7
Cluster 65 is class 3
Cluster 66 is class 5
Cluster 67 is class 1
Cluster 68 is class 6
Cluster 69 is class 4
Cluster 70 is class 5
Cluster 71 is class 4
Cluster 72 is class 0
Cluster 73 is class 0
Cluster 74 is class 1

Overall Accuracy is 0.203333

