----------------------------For Number of clusters 83----------------------------
Number of Iterations for Kmeans: 21
Avg Clusters:
2.552632 2.684211 2.789474 10.078947 2.421053 10.552632 2.500000 8.973684 2.473684 10.500000 
2.147059 3.970588 2.852941 10.794118 2.647059 7.676471 2.764706 10.441176 2.500000 5.088235 
2.823529 3.441176 2.588235 3.852941 2.558824 3.205882 3.000000 2.764706 2.205882 8.882353 
2.125000 2.291667 2.958333 5.458333 2.333333 3.166667 1.916667 7.041667 2.708333 3.041667 
2.750000 9.250000 2.464286 10.964286 2.071429 9.428571 2.642857 6.714286 2.500000 11.857143 
2.179487 3.641026 2.384615 3.128205 2.384615 11.205128 2.820513 5.282051 2.589744 7.769231 
2.636364 10.424242 2.424242 10.363636 2.666667 2.787879 2.545455 7.030303 2.424242 11.090909 
3.096774 10.290323 2.354839 7.387097 2.806452 2.354839 2.161290 3.741935 2.741935 5.451613 
2.486486 10.729730 2.459459 4.513514 2.432432 11.864865 2.783784 3.567568 2.351351 3.297297 
3.100000 3.500000 2.500000 8.700000 2.600000 11.450000 1.700000 7.600000 3.000000 2.950000 
2.333333 11.000000 2.166667 5.233333 2.466667 10.800000 2.433333 11.033333 2.866667 3.166667 
2.644444 3.888889 2.133333 10.533333 2.422222 3.555556 2.466667 2.733333 2.400000 10.555556 
1.625000 3.500000 1.437500 4.312500 2.812500 6.437500 3.000000 5.875000 2.562500 6.000000 
2.580645 2.709677 2.741935 9.580645 2.580645 9.193548 2.741935 3.096774 2.870968 8.354839 
2.228571 9.600000 2.828571 3.828571 2.000000 2.914286 2.228571 2.885714 2.828571 10.457143 
2.642857 10.892857 2.821429 10.000000 2.357143 3.964286 2.428571 7.250000 2.357143 2.678571 
2.944444 11.277778 1.833333 11.722222 2.277778 9.444444 3.222222 10.111111 3.277778 7.277778 
2.772727 8.727273 2.409091 3.000000 2.318182 11.272727 2.636364 11.772727 2.863636 9.045455 
2.916667 8.583333 3.083333 4.916667 2.708333 3.791667 2.250000 8.708333 2.708333 11.875000 
2.809524 4.333333 2.714286 8.619048 2.047619 2.666667 2.047619 11.571429 2.142857 3.047619 
2.375000 7.458333 2.583333 8.625000 2.125000 12.083333 2.625000 7.666667 2.666667 6.416667 
2.074074 2.333333 2.629630 6.555556 2.296296 2.370370 2.592593 7.444444 2.740741 11.111111 
3.000000 12.727273 2.727273 6.272727 2.181818 7.000000 1.818182 9.363636 1.727273 3.000000 
2.240000 2.360000 2.480000 6.400000 2.480000 9.240000 2.200000 12.280000 2.440000 7.440000 
2.347826 2.695652 2.565217 3.565217 2.391304 5.739130 2.260870 10.130435 2.521739 11.391304 
2.518519 3.370370 2.444444 11.444444 2.703704 3.333333 2.333333 4.185185 2.444444 4.407407 
2.555556 10.388889 2.722222 3.083333 2.527778 9.722222 2.138889 4.944444 2.472222 11.027778 
1.692308 5.615385 2.538462 11.769231 2.538462 9.846154 2.846154 4.307692 2.000000 1.461538 
2.055556 7.833333 2.166667 12.166667 2.333333 9.166667 2.277778 5.166667 2.222222 6.666667 
2.526316 2.894737 2.368421 3.842105 3.157895 10.263158 2.526316 10.315789 2.052632 11.526316 
2.100000 2.600000 2.250000 10.450000 2.600000 10.400000 2.200000 2.650000 2.950000 3.800000 
2.357143 8.071429 2.000000 4.928571 2.571429 9.714286 2.285714 2.000000 3.285714 8.214286 
2.611111 6.722222 2.888889 7.500000 2.111111 6.555556 3.500000 10.888889 2.944444 9.666667 
2.606061 9.696970 2.515152 2.363636 2.363636 7.272727 2.545455 8.696970 2.454545 4.363636 
1.875000 5.500000 2.750000 7.625000 3.250000 1.750000 3.500000 8.500000 2.625000 5.750000 
2.900000 9.600000 2.900000 7.800000 2.700000 1.900000 2.600000 2.000000 2.300000 1.900000 
2.800000 2.933333 2.466667 7.866667 2.600000 3.600000 2.533333 11.866667 2.933333 7.266667 
2.076923 3.230769 2.307692 2.384615 2.538462 3.000000 2.692308 11.384615 2.307692 5.153846 
1.850000 10.750000 2.450000 11.450000 2.450000 6.100000 2.450000 12.150000 2.650000 5.100000 
2.173913 5.652174 2.217391 12.173913 2.478261 11.260870 2.782609 2.043478 2.565217 10.565217 
2.400000 6.300000 2.100000 1.900000 2.600000 7.100000 1.800000 2.300000 2.200000 8.600000 
3.000000 5.083333 3.083333 2.666667 2.250000 4.083333 3.166667 8.166667 2.000000 1.666667 
2.750000 11.583333 2.166667 12.333333 1.916667 10.666667 3.083333 3.916667 1.666667 3.083333 
2.538462 5.230769 2.769231 4.384615 2.384615 3.384615 2.230769 2.153846 1.769231 3.846154 
2.100000 7.900000 2.600000 11.600000 3.300000 1.700000 3.000000 10.500000 1.800000 3.900000 
2.222222 6.888889 2.388889 11.888889 2.777778 10.555556 2.555556 11.166667 2.555556 2.500000 
1.944444 11.666667 1.888889 1.777778 2.222222 3.611111 2.722222 3.611111 2.111111 4.777778 
1.857143 9.785714 2.357143 7.000000 3.142857 5.928571 2.000000 10.928571 3.428571 3.714286 
3.200000 5.866667 2.133333 1.733333 2.600000 10.333333 2.200000 5.466667 2.933333 1.666667 
2.307692 10.307692 2.307692 6.384615 1.923077 12.769231 2.307692 2.461538 1.769231 9.769231 
2.562500 8.437500 2.250000 2.500000 2.125000 3.375000 2.312500 11.625000 2.562500 8.187500 
2.900000 3.000000 2.100000 11.700000 2.900000 12.200000 3.000000 7.800000 3.000000 6.300000 
2.625000 12.437500 2.250000 6.375000 2.750000 7.500000 2.812500 8.812500 2.687500 9.000000 
2.000000 10.761905 2.285714 10.523810 2.285714 6.761905 2.619048 2.380952 2.714286 10.952381 
1.900000 7.700000 1.900000 2.500000 3.500000 11.100000 2.600000 11.800000 2.500000 4.900000 
1.600000 7.000000 1.700000 2.500000 3.000000 2.400000 2.000000 6.700000 1.900000 6.600000 
2.916667 4.833333 2.583333 5.583333 2.750000 11.833333 1.666667 11.916667 1.750000 2.833333 
2.578947 11.842105 2.157895 3.315789 2.631579 1.526316 2.894737 6.526316 3.000000 8.631579 
2.500000 2.083333 3.000000 10.583333 3.000000 6.166667 2.750000 7.666667 2.000000 2.416667 
2.100000 8.300000 2.700000 2.300000 2.500000 7.900000 2.400000 11.100000 1.800000 12.400000 
2.200000 11.800000 3.200000 7.100000 2.400000 12.300000 2.400000 11.400000 2.900000 8.900000 
2.571429 6.928571 2.928571 12.000000 2.928571 3.642857 2.071429 9.785714 2.142857 8.642857 
2.400000 12.000000 2.400000 7.400000 2.000000 6.900000 1.800000 2.100000 3.000000 2.800000 
3.000000 2.333333 1.666667 4.666667 1.333333 2.000000 3.333333 12.166667 2.500000 12.666667 
2.375000 10.687500 2.125000 3.875000 2.062500 2.187500 2.250000 11.250000 2.062500 2.625000 
3.666667 11.333333 3.333333 11.111111 3.111111 11.777778 3.000000 7.222222 2.666667 2.555556 
3.000000 9.750000 2.916667 12.333333 2.666667 4.500000 2.416667 2.666667 2.333333 3.416667 
2.333333 7.444444 2.888889 11.000000 2.555556 11.000000 1.666667 11.000000 2.000000 10.888889 
2.615385 3.461538 1.923077 3.692308 2.307692 10.153846 2.384615 1.615385 3.153846 2.384615 
2.083333 11.416667 2.583333 1.583333 3.333333 8.833333 3.000000 3.583333 1.750000 4.750000 
1.750000 3.300000 2.500000 4.400000 2.250000 6.700000 2.500000 2.900000 2.900000 11.700000 
2.866667 2.933333 1.733333 5.866667 3.000000 11.533333 2.866667 2.933333 2.933333 11.266667 
2.600000 5.000000 2.400000 8.300000 2.300000 7.000000 3.300000 3.200000 2.800000 2.800000 
2.625000 1.875000 3.375000 3.250000 3.000000 11.750000 3.125000 8.125000 3.125000 2.375000 
1.666667 6.000000 2.000000 12.666667 4.000000 6.000000 3.666667 2.000000 3.333333 8.666667 
2.166667 3.833333 2.833333 1.833333 3.250000 8.166667 2.833333 10.750000 2.500000 6.750000 
1.750000 10.625000 2.375000 11.250000 2.000000 11.500000 2.250000 11.500000 3.125000 2.375000 
2.000000 12.166667 3.500000 1.666667 2.166667 6.000000 2.500000 12.333333 2.000000 8.833333 
2.833333 2.333333 2.166667 11.000000 2.500000 3.833333 2.500000 10.666667 3.000000 12.000000 
3.000000 9.769231 2.000000 7.923077 2.538462 9.000000 2.153846 5.384615 3.000000 3.000000 
2.615385 12.615385 2.384615 9.461538 3.000000 9.769231 3.230769 3.615385 2.230769 8.000000 
2.777778 11.777778 2.000000 7.222222 2.333333 2.666667 2.444444 9.777778 2.000000 6.222222 
3.000000 11.500000 2.200000 7.400000 1.700000 3.600000 2.700000 12.500000 2.400000 11.100000 

Avg Classes:
2.482072 7.045153 2.496680 6.972112 2.519256 7.025232 2.520584 6.966799 2.525896 6.812749 
2.442700 6.769231 2.466248 7.087912 2.472527 7.183673 2.525903 6.890110 2.554160 7.221350 
2.550725 8.000000 2.304348 6.318841 2.449275 6.739130 2.565217 6.898551 2.463768 6.869565 
2.413793 8.172414 2.482759 7.965517 2.724138 8.620690 2.620690 6.827586 2.758621 6.517241 
2.600000 7.200000 2.000000 8.400000 2.200000 7.800000 1.600000 6.000000 1.400000 5.000000 
2.000000 3.500000 2.000000 6.500000 2.000000 4.500000 2.000000 5.000000 2.000000 6.250000 
4.000000 8.000000 2.500000 7.000000 2.500000 8.000000 3.500000 10.000000 1.500000 7.000000 
1.000000 2.000000 3.000000 2.000000 4.000000 2.000000 2.000000 2.000000 1.000000 8.000000 
-1.000000 -1.000000 -1.000000 -1.000000 -1.000000 -1.000000 -1.000000 -1.000000 -1.000000 -1.000000 
-1.000000 -1.000000 -1.000000 -1.000000 -1.000000 -1.000000 -1.000000 -1.000000 -1.000000 -1.000000 

Cluster 0 is class 0
Cluster 1 is class 0
Cluster 2 is class 5
Cluster 3 is class 5
Cluster 4 is class 1
Cluster 5 is class 0
Cluster 6 is class 0
Cluster 7 is class 0
Cluster 8 is class 2
Cluster 9 is class 3
Cluster 10 is class 6
Cluster 11 is class 5
Cluster 12 is class 5
Cluster 13 is class 0
Cluster 14 is class 0
Cluster 15 is class 2
Cluster 16 is class 3
Cluster 17 is class 6
Cluster 18 is class 0
Cluster 19 is class 5
Cluster 20 is class 3
Cluster 21 is class 5
Cluster 22 is class 2
Cluster 23 is class 6
Cluster 24 is class 0
Cluster 25 is class 5
Cluster 26 is class 2
Cluster 27 is class 4
Cluster 28 is class 3
Cluster 29 is class 0
Cluster 30 is class 4
Cluster 31 is class 0
Cluster 32 is class 1
Cluster 33 is class 2
Cluster 34 is class 5
Cluster 35 is class 2
Cluster 36 is class 0
Cluster 37 is class 5
Cluster 38 is class 6
Cluster 39 is class 1
Cluster 40 is class 2
Cluster 41 is class 0
Cluster 42 is class 3
Cluster 43 is class 5
Cluster 44 is class 0
Cluster 45 is class 3
Cluster 46 is class 2
Cluster 47 is class 0
Cluster 48 is class 0
Cluster 49 is class 3
Cluster 50 is class 0
Cluster 51 is class 1
Cluster 52 is class 2
Cluster 53 is class 1
Cluster 54 is class 6
Cluster 55 is class 0
Cluster 56 is class 6
Cluster 57 is class 2
Cluster 58 is class 4
Cluster 59 is class 6
Cluster 60 is class 6
Cluster 61 is class 0
Cluster 62 is class 4
Cluster 63 is class 0
Cluster 64 is class 2
Cluster 65 is class 3
Cluster 66 is class 4
Cluster 67 is class 6
Cluster 68 is class 4
Cluster 69 is class 2
Cluster 70 is class 5
Cluster 71 is class 0
Cluster 72 is class 4
Cluster 73 is class 0
Cluster 74 is class 0
Cluster 75 is class 0
Cluster 76 is class 3
Cluster 77 is class 2
Cluster 78 is class 0
Cluster 79 is class 4
Cluster 80 is class 3
Cluster 81 is class 2
Cluster 82 is class 6

Overall Accuracy is 0.209333

