----------------------------For Number of clusters 63----------------------------
Number of Iterations for Kmeans: 28
Avg Clusters:
2.500000 7.263158 2.552632 11.157895 2.868421 3.763158 2.605263 9.710526 2.605263 8.342105 
2.584906 3.584906 2.113208 10.735849 2.433962 3.962264 2.660377 2.849057 2.452830 9.962264 
2.193548 7.580645 3.225806 6.387097 2.258065 8.354839 2.774194 11.193548 2.838710 7.290323 
2.384615 2.884615 2.538462 8.115385 2.500000 2.384615 2.423077 7.269231 3.000000 10.730769 
2.636364 10.787879 2.575758 8.515152 2.484848 3.272727 2.484848 9.212121 2.333333 11.545455 
2.333333 3.538462 2.256410 3.692308 2.923077 2.974359 2.794872 3.000000 2.128205 6.230769 
2.357143 7.642857 2.357143 6.785714 2.392857 6.214286 2.571429 2.321429 2.928571 11.285714 
2.823529 10.882353 2.294118 3.823529 2.352941 2.264706 2.470588 2.588235 2.441176 5.470588 
2.333333 3.909091 2.727273 3.090909 2.515152 3.393939 2.575758 8.666667 2.333333 3.000000 
2.464286 11.428571 2.607143 3.678571 1.892857 4.678571 2.714286 11.357143 2.107143 8.821429 
2.928571 11.500000 2.690476 9.738095 2.238095 6.095238 2.047619 4.285714 2.428571 2.904762 
2.219512 2.560976 2.439024 5.634146 2.780488 8.756098 2.317073 10.341463 2.146341 10.463415 
2.181818 4.121212 2.484848 11.606061 2.484848 9.545455 2.939394 10.121212 2.787879 5.363636 
2.510638 3.574468 2.063830 3.851064 2.510638 11.446809 2.638298 3.978723 2.638298 8.361702 
2.277778 2.055556 2.055556 4.500000 1.944444 2.833333 2.722222 11.333333 2.888889 11.444444 
2.529412 4.058824 2.676471 11.235294 2.705882 3.588235 2.470588 4.441176 2.382353 3.588235 
2.500000 7.590909 2.318182 2.636364 1.772727 2.181818 2.318182 3.727273 2.818182 10.500000 
2.424242 11.636364 2.030303 4.060606 2.545455 10.060606 2.151515 4.030303 2.363636 8.303030 
2.434783 11.913043 2.652174 4.565217 2.782609 2.173913 2.869565 5.217391 3.086957 10.565217 
2.391304 8.195652 2.434783 10.695652 2.173913 11.152174 2.760870 3.434783 2.326087 9.826087 
2.545455 10.666667 2.030303 4.090909 2.575758 10.606061 2.484848 10.666667 2.454545 3.090909 
2.771429 3.457143 2.371429 3.285714 2.685714 10.371429 2.514286 4.714286 2.857143 2.257143 
2.793103 4.379310 2.551724 6.896552 2.655172 11.620690 1.689655 10.172414 2.275862 3.068966 
2.333333 2.666667 3.000000 9.000000 2.944444 6.055556 2.388889 10.444444 2.111111 2.555556 
2.566667 3.066667 2.833333 10.966667 2.500000 11.133333 2.900000 2.133333 2.800000 8.566667 
2.482759 4.275862 2.793103 2.103448 2.689655 9.827586 2.793103 10.689655 2.827586 9.448276 
2.904762 9.095238 2.761905 3.761905 2.619048 6.857143 2.523810 8.238095 2.428571 12.142857 
2.666667 8.222222 2.444444 9.111111 2.333333 12.555556 2.555556 7.833333 2.444444 6.277778 
2.400000 8.400000 2.600000 8.400000 2.571429 2.314286 2.600000 9.714286 2.314286 3.400000 
2.538462 11.653846 2.269231 10.230769 2.153846 9.769231 3.038462 11.461538 2.807692 7.230769 
1.850000 7.500000 2.400000 11.900000 2.300000 11.100000 2.400000 10.450000 2.700000 2.100000 
2.600000 6.133333 2.466667 2.466667 2.600000 2.266667 2.066667 10.600000 2.800000 8.466667 
2.361111 10.444444 2.666667 3.888889 2.694444 11.305556 3.055556 3.305556 2.388889 3.166667 
2.833333 9.208333 2.833333 2.291667 2.333333 7.833333 2.708333 7.958333 2.625000 3.750000 
3.083333 11.250000 2.833333 11.541667 2.416667 11.083333 3.000000 5.625000 2.291667 3.416667 
2.133333 10.800000 2.333333 10.900000 2.666667 5.766667 2.333333 3.366667 2.466667 9.100000 
2.058824 11.000000 2.000000 11.647059 2.882353 6.647059 2.411765 11.588235 2.882353 4.529412 
2.428571 12.142857 2.500000 10.142857 2.571429 9.285714 2.642857 7.357143 2.357143 10.000000 
2.785714 7.500000 2.357143 11.928571 1.857143 7.071429 2.571429 6.571429 2.785714 12.285714 
1.650000 2.450000 2.700000 4.300000 2.550000 6.550000 2.250000 2.900000 2.850000 11.350000 
2.000000 4.782609 2.478261 10.347826 2.217391 9.521739 2.565217 2.782609 2.173913 2.260870 
3.500000 11.000000 1.500000 1.500000 1.500000 11.500000 1.000000 3.750000 2.750000 1.250000 
2.916667 8.625000 2.750000 8.416667 2.333333 2.291667 2.291667 3.458333 2.583333 3.125000 
2.233333 11.066667 1.866667 3.400000 2.366667 3.400000 2.333333 10.633333 2.233333 3.566667 
2.363636 2.863636 2.772727 10.272727 2.181818 11.136364 2.545455 7.000000 2.681818 10.636364 
2.000000 6.583333 2.333333 1.916667 3.000000 9.083333 2.666667 11.500000 2.833333 5.166667 
2.400000 10.000000 2.666667 2.933333 2.266667 11.466667 1.866667 4.066667 2.400000 12.333333 
3.187500 2.250000 2.062500 11.687500 3.375000 9.500000 2.062500 5.750000 2.812500 3.750000 
2.000000 3.133333 2.533333 3.000000 2.400000 6.066667 3.333333 7.866667 2.200000 10.000000 
3.090909 12.545455 2.363636 9.636364 3.636364 3.272727 2.545455 9.636364 3.272727 2.909091 
2.250000 7.916667 1.333333 7.250000 3.083333 7.833333 2.916667 5.666667 2.333333 3.750000 
2.250000 6.937500 2.500000 2.625000 2.500000 7.687500 2.125000 2.125000 2.437500 7.812500 
2.000000 1.727273 2.545455 8.636364 1.636364 2.272727 1.818182 9.272727 1.909091 3.636364 
2.277778 10.166667 2.388889 3.111111 2.444444 11.444444 2.388889 11.333333 2.444444 10.500000 
3.090909 2.181818 2.090909 11.272727 2.363636 7.818182 2.000000 10.454545 2.636364 10.000000 
1.750000 7.250000 4.000000 11.750000 2.000000 6.000000 1.250000 12.250000 2.000000 2.250000 
2.000000 12.142857 2.142857 2.357143 2.500000 5.285714 2.857143 5.428571 2.642857 6.428571 
2.777778 3.111111 2.722222 7.333333 2.555556 3.277778 2.444444 12.166667 2.666667 6.388889 
2.166667 1.833333 1.833333 7.916667 3.166667 8.666667 2.416667 3.083333 3.416667 5.416667 
2.250000 12.000000 2.500000 7.625000 3.375000 12.250000 1.625000 11.125000 3.375000 4.250000 
2.500000 7.785714 3.285714 10.857143 2.642857 11.285714 2.071429 10.285714 2.285714 11.000000 
2.625000 1.875000 2.875000 4.875000 1.500000 2.750000 2.875000 5.875000 2.875000 12.375000 
2.666667 1.916667 3.000000 7.833333 2.583333 11.166667 2.666667 12.500000 1.916667 7.583333 

Avg Classes:
2.482072 7.045153 2.496680 6.972112 2.519256 7.025232 2.520584 6.966799 2.525896 6.812749 
2.442700 6.769231 2.466248 7.087912 2.472527 7.183673 2.525903 6.890110 2.554160 7.221350 
2.550725 8.000000 2.304348 6.318841 2.449275 6.739130 2.565217 6.898551 2.463768 6.869565 
2.413793 8.172414 2.482759 7.965517 2.724138 8.620690 2.620690 6.827586 2.758621 6.517241 
2.600000 7.200000 2.000000 8.400000 2.200000 7.800000 1.600000 6.000000 1.400000 5.000000 
2.000000 3.500000 2.000000 6.500000 2.000000 4.500000 2.000000 5.000000 2.000000 6.250000 
4.000000 8.000000 2.500000 7.000000 2.500000 8.000000 3.500000 10.000000 1.500000 7.000000 
1.000000 2.000000 3.000000 2.000000 4.000000 2.000000 2.000000 2.000000 1.000000 8.000000 
-1.000000 -1.000000 -1.000000 -1.000000 -1.000000 -1.000000 -1.000000 -1.000000 -1.000000 -1.000000 
-1.000000 -1.000000 -1.000000 -1.000000 -1.000000 -1.000000 -1.000000 -1.000000 -1.000000 -1.000000 

Cluster 0 is class 0
Cluster 1 is class 5
Cluster 2 is class 6
Cluster 3 is class 5
Cluster 4 is class 0
Cluster 5 is class 5
Cluster 6 is class 0
Cluster 7 is class 2
Cluster 8 is class 5
Cluster 9 is class 2
Cluster 10 is class 4
Cluster 11 is class 1
Cluster 12 is class 0
Cluster 13 is class 1
Cluster 14 is class 5
Cluster 15 is class 5
Cluster 16 is class 2
Cluster 17 is class 2
Cluster 18 is class 2
Cluster 19 is class 3
Cluster 20 is class 6
Cluster 21 is class 0
Cluster 22 is class 3
Cluster 23 is class 0
Cluster 24 is class 0
Cluster 25 is class 0
Cluster 26 is class 0
Cluster 27 is class 3
Cluster 28 is class 0
Cluster 29 is class 6
Cluster 30 is class 3
Cluster 31 is class 0
Cluster 32 is class 2
Cluster 33 is class 2
Cluster 34 is class 3
Cluster 35 is class 1
Cluster 36 is class 6
Cluster 37 is class 3
Cluster 38 is class 0
Cluster 39 is class 5
Cluster 40 is class 4
Cluster 41 is class 4
Cluster 42 is class 4
Cluster 43 is class 2
Cluster 44 is class 0
Cluster 45 is class 6
Cluster 46 is class 1
Cluster 47 is class 4
Cluster 48 is class 0
Cluster 49 is class 0
Cluster 50 is class 4
Cluster 51 is class 0
Cluster 52 is class 5
Cluster 53 is class 6
Cluster 54 is class 1
Cluster 55 is class 0
Cluster 56 is class 2
Cluster 57 is class 0
Cluster 58 is class 5
Cluster 59 is class 3
Cluster 60 is class 3
Cluster 61 is class 5
Cluster 62 is class 6

Overall Accuracy is 0.208000

