----------------------------For Number of clusters 92----------------------------
Number of Iterations for Kmeans: 15
Avg Clusters:
2.531250 2.312500 2.562500 10.656250 2.125000 9.875000 2.406250 8.531250 2.531250 10.375000 
2.235294 3.705882 2.676471 10.647059 2.647059 7.970588 2.735294 10.676471 2.382353 5.352941 
2.696970 3.272727 2.515152 3.666667 2.636364 3.060606 2.878788 2.727273 2.333333 8.787879 
2.173913 2.173913 3.000000 5.260870 2.521739 3.130435 2.000000 7.043478 2.695652 2.869565 
2.437500 7.937500 3.062500 10.437500 2.500000 10.500000 1.812500 10.625000 2.312500 11.062500 
2.450000 3.500000 2.225000 3.550000 2.400000 11.200000 2.750000 5.375000 2.625000 7.975000 
2.633333 10.133333 2.400000 9.600000 2.700000 2.533333 2.566667 7.700000 2.266667 11.533333 
3.066667 10.400000 2.300000 7.533333 2.900000 2.400000 2.266667 3.833333 2.633333 5.233333 
2.486486 10.621622 2.540541 4.459459 2.405405 11.945946 2.783784 3.432432 2.351351 3.351351 
3.052632 3.578947 2.526316 8.789474 2.578947 11.421053 1.736842 7.421053 2.947368 2.894737 
2.484848 10.393939 2.333333 4.454545 2.696970 10.757576 2.393939 10.818182 2.696970 2.878788 
2.630435 3.934783 2.152174 10.326087 2.500000 3.913043 2.500000 2.565217 2.413043 10.369565 
1.666667 3.600000 1.466667 4.533333 2.800000 6.533333 3.133333 6.000000 2.466667 6.000000 
2.518519 3.000000 2.777778 9.296296 2.629630 9.518519 2.777778 2.814815 2.851852 8.148148 
2.250000 9.406250 2.843750 3.906250 1.937500 2.843750 2.125000 2.656250 2.812500 10.500000 
2.583333 11.208333 2.833333 10.750000 2.541667 4.375000 2.458333 7.666667 2.500000 2.875000 
3.058824 11.235294 1.764706 12.000000 2.411765 9.235294 3.294118 9.882353 3.235294 7.470588 
2.777778 9.055556 2.611111 2.777778 2.333333 11.277778 2.500000 11.388889 2.722222 9.555556 
3.045455 9.954545 3.000000 4.181818 2.681818 3.363636 2.636364 8.045455 2.954545 11.727273 
2.478261 4.869565 2.869565 9.391304 2.391304 3.913043 2.086957 11.956522 2.043478 2.652174 
2.400000 7.440000 2.720000 8.720000 2.080000 12.120000 2.560000 7.880000 2.720000 6.640000 
2.000000 2.269231 2.576923 6.500000 2.307692 2.538462 2.730769 7.730769 2.692308 11.307692 
2.900000 12.700000 2.800000 6.300000 2.300000 7.100000 1.900000 9.100000 1.500000 2.700000 
2.260870 2.521739 2.478261 6.304348 2.521739 9.478261 2.086957 12.217391 2.391304 7.608696 
2.333333 3.250000 2.750000 3.083333 2.375000 5.458333 2.333333 10.125000 2.541667 11.458333 
2.375000 3.916667 2.458333 11.291667 2.666667 3.291667 2.125000 3.625000 2.708333 4.000000 
2.555556 9.916667 2.638889 3.138889 2.388889 9.694444 2.277778 4.944444 2.611111 11.027778 
1.750000 5.750000 2.083333 12.166667 2.500000 9.583333 3.166667 5.583333 2.083333 1.666667 
2.294118 8.705882 2.235294 11.647059 2.470588 10.058824 2.235294 4.294118 2.176471 6.823529 
2.500000 2.818182 2.363636 4.272727 3.181818 10.409091 2.545455 10.272727 1.954545 11.545455 
2.045455 2.772727 2.318182 10.590909 2.545455 10.454545 2.181818 2.545455 2.863636 3.590909 
2.181818 8.636364 2.181818 4.545455 2.818182 9.000000 2.272727 1.545455 3.000000 7.727273 
2.700000 6.650000 2.900000 7.150000 2.100000 6.500000 3.300000 10.900000 2.900000 9.950000 
2.531250 9.562500 2.562500 2.343750 2.375000 7.093750 2.468750 8.968750 2.593750 4.468750 
1.750000 4.625000 2.750000 7.625000 3.125000 1.625000 3.375000 8.250000 2.250000 5.750000 
3.111111 10.777778 2.888889 8.888889 3.000000 1.888889 2.444444 1.777778 2.111111 1.777778 
2.769231 2.769231 2.692308 8.384615 2.153846 2.615385 2.384615 11.846154 2.846154 6.769231 
2.000000 4.142857 1.857143 2.500000 2.214286 2.428571 2.285714 10.857143 2.642857 5.571429 
2.000000 10.941176 2.117647 11.411765 2.529412 5.823529 2.588235 12.058824 2.823529 5.411765 
2.291667 5.708333 2.250000 12.208333 2.333333 11.166667 2.833333 2.291667 2.708333 10.791667 
2.400000 6.300000 2.100000 1.900000 2.600000 7.100000 1.800000 2.300000 2.200000 8.600000 
2.909091 5.272727 3.090909 2.727273 2.090909 4.272727 3.272727 8.181818 1.909091 1.727273 
2.727273 11.636364 2.090909 12.272727 1.909091 10.636364 3.090909 3.818182 1.727273 2.818182 
2.538462 5.230769 2.769231 4.384615 2.384615 3.384615 2.230769 2.153846 1.769231 3.846154 
2.571429 8.142857 2.428571 8.928571 2.142857 2.000000 2.428571 8.071429 2.214286 2.500000 
2.222222 7.166667 2.388889 11.944444 2.500000 11.222222 2.444444 11.166667 2.555556 2.444444 
2.062500 11.625000 1.812500 1.625000 2.312500 3.250000 2.500000 3.125000 2.312500 4.687500 
1.857143 9.571429 2.071429 5.428571 2.714286 3.928571 2.071429 11.285714 2.714286 2.571429 
3.142857 5.714286 2.000000 1.714286 2.571429 10.214286 2.142857 5.214286 2.857143 1.714286 
2.285714 10.857143 2.428571 5.714286 1.928571 12.357143 2.357143 2.357143 1.714286 9.928571 
2.538462 9.153846 2.230769 2.692308 2.307692 3.538462 2.384615 11.846154 2.384615 8.153846 
2.818182 3.090909 2.000000 11.818182 3.000000 11.909091 2.909091 7.636364 2.818182 6.272727 
2.600000 12.400000 2.133333 6.600000 2.666667 7.533333 2.733333 8.866667 2.666667 9.066667 
2.200000 10.400000 2.433333 10.866667 2.300000 6.400000 2.533333 3.033333 2.800000 11.166667 
1.583333 6.750000 2.166667 2.833333 3.166667 11.416667 3.250000 11.416667 2.250000 5.666667 
1.400000 7.600000 1.700000 2.500000 3.100000 2.400000 2.300000 6.800000 1.600000 6.500000 
3.300000 4.400000 2.400000 5.500000 2.600000 12.300000 1.400000 12.200000 2.100000 2.800000 
2.500000 11.928571 1.785714 3.071429 2.500000 1.642857 2.785714 6.071429 3.214286 8.214286 
2.615385 2.153846 3.000000 10.692308 2.923077 6.000000 2.692308 7.615385 1.923077 2.538462 
2.000000 8.555556 2.555556 2.444444 2.666667 8.000000 2.444444 11.111111 1.555556 12.444444 
2.000000 11.818182 2.818182 6.545455 2.454545 12.363636 2.272727 11.272727 2.909091 8.454545 
2.416667 8.000000 2.500000 11.083333 3.333333 2.500000 2.750000 10.166667 2.333333 7.166667 
2.363636 11.909091 2.545455 7.454545 2.000000 7.090909 1.727273 2.272727 3.000000 3.000000 
3.000000 2.400000 1.800000 5.000000 1.000000 1.600000 3.600000 12.000000 2.400000 12.600000 
2.125000 12.000000 2.125000 2.375000 1.750000 2.000000 2.500000 10.500000 1.625000 2.625000 
3.666667 11.333333 3.333333 11.111111 3.111111 11.777778 3.000000 7.222222 2.666667 2.555556 
2.800000 9.200000 3.300000 12.300000 2.500000 4.700000 2.300000 2.700000 2.400000 3.800000 
2.857143 7.714286 2.857143 11.857143 2.285714 5.428571 1.857143 11.000000 2.571429 11.428571 
2.500000 3.285714 1.928571 3.500000 2.285714 10.071429 2.428571 1.642857 3.214286 2.642857 
2.090909 11.272727 2.636364 1.454545 3.272727 9.000000 3.000000 3.545455 1.818182 4.454545 
1.750000 3.350000 2.450000 4.250000 2.300000 6.950000 2.650000 2.850000 2.950000 11.700000 
2.857143 3.000000 2.000000 6.071429 3.071429 11.714286 2.928571 3.000000 3.000000 11.571429 
2.444444 4.888889 2.555556 8.333333 2.222222 7.000000 3.222222 2.777778 2.777778 2.777778 
2.625000 1.875000 3.375000 3.250000 3.000000 11.750000 3.125000 8.125000 3.125000 2.375000 
1.666667 6.000000 2.000000 12.666667 4.000000 6.000000 3.666667 2.000000 3.333333 8.666667 
2.272727 3.636364 2.818182 1.818182 3.181818 8.272727 3.000000 10.818182 2.454545 6.909091 
1.714286 11.000000 2.285714 10.714286 2.571429 10.428571 2.428571 11.571429 3.571429 3.142857 
2.000000 12.166667 3.500000 1.666667 2.166667 6.000000 2.500000 12.333333 2.000000 8.833333 
3.142857 2.857143 2.142857 11.714286 2.285714 3.714286 2.285714 9.285714 2.571429 12.142857 
3.090909 9.909091 1.818182 7.636364 2.636364 9.363636 2.545455 5.909091 2.727273 3.090909 
2.583333 12.833333 2.333333 9.500000 2.916667 9.750000 3.333333 3.500000 2.250000 8.000000 
2.777778 11.777778 2.111111 6.777778 2.222222 2.444444 2.666667 10.222222 1.888889 6.000000 
3.000000 11.555556 2.333333 7.000000 1.666667 3.444444 2.888889 12.444444 2.444444 11.000000 
-1.000000 -1.000000 -1.000000 -1.000000 -1.000000 -1.000000 -1.000000 -1.000000 -1.000000 -1.000000 
3.166667 7.666667 2.166667 8.000000 2.500000 6.500000 2.000000 4.833333 2.500000 1.666667 
2.571429 2.285714 2.857143 10.571429 2.142857 1.571429 2.428571 6.000000 3.142857 8.571429 
2.500000 6.700000 3.500000 12.400000 2.100000 5.700000 2.600000 7.100000 2.300000 7.900000 
2.600000 9.666667 2.200000 10.733333 2.133333 10.800000 2.533333 6.733333 2.066667 11.666667 
2.333333 12.000000 2.500000 3.666667 3.333333 5.666667 2.833333 5.833333 1.833333 7.166667 
2.700000 11.700000 2.700000 7.700000 2.700000 8.600000 2.100000 11.600000 3.500000 5.400000 
-1.000000 -1.000000 -1.000000 -1.000000 -1.000000 -1.000000 -1.000000 -1.000000 -1.000000 -1.000000 
2.600000 2.300000 3.000000 4.500000 3.000000 4.400000 2.600000 12.000000 3.100000 7.200000 

Avg Classes:
2.482072 7.045153 2.496680 6.972112 2.519256 7.025232 2.520584 6.966799 2.525896 6.812749 
2.442700 6.769231 2.466248 7.087912 2.472527 7.183673 2.525903 6.890110 2.554160 7.221350 
2.550725 8.000000 2.304348 6.318841 2.449275 6.739130 2.565217 6.898551 2.463768 6.869565 
2.413793 8.172414 2.482759 7.965517 2.724138 8.620690 2.620690 6.827586 2.758621 6.517241 
2.600000 7.200000 2.000000 8.400000 2.200000 7.800000 1.600000 6.000000 1.400000 5.000000 
2.000000 3.500000 2.000000 6.500000 2.000000 4.500000 2.000000 5.000000 2.000000 6.250000 
4.000000 8.000000 2.500000 7.000000 2.500000 8.000000 3.500000 10.000000 1.500000 7.000000 
1.000000 2.000000 3.000000 2.000000 4.000000 2.000000 2.000000 2.000000 1.000000 8.000000 
-1.000000 -1.000000 -1.000000 -1.000000 -1.000000 -1.000000 -1.000000 -1.000000 -1.000000 -1.000000 
-1.000000 -1.000000 -1.000000 -1.000000 -1.000000 -1.000000 -1.000000 -1.000000 -1.000000 -1.000000 

Cluster 0 is class 0
Cluster 1 is class 0
Cluster 2 is class 7
Cluster 3 is class 5
Cluster 4 is class 3
Cluster 5 is class 0
Cluster 6 is class 0
Cluster 7 is class 0
Cluster 8 is class 2
Cluster 9 is class 4
Cluster 10 is class 6
Cluster 11 is class 5
Cluster 12 is class 5
Cluster 13 is class 0
Cluster 14 is class 2
Cluster 15 is class 4
Cluster 16 is class 3
Cluster 17 is class 6
Cluster 18 is class 2
Cluster 19 is class 0
Cluster 20 is class 3
Cluster 21 is class 5
Cluster 22 is class 2
Cluster 23 is class 6
Cluster 24 is class 0
Cluster 25 is class 5
Cluster 26 is class 2
Cluster 27 is class 4
Cluster 28 is class 3
Cluster 29 is class 0
Cluster 30 is class 4
Cluster 31 is class 0
Cluster 32 is class 6
Cluster 33 is class 2
Cluster 34 is class 5
Cluster 35 is class 4
Cluster 36 is class 0
Cluster 37 is class 5
Cluster 38 is class 6
Cluster 39 is class 1
Cluster 40 is class 2
Cluster 41 is class 0
Cluster 42 is class 3
Cluster 43 is class 5
Cluster 44 is class 4
Cluster 45 is class 3
Cluster 46 is class 2
Cluster 47 is class 0
Cluster 48 is class 0
Cluster 49 is class 3
Cluster 50 is class 6
Cluster 51 is class 1
Cluster 52 is class 2
Cluster 53 is class 0
Cluster 54 is class 6
Cluster 55 is class 0
Cluster 56 is class 6
Cluster 57 is class 2
Cluster 58 is class 4
Cluster 59 is class 6
Cluster 60 is class 6
Cluster 61 is class 0
Cluster 62 is class 4
Cluster 63 is class 0
Cluster 64 is class 2
Cluster 65 is class 3
Cluster 66 is class 4
Cluster 67 is class 1
Cluster 68 is class 4
Cluster 69 is class 2
Cluster 70 is class 5
Cluster 71 is class 0
Cluster 72 is class 4
Cluster 73 is class 0
Cluster 74 is class 0
Cluster 75 is class 0
Cluster 76 is class 3
Cluster 77 is class 2
Cluster 78 is class 1
Cluster 79 is class 3
Cluster 80 is class 3
Cluster 81 is class 2
Cluster 82 is class 6
Cluster 83 is class 8
Cluster 84 is class 4
Cluster 85 is class 5
Cluster 86 is class 0
Cluster 87 is class 3
Cluster 88 is class 2
Cluster 89 is class 6
Cluster 90 is class 8
Cluster 91 is class 0

Overall Accuracy is 0.188667

