----------------------------For Number of clusters 26----------------------------
Number of Iterations for Kmeans: 52
Avg Clusters:
2.300000 3.277778 2.466667 5.600000 2.377778 3.677778 2.588889 9.633333 2.677778 10.400000 
2.482759 9.632184 2.321839 3.735632 2.655172 10.298851 2.735632 3.724138 2.459770 3.862069 
2.650000 9.987500 2.487500 10.025000 2.587500 3.337500 2.437500 8.462500 2.425000 9.787500 
2.448718 10.217949 2.461538 3.589744 2.384615 2.307692 2.474359 3.641026 2.666667 8.538462 
2.469880 10.686747 2.409639 5.325301 2.421687 10.518072 2.457831 10.951807 2.722892 5.602410 
2.693878 9.265306 2.591837 10.959184 2.346939 10.448980 2.653061 9.183673 2.448980 10.020408 
2.470588 2.470588 2.161765 4.338235 2.485294 9.985294 2.558824 3.867647 2.661765 5.852941 
2.397727 4.306818 2.625000 10.170455 2.431818 10.806818 2.704545 3.977273 2.704545 9.954545 
2.203704 10.537037 2.370370 10.203704 2.388889 8.500000 2.814815 2.870370 2.518519 9.740741 
2.428571 10.000000 2.357143 3.232143 2.428571 10.107143 2.250000 4.517857 2.392857 10.607143 
2.686275 9.588235 2.941176 3.568627 2.333333 5.313725 2.568627 11.098039 2.313725 10.372549 
2.854167 11.083333 2.687500 10.208333 2.354167 9.750000 2.458333 5.354167 2.354167 3.020833 
2.484375 3.984375 2.718750 4.734375 2.562500 3.234375 2.500000 9.062500 2.312500 3.171875 
2.367347 9.693878 2.551020 11.224490 2.714286 5.959184 2.510204 10.959184 2.816327 3.938776 
2.385965 2.736842 2.508772 8.807018 2.438596 9.333333 2.403509 11.578947 2.526316 8.456140 
2.422222 10.688889 2.177778 5.577778 2.444444 3.155556 2.355556 9.977778 2.333333 2.977778 
2.523810 3.587302 2.206349 10.000000 2.365079 3.634921 2.587302 3.063492 2.476190 10.396825 
2.277778 3.425926 2.703704 11.037037 2.740741 5.907407 2.611111 8.870370 2.407407 4.111111 
2.509804 3.921569 2.568627 3.019608 2.843137 10.176471 2.803922 10.313725 2.411765 10.117647 
2.414634 4.975610 2.658537 3.707317 2.829268 10.853659 2.121951 10.000000 2.658537 3.170732 
2.375000 3.850000 2.300000 10.675000 2.650000 9.650000 2.625000 3.025000 2.675000 3.125000 
2.250000 11.285714 2.285714 1.964286 2.250000 5.392857 2.678571 8.357143 2.607143 4.964286 
2.317073 6.048780 2.268293 11.243902 2.365854 11.658537 2.365854 9.731707 2.756098 3.121951 
2.918367 10.163265 2.551020 9.102041 2.489796 3.326531 2.285714 3.244898 2.346939 3.122449 
2.437500 3.500000 2.500000 10.187500 2.500000 2.875000 2.187500 3.781250 2.406250 3.875000 
2.351852 3.648148 2.407407 3.314815 2.629630 4.592593 2.481481 2.925926 2.537037 9.555556 

Avg Classes:
2.482072 7.045153 2.496680 6.972112 2.519256 7.025232 2.520584 6.966799 2.525896 6.812749 
2.442700 6.769231 2.466248 7.087912 2.472527 7.183673 2.525903 6.890110 2.554160 7.221350 
2.550725 8.000000 2.304348 6.318841 2.449275 6.739130 2.565217 6.898551 2.463768 6.869565 
2.413793 8.172414 2.482759 7.965517 2.724138 8.620690 2.620690 6.827586 2.758621 6.517241 
2.600000 7.200000 2.000000 8.400000 2.200000 7.800000 1.600000 6.000000 1.400000 5.000000 
2.000000 3.500000 2.000000 6.500000 2.000000 4.500000 2.000000 5.000000 2.000000 6.250000 
4.000000 8.000000 2.500000 7.000000 2.500000 8.000000 3.500000 10.000000 1.500000 7.000000 
1.000000 2.000000 3.000000 2.000000 4.000000 2.000000 2.000000 2.000000 1.000000 8.000000 
-1.000000 -1.000000 -1.000000 -1.000000 -1.000000 -1.000000 -1.000000 -1.000000 -1.000000 -1.000000 
-1.000000 -1.000000 -1.000000 -1.000000 -1.000000 -1.000000 -1.000000 -1.000000 -1.000000 -1.000000 

Cluster 0 is class 0
Cluster 1 is class 0
Cluster 2 is class 0
Cluster 3 is class 2
Cluster 4 is class 6
Cluster 5 is class 3
Cluster 6 is class 0
Cluster 7 is class 1
Cluster 8 is class 1
Cluster 9 is class 2
Cluster 10 is class 2
Cluster 11 is class 3
Cluster 12 is class 5
Cluster 13 is class 3
Cluster 14 is class 1
Cluster 15 is class 2
Cluster 16 is class 5
Cluster 17 is class 0
Cluster 18 is class 0
Cluster 19 is class 6
Cluster 20 is class 4
Cluster 21 is class 2
Cluster 22 is class 3
Cluster 23 is class 4
Cluster 24 is class 5
Cluster 25 is class 7

Overall Accuracy is 0.227333

