----------------------------For Number of clusters 29----------------------------
Number of Iterations for Kmeans: 28
Avg Clusters:
2.563380 2.619718 2.394366 7.830986 2.267606 3.211268 2.760563 6.169014 2.563380 11.323944 
2.163934 10.213115 2.295082 2.245902 2.672131 5.983607 2.819672 4.311475 2.229508 5.344262 
2.320513 10.602564 2.500000 10.179487 2.756410 5.333333 2.512821 10.333333 2.833333 4.564103 
3.133333 9.600000 2.511111 7.511111 2.555556 2.311111 2.288889 3.333333 2.422222 3.977778 
2.543210 10.395062 2.395062 5.123457 2.469136 10.419753 2.432099 10.135802 2.567901 4.543210 
2.678571 8.660714 2.589286 10.107143 2.535714 3.446429 2.250000 9.482143 2.446429 10.964286 
2.527778 3.569444 2.166667 3.013889 2.486111 10.250000 2.500000 4.472222 2.805556 4.180556 
2.402299 3.896552 2.597701 10.011494 2.494253 10.908046 2.586207 4.114943 2.747126 9.862069 
2.327869 10.098361 2.311475 10.540984 2.426230 9.393443 2.737705 3.360656 2.491803 9.475410 
2.311111 5.266667 2.022222 3.822222 2.488889 8.288889 2.511111 2.844444 2.800000 10.955556 
2.516129 8.935484 2.693548 3.403226 2.338710 4.967742 2.612903 11.016129 2.322581 9.983871 
2.591837 10.591837 2.530612 5.040816 2.448980 11.387755 2.775510 3.795918 2.530612 3.489796 
2.356164 3.438356 2.890411 4.808219 2.575342 3.643836 2.452055 9.452055 2.328767 3.739726 
2.714286 10.314286 2.457143 11.571429 2.257143 11.371429 2.828571 7.000000 2.485714 3.257143 
2.475410 2.868852 2.655738 8.606557 2.426230 9.163934 2.393443 11.311475 2.508197 8.508197 
2.511628 10.674419 2.186047 3.813953 2.255814 3.255814 2.302326 10.209302 2.116279 3.395349 
2.205882 5.323529 2.117647 10.588235 2.235294 3.647059 2.500000 2.147059 2.470588 8.823529 
2.085714 3.914286 2.628571 10.828571 2.457143 4.085714 2.657143 10.714286 2.314286 4.228571 
2.272727 2.909091 2.527273 3.472727 2.672727 7.927273 2.581818 10.000000 2.309091 10.727273 
2.526316 6.078947 2.447368 3.105263 2.763158 11.263158 2.578947 11.763158 2.605263 7.052632 
2.403846 3.384615 2.192308 10.096154 2.884615 9.461538 2.634615 3.673077 2.788462 3.538462 
2.416667 10.020833 2.500000 3.416667 2.187500 2.020833 2.583333 4.375000 3.020833 10.062500 
2.470588 4.941176 2.627451 10.843137 2.509804 11.098039 2.372549 9.882353 2.666667 3.529412 
2.870968 10.709677 2.548387 10.709677 2.354839 5.741935 2.000000 3.387097 2.258065 2.451613 
2.500000 3.416667 2.472222 11.027778 2.444444 3.666667 2.472222 4.638889 2.555556 3.861111 
2.428571 3.457143 2.485714 3.342857 2.857143 3.000000 2.457143 2.857143 2.228571 7.314286 
2.525000 10.800000 2.550000 3.425000 2.375000 10.425000 2.025000 4.750000 2.300000 10.925000 
2.434783 11.565217 2.869565 8.565217 2.739130 3.913043 2.739130 4.043478 2.652174 11.130435 
2.523810 9.976190 2.523810 10.333333 2.452381 10.380952 2.571429 10.023810 2.547619 10.214286 

Avg Classes:
2.482072 7.045153 2.496680 6.972112 2.519256 7.025232 2.520584 6.966799 2.525896 6.812749 
2.442700 6.769231 2.466248 7.087912 2.472527 7.183673 2.525903 6.890110 2.554160 7.221350 
2.550725 8.000000 2.304348 6.318841 2.449275 6.739130 2.565217 6.898551 2.463768 6.869565 
2.413793 8.172414 2.482759 7.965517 2.724138 8.620690 2.620690 6.827586 2.758621 6.517241 
2.600000 7.200000 2.000000 8.400000 2.200000 7.800000 1.600000 6.000000 1.400000 5.000000 
2.000000 3.500000 2.000000 6.500000 2.000000 4.500000 2.000000 5.000000 2.000000 6.250000 
4.000000 8.000000 2.500000 7.000000 2.500000 8.000000 3.500000 10.000000 1.500000 7.000000 
1.000000 2.000000 3.000000 2.000000 4.000000 2.000000 2.000000 2.000000 1.000000 8.000000 
-1.000000 -1.000000 -1.000000 -1.000000 -1.000000 -1.000000 -1.000000 -1.000000 -1.000000 -1.000000 
-1.000000 -1.000000 -1.000000 -1.000000 -1.000000 -1.000000 -1.000000 -1.000000 -1.000000 -1.000000 

Cluster 0 is class 5
Cluster 1 is class 2
Cluster 2 is class 6
Cluster 3 is class 2
Cluster 4 is class 3
Cluster 5 is class 0
Cluster 6 is class 0
Cluster 7 is class 1
Cluster 8 is class 3
Cluster 9 is class 1
Cluster 10 is class 0
Cluster 11 is class 3
Cluster 12 is class 5
Cluster 13 is class 3
Cluster 14 is class 0
Cluster 15 is class 2
Cluster 16 is class 5
Cluster 17 is class 0
Cluster 18 is class 0
Cluster 19 is class 6
Cluster 20 is class 4
Cluster 21 is class 2
Cluster 22 is class 3
Cluster 23 is class 4
Cluster 24 is class 5
Cluster 25 is class 7
Cluster 26 is class 0
Cluster 27 is class 0
Cluster 28 is class 3

Overall Accuracy is 0.200000

