----------------------------For Number of clusters 100----------------------------
Number of Iterations for Kmeans: 18
Avg Clusters:
2.133333 2.666667 2.266667 6.933333 2.100000 1.800000 2.666667 4.933333 2.666667 7.233333 
2.750000 9.694444 2.472222 9.527778 2.555556 2.750000 2.305556 10.111111 2.305556 11.333333 
2.709677 3.161290 2.516129 10.451613 2.709677 7.096774 2.258065 3.096774 2.935484 3.838710 
2.480000 9.320000 2.280000 3.080000 2.320000 2.280000 2.280000 2.280000 2.200000 4.600000 
2.343750 4.562500 2.562500 3.781250 2.375000 3.468750 2.656250 10.500000 2.250000 3.750000 
2.187500 2.718750 2.843750 3.406250 2.687500 4.500000 2.468750 2.468750 2.593750 10.031250 
2.233333 4.166667 2.566667 2.866667 2.766667 9.766667 2.733333 11.033333 2.533333 8.633333 
2.535714 11.821429 2.107143 6.250000 2.785714 3.071429 2.214286 10.571429 2.500000 3.428571 
2.666667 7.500000 2.444444 12.055556 2.166667 4.722222 2.055556 4.555556 2.388889 11.277778 
2.038462 10.000000 2.423077 11.076923 2.538462 7.500000 2.269231 11.461538 2.576923 6.307692 
2.314286 3.028571 2.742857 10.628571 3.057143 7.257143 2.485714 10.171429 2.257143 3.600000 
2.826087 9.217391 3.000000 3.869565 2.782609 6.521739 2.695652 8.304348 2.565217 12.043478 
3.222222 10.666667 1.944444 7.222222 2.944444 1.555556 2.277778 3.277778 2.666667 7.277778 
2.444444 7.000000 2.555556 3.944444 1.944444 2.166667 1.833333 4.111111 3.111111 11.666667 
1.875000 10.875000 2.437500 3.312500 2.062500 4.000000 2.875000 11.187500 1.750000 8.000000 
2.964286 10.321429 2.857143 10.285714 2.321429 3.107143 2.464286 3.500000 2.500000 2.750000 
2.560000 10.320000 2.480000 3.080000 2.160000 11.480000 2.000000 4.080000 2.000000 10.800000 
3.250000 12.000000 2.875000 3.125000 1.250000 5.500000 2.375000 12.000000 2.750000 9.750000 
1.857143 8.190476 2.380952 11.476190 2.523810 10.904762 2.380952 10.809524 2.619048 2.238095 
2.700000 11.050000 2.650000 11.750000 2.050000 11.350000 3.150000 4.750000 1.950000 4.400000 
3.100000 2.050000 2.350000 11.250000 2.500000 4.050000 2.600000 5.450000 2.500000 11.450000 
2.000000 7.000000 2.307692 2.153846 2.461538 6.923077 2.153846 2.384615 2.615385 8.692308 
2.526316 10.947368 2.210526 7.421053 2.315789 7.789474 1.842105 3.105263 2.947368 2.526316 
3.125000 11.750000 3.250000 11.500000 3.500000 9.750000 2.500000 8.750000 2.500000 1.750000 
2.190476 1.904762 2.380952 5.809524 1.571429 2.380952 3.000000 9.428571 2.428571 12.142857 
2.516129 2.806452 2.451613 7.967742 2.741935 11.483871 2.709677 4.129032 2.903226 7.000000 
2.700000 4.800000 2.900000 5.900000 2.650000 11.600000 1.750000 11.250000 2.100000 3.600000 
2.450000 11.700000 2.350000 3.250000 2.750000 1.800000 3.050000 6.150000 3.050000 9.150000 
2.095238 4.619048 1.952381 11.476190 2.571429 10.571429 2.380952 3.904762 2.333333 2.238095 
2.071429 7.285714 2.214286 12.071429 2.571429 4.285714 2.714286 6.071429 2.000000 3.142857 
2.214286 4.928571 1.785714 4.071429 2.642857 5.928571 3.428571 6.428571 1.785714 9.857143 
2.043478 2.739130 2.478261 7.565217 2.565217 8.739130 2.434783 12.086957 2.695652 10.608696 
3.250000 5.750000 2.187500 1.562500 2.750000 10.250000 2.125000 5.562500 3.000000 1.625000 
2.347826 9.869565 2.782609 5.260870 2.043478 10.608696 2.478261 8.869565 2.913043 6.695652 
2.352941 10.470588 2.941176 3.411765 2.294118 12.117647 3.176471 3.000000 2.411765 4.411765 
2.500000 2.333333 2.916667 11.583333 2.250000 3.583333 2.833333 4.916667 2.500000 5.666667 
2.733333 2.266667 2.200000 4.933333 3.266667 10.800000 2.466667 8.266667 2.133333 11.600000 
2.846154 11.692308 2.769231 8.307692 2.692308 3.692308 2.923077 3.153846 2.769231 11.692308 
2.363636 7.272727 2.318182 10.909091 2.090909 10.909091 2.863636 3.363636 2.818182 11.181818 
2.842105 9.894737 2.578947 2.315789 2.421053 6.526316 2.631579 10.000000 2.631579 2.736842 
1.800000 10.100000 3.300000 3.600000 1.600000 2.800000 2.600000 2.300000 2.600000 9.500000 
2.562500 2.875000 1.812500 5.750000 2.687500 11.000000 2.750000 2.375000 2.687500 11.312500 
2.636364 4.272727 2.545455 2.545455 2.727273 6.727273 2.181818 12.181818 2.272727 12.545455 
2.571429 12.357143 2.071429 7.714286 3.357143 7.214286 2.642857 8.000000 2.714286 9.500000 
2.666667 4.444444 2.611111 7.944444 2.777778 6.111111 2.666667 2.222222 2.333333 10.444444 
2.615385 5.692308 2.384615 12.384615 2.615385 8.076923 3.000000 7.384615 2.692308 6.769231 
3.090909 10.363636 1.636364 5.545455 2.909091 8.181818 2.636364 3.363636 2.818182 9.636364 
2.523810 3.476190 2.666667 8.857143 1.952381 2.000000 2.190476 11.619048 2.095238 4.619048 
3.000000 8.777778 2.888889 10.666667 2.444444 12.444444 3.000000 10.222222 2.888889 10.111111 
3.000000 11.500000 2.000000 12.200000 2.000000 9.900000 3.500000 9.600000 3.100000 6.900000 
2.523810 2.428571 2.761905 11.523810 2.238095 10.095238 2.285714 8.523810 2.619048 10.476190 
2.500000 10.428571 2.642857 2.500000 2.142857 11.428571 2.285714 11.285714 2.357143 10.571429 
3.000000 4.250000 2.416667 4.083333 1.916667 9.500000 1.666667 1.750000 2.416667 3.916667 
1.555556 5.888889 2.111111 1.777778 3.111111 9.000000 2.666667 11.111111 2.666667 5.000000 
1.833333 8.666667 1.500000 4.500000 2.833333 10.166667 2.666667 1.000000 2.500000 8.333333 
2.714286 8.071429 2.642857 8.214286 2.500000 2.214286 2.285714 8.214286 2.571429 2.571429 
3.750000 7.375000 2.750000 9.375000 3.000000 11.250000 1.375000 6.375000 2.125000 10.000000 
-1.000000 -1.000000 -1.000000 -1.000000 -1.000000 -1.000000 -1.000000 -1.000000 -1.000000 -1.000000 
2.058824 2.764706 2.176471 2.117647 2.352941 10.705882 2.647059 5.588235 2.411765 7.235294 
2.000000 8.666667 1.888889 1.555556 3.111111 9.777778 3.222222 5.222222 1.555556 5.333333 
2.800000 8.100000 3.100000 6.000000 2.200000 7.000000 3.100000 12.000000 3.100000 9.100000 
2.750000 4.500000 2.291667 10.750000 2.291667 12.291667 2.458333 9.458333 2.833333 4.958333 
2.625000 1.875000 3.375000 3.250000 3.000000 11.750000 3.125000 8.125000 3.125000 2.375000 
2.235294 3.235294 2.882353 11.823529 2.470588 10.176471 3.058824 1.705882 2.823529 9.647059 
2.062500 10.750000 2.000000 5.437500 2.437500 11.375000 2.312500 10.937500 2.750000 2.062500 
2.000000 4.750000 2.000000 11.000000 2.250000 2.437500 2.625000 1.625000 2.687500 9.000000 
2.384615 10.923077 2.230769 10.538462 2.538462 6.307692 2.769231 2.769231 2.307692 7.538462 
1.400000 8.300000 2.300000 5.000000 2.600000 5.200000 2.500000 7.900000 1.900000 3.600000 
1.545455 10.818182 2.454545 11.363636 2.181818 8.000000 2.636364 2.727273 2.909091 11.909091 
2.166667 12.416667 1.833333 2.500000 2.583333 5.750000 2.916667 5.666667 2.750000 6.166667 
2.909091 10.818182 2.181818 6.454545 2.272727 12.090909 3.090909 4.727273 2.545455 1.727273 
1.700000 11.600000 2.500000 8.900000 2.400000 12.300000 3.600000 2.500000 2.200000 8.700000 
2.250000 5.166667 2.500000 6.333333 3.250000 3.916667 3.250000 10.000000 2.750000 8.833333 
2.550000 2.900000 2.950000 3.550000 2.650000 3.500000 2.500000 5.700000 2.600000 2.550000 
2.846154 5.461538 2.076923 2.230769 2.538462 2.230769 1.923077 10.846154 2.923077 8.846154 
2.285714 11.142857 2.285714 2.000000 2.142857 3.142857 2.000000 8.571429 2.285714 5.285714 
2.250000 7.750000 3.250000 12.000000 2.375000 9.375000 1.750000 10.375000 1.500000 11.000000 
2.333333 2.333333 2.000000 1.500000 2.500000 10.500000 3.166667 1.500000 3.333333 4.500000 
2.166667 2.666667 2.750000 7.916667 2.333333 6.166667 2.666667 10.416667 2.916667 7.583333 
2.000000 10.250000 2.125000 10.875000 2.125000 8.750000 2.375000 8.375000 2.375000 12.500000 
2.800000 12.500000 2.900000 8.100000 2.800000 11.300000 2.500000 11.800000 3.300000 6.800000 
2.125000 6.625000 2.250000 12.000000 2.500000 12.000000 2.000000 2.000000 2.500000 7.375000 
2.571429 3.928571 2.285714 6.857143 2.714286 5.714286 3.071429 3.857143 2.642857 2.857143 
-1.000000 -1.000000 -1.000000 -1.000000 -1.000000 -1.000000 -1.000000 -1.000000 -1.000000 -1.000000 
3.250000 11.500000 3.375000 8.250000 3.250000 9.500000 2.125000 5.625000 2.500000 5.750000 
2.214286 10.142857 2.285714 11.500000 2.571429 3.714286 2.571429 12.357143 2.928571 3.214286 
3.200000 12.600000 2.400000 2.000000 2.000000 11.000000 1.400000 4.600000 2.400000 2.400000 
2.000000 11.000000 2.600000 2.200000 2.200000 7.000000 1.000000 4.200000 3.600000 12.400000 
2.750000 4.625000 3.125000 6.875000 2.250000 12.625000 3.000000 6.625000 3.000000 10.375000 
1.857143 11.571429 2.571429 1.285714 3.428571 7.285714 2.857143 2.142857 1.714286 3.571429 
3.000000 10.000000 2.142857 4.857143 3.142857 9.285714 2.142857 7.857143 1.142857 4.428571 
2.600000 1.800000 2.700000 6.800000 2.700000 9.500000 2.100000 12.500000 1.900000 6.000000 
1.000000 12.000000 4.000000 8.000000 1.000000 5.000000 4.000000 7.000000 4.000000 4.000000 
2.200000 6.800000 3.000000 6.400000 2.600000 11.600000 2.800000 1.800000 2.200000 2.000000 
2.500000 8.214286 2.642857 11.500000 2.785714 2.571429 2.642857 8.642857 2.500000 7.357143 
2.200000 6.200000 2.400000 6.000000 1.600000 12.600000 2.600000 7.400000 2.600000 2.600000 
2.166667 10.000000 3.333333 6.500000 2.166667 8.666667 2.500000 11.833333 2.333333 6.666667 
3.000000 12.375000 2.250000 9.375000 2.250000 7.125000 1.750000 6.125000 1.875000 2.000000 
2.428571 1.285714 2.428571 2.571429 2.571429 5.142857 2.285714 8.428571 3.000000 11.571429 
2.700000 10.600000 1.500000 2.000000 3.200000 10.300000 2.700000 12.100000 2.800000 4.900000 

Avg Classes:
2.482072 7.045153 2.496680 6.972112 2.519256 7.025232 2.520584 6.966799 2.525896 6.812749 
2.442700 6.769231 2.466248 7.087912 2.472527 7.183673 2.525903 6.890110 2.554160 7.221350 
2.550725 8.000000 2.304348 6.318841 2.449275 6.739130 2.565217 6.898551 2.463768 6.869565 
2.413793 8.172414 2.482759 7.965517 2.724138 8.620690 2.620690 6.827586 2.758621 6.517241 
2.600000 7.200000 2.000000 8.400000 2.200000 7.800000 1.600000 6.000000 1.400000 5.000000 
2.000000 3.500000 2.000000 6.500000 2.000000 4.500000 2.000000 5.000000 2.000000 6.250000 
4.000000 8.000000 2.500000 7.000000 2.500000 8.000000 3.500000 10.000000 1.500000 7.000000 
1.000000 2.000000 3.000000 2.000000 4.000000 2.000000 2.000000 2.000000 1.000000 8.000000 
-1.000000 -1.000000 -1.000000 -1.000000 -1.000000 -1.000000 -1.000000 -1.000000 -1.000000 -1.000000 
-1.000000 -1.000000 -1.000000 -1.000000 -1.000000 -1.000000 -1.000000 -1.000000 -1.000000 -1.000000 

Cluster 0 is class 5
Cluster 1 is class 0
Cluster 2 is class 4
Cluster 3 is class 2
Cluster 4 is class 5
Cluster 5 is class 7
Cluster 6 is class 6
Cluster 7 is class 0
Cluster 8 is class 0
Cluster 9 is class 6
Cluster 10 is class 4
Cluster 11 is class 0
Cluster 12 is class 0
Cluster 13 is class 1
Cluster 14 is class 2
Cluster 15 is class 2
Cluster 16 is class 2
Cluster 17 is class 6
Cluster 18 is class 3
Cluster 19 is class 3
Cluster 20 is class 5
Cluster 21 is class 0
Cluster 22 is class 4
Cluster 23 is class 3
Cluster 24 is class 5
Cluster 25 is class 0
Cluster 26 is class 6
Cluster 27 is class 2
Cluster 28 is class 4
Cluster 29 is class 4
Cluster 30 is class 1
Cluster 31 is class 0
Cluster 32 is class 0
Cluster 33 is class 2
Cluster 34 is class 3
Cluster 35 is class 5
Cluster 36 is class 1
Cluster 37 is class 0
Cluster 38 is class 3
Cluster 39 is class 2
Cluster 40 is class 2
Cluster 41 is class 0
Cluster 42 is class 6
Cluster 43 is class 2
Cluster 44 is class 5
Cluster 45 is class 0
Cluster 46 is class 1
Cluster 47 is class 5
Cluster 48 is class 3
Cluster 49 is class 3
Cluster 50 is class 1
Cluster 51 is class 6
Cluster 52 is class 5
Cluster 53 is class 6
Cluster 54 is class 0
Cluster 55 is class 0
Cluster 56 is class 1
Cluster 57 is class 8
Cluster 58 is class 0
Cluster 59 is class 0
Cluster 60 is class 6
Cluster 61 is class 3
Cluster 62 is class 0
Cluster 63 is class 1
Cluster 64 is class 3
Cluster 65 is class 5
Cluster 66 is class 0
Cluster 67 is class 0
Cluster 68 is class 0
Cluster 69 is class 2
Cluster 70 is class 3
Cluster 71 is class 3
Cluster 72 is class 0
Cluster 73 is class 5
Cluster 74 is class 2
Cluster 75 is class 2
Cluster 76 is class 0
Cluster 77 is class 1
Cluster 78 is class 0
Cluster 79 is class 0
Cluster 80 is class 6
Cluster 81 is class 3
Cluster 82 is class 5
Cluster 83 is class 8
Cluster 84 is class 3
Cluster 85 is class 6
Cluster 86 is class 0
Cluster 87 is class 1
Cluster 88 is class 1
Cluster 89 is class 2
Cluster 90 is class 2
Cluster 91 is class 1
Cluster 92 is class 0
Cluster 93 is class 4
Cluster 94 is class 0
Cluster 95 is class 3
Cluster 96 is class 6
Cluster 97 is class 3
Cluster 98 is class 5
Cluster 99 is class 6

Overall Accuracy is 0.199333

