----------------------------For Number of clusters 25----------------------------
Number of Iterations for Kmeans: 37
Avg Clusters:
2.573913 4.330435 2.634783 10.617391 2.356522 10.269565 2.443478 9.321739 2.556522 6.808696 
2.420455 3.284091 2.318182 10.340909 2.784091 7.159091 2.579545 3.875000 2.681818 3.613636 
2.627660 9.957447 2.468085 10.425532 2.478723 4.521277 2.648936 9.489362 2.446809 9.329787 
2.486111 4.138889 2.263889 2.902778 2.583333 10.625000 2.666667 4.652778 2.666667 4.055556 
2.233766 2.857143 2.506494 5.701299 2.402597 3.675325 2.662338 9.935065 2.649351 10.519481 
2.707317 10.353659 2.560976 9.280488 2.536585 4.097561 2.268293 4.048780 2.426829 3.731707 
2.402597 10.298701 2.480519 10.350649 2.597403 10.116883 2.584416 10.194805 2.766234 3.688312 
2.363636 10.389610 2.207792 4.012987 2.298701 4.064935 2.415584 9.883117 2.337662 3.948052 
2.403509 3.473684 2.175439 4.824561 2.596491 3.684211 2.543860 2.614035 2.192982 8.263158 
2.307692 10.653846 2.397436 6.628205 2.461538 9.794872 2.358974 3.769231 2.487179 10.717949 
2.559322 3.864407 2.322034 10.966102 2.440678 3.830508 2.576271 3.508475 2.644068 10.542373 
2.363636 10.409091 2.431818 2.295455 2.409091 3.386364 2.545455 2.977273 2.113636 5.681818 
2.402985 8.567164 2.343284 3.731343 2.671642 10.373134 2.417910 11.014925 2.641791 4.253731 
2.314815 3.166667 2.685185 4.203704 2.759259 9.333333 2.481481 11.555556 2.500000 9.185185 
2.426230 5.213115 2.409836 10.868852 2.360656 11.114754 2.737705 2.786885 2.786885 9.639344 
2.698113 9.528302 2.849057 3.377358 2.452830 4.622642 2.584906 10.037736 2.452830 10.433962 
2.292683 4.560976 2.195122 3.560976 2.243902 8.682927 2.634146 3.073171 2.707317 10.048780 
2.521739 6.956522 2.608696 3.478261 1.913043 2.260870 2.043478 4.000000 3.043478 11.217391 
2.424242 2.969697 2.515152 6.393939 2.727273 11.181818 2.545455 7.212121 2.363636 10.878788 
2.423729 4.440678 2.694915 9.423729 2.610169 3.440678 2.338983 10.915254 2.271186 3.779661 
2.513514 3.297297 2.864865 3.621622 2.432432 3.810811 2.567568 7.810811 2.351351 2.702703 
2.421053 10.789474 2.684211 4.526316 2.447368 11.078947 2.342105 10.421053 2.578947 10.026316 
2.500000 11.555556 2.666667 5.861111 2.805556 2.305556 2.611111 4.138889 2.972222 10.166667 
2.571429 10.857143 2.482143 4.607143 2.482143 11.035714 2.678571 4.017857 2.464286 3.750000 
2.818182 11.136364 2.363636 11.954545 2.181818 10.454545 2.818182 4.272727 2.136364 3.681818 

Avg Classes:
2.482072 7.045153 2.496680 6.972112 2.519256 7.025232 2.520584 6.966799 2.525896 6.812749 
2.442700 6.769231 2.466248 7.087912 2.472527 7.183673 2.525903 6.890110 2.554160 7.221350 
2.550725 8.000000 2.304348 6.318841 2.449275 6.739130 2.565217 6.898551 2.463768 6.869565 
2.413793 8.172414 2.482759 7.965517 2.724138 8.620690 2.620690 6.827586 2.758621 6.517241 
2.600000 7.200000 2.000000 8.400000 2.200000 7.800000 1.600000 6.000000 1.400000 5.000000 
2.000000 3.500000 2.000000 6.500000 2.000000 4.500000 2.000000 5.000000 2.000000 6.250000 
4.000000 8.000000 2.500000 7.000000 2.500000 8.000000 3.500000 10.000000 1.500000 7.000000 
1.000000 2.000000 3.000000 2.000000 4.000000 2.000000 2.000000 2.000000 1.000000 8.000000 
-1.000000 -1.000000 -1.000000 -1.000000 -1.000000 -1.000000 -1.000000 -1.000000 -1.000000 -1.000000 
-1.000000 -1.000000 -1.000000 -1.000000 -1.000000 -1.000000 -1.000000 -1.000000 -1.000000 -1.000000 

Cluster 0 is class 1
Cluster 1 is class 4
Cluster 2 is class 0
Cluster 3 is class 0
Cluster 4 is class 5
Cluster 5 is class 4
Cluster 6 is class 3
Cluster 7 is class 2
Cluster 8 is class 5
Cluster 9 is class 0
Cluster 10 is class 5
Cluster 11 is class 0
Cluster 12 is class 6
Cluster 13 is class 6
Cluster 14 is class 0
Cluster 15 is class 0
Cluster 16 is class 0
Cluster 17 is class 0
Cluster 18 is class 1
Cluster 19 is class 0
Cluster 20 is class 5
Cluster 21 is class 6
Cluster 22 is class 0
Cluster 23 is class 2
Cluster 24 is class 3

Overall Accuracy is 0.242000

