----------------------------For Number of clusters 84----------------------------
Number of Iterations for Kmeans: 20
Avg Clusters:
2.568182 10.295455 2.159091 3.954545 2.522727 9.750000 2.545455 10.454545 2.636364 3.113636 
2.250000 9.214286 2.321429 2.750000 2.821429 8.464286 2.964286 5.142857 1.928571 5.714286 
2.500000 3.166667 2.250000 7.791667 2.666667 6.125000 2.750000 8.833333 2.708333 8.625000 
2.828571 9.257143 2.828571 3.914286 2.457143 5.342857 2.628571 9.371429 2.428571 11.971429 
2.722222 6.444444 2.666667 2.000000 2.500000 9.833333 2.611111 11.777778 2.611111 11.444444 
2.968750 10.406250 2.250000 7.156250 2.406250 10.687500 2.562500 5.468750 2.718750 2.843750 
2.235294 7.823529 2.558824 11.411765 2.470588 10.676471 2.147059 10.735294 2.588235 2.823529 
2.485714 10.228571 2.400000 3.400000 2.457143 10.600000 1.971429 3.800000 2.342857 11.171429 
2.433333 6.733333 2.733333 8.333333 2.333333 11.300000 2.433333 4.800000 2.666667 9.266667 
1.911765 10.264706 2.323529 10.970588 2.794118 5.529412 2.558824 11.382353 2.823529 4.411765 
2.629630 3.037037 2.407407 11.962963 3.111111 8.740741 2.592593 7.777778 2.703704 5.333333 
2.297297 5.729730 2.162162 11.162162 2.216216 3.378378 2.378378 3.054054 2.594595 10.459459 
2.269231 4.076923 2.538462 2.730769 2.576923 3.307692 2.615385 3.153846 1.961538 5.730769 
2.571429 11.107143 2.214286 9.785714 2.857143 5.321429 2.607143 3.535714 2.142857 8.500000 
2.142857 5.571429 2.666667 2.571429 3.000000 9.952381 2.285714 9.571429 2.619048 2.619048 
2.843750 11.375000 2.593750 8.781250 2.812500 3.250000 2.437500 7.812500 2.562500 3.750000 
2.320000 3.560000 2.600000 3.520000 2.960000 8.680000 2.640000 11.680000 2.440000 7.080000 
2.238095 10.428571 2.285714 11.190476 2.523810 8.047619 2.476190 8.238095 2.285714 10.952381 
1.727273 3.272727 3.545455 8.818182 3.090909 12.272727 2.636364 9.090909 1.454545 11.000000 
2.272727 3.545455 2.090909 5.863636 2.454545 9.409091 2.954545 2.318182 2.681818 11.181818 
3.538462 11.461538 2.615385 10.461538 2.538462 2.615385 3.153846 2.846154 2.846154 2.846154 
2.586207 5.793103 2.793103 8.586207 2.655172 1.689655 2.379310 10.517241 2.413793 3.896552 
2.565217 2.347826 2.869565 8.913043 2.608696 5.043478 2.521739 10.652174 2.000000 2.739130 
3.000000 7.333333 2.666667 12.166667 2.416667 7.833333 2.416667 6.916667 2.666667 6.500000 
2.200000 6.933333 1.866667 12.133333 2.266667 11.866667 2.533333 2.133333 2.800000 9.333333 
2.192308 3.615385 2.961538 3.730769 2.307692 4.576923 2.115385 3.153846 3.230769 11.500000 
2.360000 11.400000 2.480000 3.080000 2.680000 1.760000 2.960000 5.880000 2.760000 8.720000 
2.300000 1.700000 1.800000 5.200000 3.150000 9.300000 2.350000 4.000000 2.850000 6.150000 
2.666667 5.111111 2.055556 4.444444 2.444444 9.722222 2.666667 2.944444 2.666667 1.944444 
2.173913 4.086957 2.043478 11.478261 2.521739 10.304348 2.347826 3.695652 2.521739 2.173913 
2.103448 5.241379 2.206897 2.689655 2.517241 3.413793 2.448276 9.379310 2.310345 3.551724 
3.000000 11.333333 2.380952 7.619048 2.333333 4.047619 2.523810 11.238095 2.428571 9.523810 
2.529412 8.470588 3.352941 6.176471 2.647059 7.529412 2.411765 11.352941 3.058824 7.176471 
3.076923 2.153846 1.846154 9.538462 2.076923 10.692308 2.461538 5.307692 3.000000 10.000000 
2.750000 12.300000 2.350000 9.250000 2.400000 10.800000 2.650000 11.750000 3.050000 6.650000 
3.000000 3.473684 2.473684 8.052632 2.368421 11.631579 1.789474 9.210526 2.684211 3.631579 
1.454545 11.000000 2.545455 11.090909 2.000000 7.818182 2.818182 2.454545 2.909091 12.090909 
2.384615 6.230769 3.000000 6.538462 2.000000 12.230769 2.153846 11.615385 2.307692 5.307692 
2.478261 2.565217 2.347826 11.521739 2.782609 3.173913 2.521739 4.782609 2.521739 4.434783 
2.333333 1.740741 2.222222 4.814815 1.666667 3.185185 2.740741 9.777778 2.555556 12.185185 
2.705882 9.882353 2.000000 2.941176 2.235294 2.470588 2.411765 1.941176 2.000000 4.117647 
2.421053 2.368421 2.631579 8.894737 2.631579 1.684211 2.421053 6.368421 2.842105 10.631579 
2.357143 9.142857 2.928571 12.000000 2.214286 6.142857 2.285714 4.571429 1.785714 2.714286 
2.071429 3.571429 2.928571 11.785714 2.714286 10.571429 2.785714 1.357143 2.785714 10.071429 
3.222222 7.555556 2.888889 12.333333 2.333333 9.666667 2.888889 4.444444 2.444444 11.777778 
2.928571 5.500000 2.785714 9.785714 2.285714 5.285714 2.571429 2.785714 2.571429 2.928571 
3.083333 2.166667 2.916667 11.750000 1.583333 9.833333 2.583333 8.833333 2.833333 11.000000 
1.894737 11.473684 1.894737 3.736842 2.368421 3.631579 2.315789 11.315789 1.894737 3.105263 
2.411765 11.588235 2.588235 6.705882 2.529412 7.764706 1.764706 2.235294 2.882353 3.117647 
3.000000 2.800000 2.200000 10.600000 2.400000 8.200000 3.300000 2.300000 3.300000 6.200000 
2.416667 4.000000 2.333333 2.083333 2.166667 10.500000 2.916667 2.416667 2.416667 5.833333 
2.666667 10.000000 3.333333 7.666667 2.666667 1.333333 1.333333 1.000000 2.000000 1.666667 
2.285714 12.357143 1.785714 2.214286 2.142857 4.857143 2.714286 6.571429 2.642857 5.857143 
2.125000 3.250000 2.750000 8.375000 3.000000 12.125000 2.625000 2.375000 2.500000 5.750000 
2.307692 6.076923 2.692308 11.384615 2.538462 2.461538 2.538462 10.153846 2.307692 8.000000 
2.600000 9.650000 2.450000 9.350000 2.400000 1.950000 2.450000 8.200000 2.550000 11.900000 
2.133333 4.200000 1.933333 3.800000 2.466667 7.733333 2.733333 7.666667 1.800000 10.400000 
2.250000 1.500000 2.916667 5.500000 2.000000 2.333333 2.250000 5.500000 2.750000 2.916667 
2.888889 1.555556 2.777778 10.555556 3.111111 5.666667 2.555556 2.444444 2.555556 11.666667 
2.153846 11.923077 2.692308 9.230769 2.461538 11.769231 3.461538 2.923077 2.307692 8.538462 
2.300000 4.000000 2.650000 4.050000 2.850000 3.000000 2.300000 11.700000 3.000000 8.300000 
2.200000 12.000000 2.266667 3.733333 2.266667 11.733333 1.866667 9.066667 2.466667 8.200000 
2.636364 7.818182 2.727273 5.727273 1.909091 3.818182 2.454545 6.818182 1.727273 1.636364 
3.000000 1.500000 3.500000 3.875000 3.125000 11.750000 3.250000 7.750000 3.125000 2.500000 
2.217391 10.434783 2.652174 4.826087 2.173913 2.869565 2.304348 2.478261 2.565217 10.608696 
-1.000000 -1.000000 -1.000000 -1.000000 -1.000000 -1.000000 -1.000000 -1.000000 -1.000000 -1.000000 
2.200000 11.266667 2.866667 1.866667 2.066667 5.600000 2.733333 12.066667 2.400000 7.666667 
1.833333 1.333333 3.666667 2.333333 2.500000 7.833333 3.500000 8.000000 3.166667 8.666667 
2.400000 3.666667 1.600000 6.533333 2.933333 3.800000 3.266667 2.066667 1.600000 9.000000 
2.000000 7.000000 1.928571 2.500000 2.428571 7.285714 2.142857 2.000000 2.571429 8.500000 
3.000000 11.555556 2.833333 11.944444 2.222222 11.388889 3.055556 5.388889 2.111111 3.166667 
3.000000 9.230769 2.692308 7.692308 2.384615 1.615385 1.923077 3.461538 2.846154 5.692308 
2.111111 11.222222 1.777778 7.222222 2.555556 11.111111 3.222222 8.777778 2.444444 9.000000 
1.833333 1.333333 2.166667 6.666667 3.250000 9.583333 2.000000 12.166667 2.250000 9.916667 
2.285714 3.142857 2.714286 11.214286 2.357143 10.428571 3.000000 12.000000 2.642857 5.785714 
2.800000 3.000000 3.000000 3.200000 3.000000 13.000000 2.800000 11.000000 2.200000 11.800000 
3.142857 6.000000 3.000000 11.857143 2.857143 5.142857 1.857143 11.428571 2.142857 11.285714 
2.545455 4.545455 2.818182 7.909091 1.454545 8.272727 2.727273 11.909091 3.272727 10.727273 
3.500000 2.750000 1.750000 2.250000 2.000000 11.500000 1.750000 1.750000 3.750000 1.250000 
2.857143 8.500000 2.785714 11.142857 2.714286 11.857143 2.285714 10.357143 2.642857 10.142857 
2.307692 4.076923 2.076923 2.230769 2.000000 12.153846 2.769231 6.384615 2.538462 8.769231 
2.571429 11.285714 2.857143 2.476190 2.285714 11.619048 2.857143 3.190476 2.428571 3.761905 
-1.000000 -1.000000 -1.000000 -1.000000 -1.000000 -1.000000 -1.000000 -1.000000 -1.000000 -1.000000 
3.000000 4.714286 2.000000 2.428571 3.142857 1.428571 2.000000 5.142857 3.142857 8.714286 

Avg Classes:
2.482072 7.045153 2.496680 6.972112 2.519256 7.025232 2.520584 6.966799 2.525896 6.812749 
2.442700 6.769231 2.466248 7.087912 2.472527 7.183673 2.525903 6.890110 2.554160 7.221350 
2.550725 8.000000 2.304348 6.318841 2.449275 6.739130 2.565217 6.898551 2.463768 6.869565 
2.413793 8.172414 2.482759 7.965517 2.724138 8.620690 2.620690 6.827586 2.758621 6.517241 
2.600000 7.200000 2.000000 8.400000 2.200000 7.800000 1.600000 6.000000 1.400000 5.000000 
2.000000 3.500000 2.000000 6.500000 2.000000 4.500000 2.000000 5.000000 2.000000 6.250000 
4.000000 8.000000 2.500000 7.000000 2.500000 8.000000 3.500000 10.000000 1.500000 7.000000 
1.000000 2.000000 3.000000 2.000000 4.000000 2.000000 2.000000 2.000000 1.000000 8.000000 
-1.000000 -1.000000 -1.000000 -1.000000 -1.000000 -1.000000 -1.000000 -1.000000 -1.000000 -1.000000 
-1.000000 -1.000000 -1.000000 -1.000000 -1.000000 -1.000000 -1.000000 -1.000000 -1.000000 -1.000000 

Cluster 0 is class 2
Cluster 1 is class 2
Cluster 2 is class 0
Cluster 3 is class 1
Cluster 4 is class 6
Cluster 5 is class 3
Cluster 6 is class 3
Cluster 7 is class 1
Cluster 8 is class 3
Cluster 9 is class 3
Cluster 10 is class 0
Cluster 11 is class 0
Cluster 12 is class 5
Cluster 13 is class 0
Cluster 14 is class 0
Cluster 15 is class 0
Cluster 16 is class 1
Cluster 17 is class 1
Cluster 18 is class 1
Cluster 19 is class 0
Cluster 20 is class 2
Cluster 21 is class 0
Cluster 22 is class 0
Cluster 23 is class 3
Cluster 24 is class 3
Cluster 25 is class 7
Cluster 26 is class 2
Cluster 27 is class 5
Cluster 28 is class 4
Cluster 29 is class 4
Cluster 30 is class 5
Cluster 31 is class 2
Cluster 32 is class 6
Cluster 33 is class 0
Cluster 34 is class 3
Cluster 35 is class 3
Cluster 36 is class 1
Cluster 37 is class 6
Cluster 38 is class 5
Cluster 39 is class 1
Cluster 40 is class 0
Cluster 41 is class 5
Cluster 42 is class 4
Cluster 43 is class 0
Cluster 44 is class 1
Cluster 45 is class 4
Cluster 46 is class 0
Cluster 47 is class 2
Cluster 48 is class 3
Cluster 49 is class 4
Cluster 50 is class 5
Cluster 51 is class 2
Cluster 52 is class 2
Cluster 53 is class 1
Cluster 54 is class 0
Cluster 55 is class 2
Cluster 56 is class 0
Cluster 57 is class 5
Cluster 58 is class 5
Cluster 59 is class 3
Cluster 60 is class 0
Cluster 61 is class 2
Cluster 62 is class 0
Cluster 63 is class 0
Cluster 64 is class 2
Cluster 65 is class 8
Cluster 66 is class 2
Cluster 67 is class 0
Cluster 68 is class 5
Cluster 69 is class 0
Cluster 70 is class 3
Cluster 71 is class 0
Cluster 72 is class 3
Cluster 73 is class 0
Cluster 74 is class 6
Cluster 75 is class 6
Cluster 76 is class 6
Cluster 77 is class 1
Cluster 78 is class 4
Cluster 79 is class 3
Cluster 80 is class 0
Cluster 81 is class 2
Cluster 82 is class 8
Cluster 83 is class 7

Overall Accuracy is 0.232000

