----------------------------For Number of clusters 97----------------------------
Avg Clusters:
2.514087 6.200810 2.519769 3.601267 2.540027 2.937875 2.494901 4.022167 2.482187 10.994412 
2.505264 8.248901 2.506593 3.119646 2.534141 3.983032 2.452417 11.039712 2.508075 6.688337 
2.517134 2.959288 2.494927 3.018314 2.516942 4.406100 2.480952 3.131963 2.527663 6.882777 
2.537431 3.527524 2.472757 3.808736 2.480243 8.457841 2.495328 3.939998 2.488743 2.547957 
2.482516 11.167914 2.524467 4.207592 2.467720 7.737822 2.542200 11.010418 2.473261 3.150845 
2.526150 7.503278 2.469365 11.314241 2.534480 8.322275 2.506876 10.387046 2.520678 3.117908 
2.504580 6.902083 2.505452 10.306346 2.512921 10.554138 2.534075 3.532875 2.524588 2.921437 
2.478300 3.481858 2.498647 3.001503 2.518342 10.877769 2.511527 8.530570 2.497695 10.576877 
2.520823 10.963992 2.472383 9.438753 2.528569 11.520212 2.525239 9.745703 2.499490 3.310075 
2.482500 6.808952 2.508967 10.913137 2.499208 2.688723 2.485565 3.820704 2.468959 10.379337 
2.499446 2.995731 2.566035 10.237858 2.509703 10.711910 2.511089 7.199712 2.502162 10.934575 
2.505144 11.162280 2.458307 7.720116 2.514750 3.671744 2.497130 8.925084 2.550048 11.148923 
2.456273 11.655589 2.532739 10.796902 2.489958 10.531568 2.527245 4.420337 2.478249 3.278123 
2.476957 11.046510 2.525100 3.132817 2.521955 10.651506 2.494012 3.426757 2.465284 7.670800 
2.481495 3.781398 2.495684 3.889198 2.458149 7.874259 2.511448 2.952706 2.506343 11.402973 
2.494459 2.864592 2.454743 7.281224 2.527703 4.208316 2.535781 9.184963 2.520454 2.995184 
2.494095 10.367452 2.504934 6.841454 2.536173 2.917020 2.482949 3.285393 2.463265 3.955570 
2.503699 9.274317 2.486153 11.642905 2.490738 2.964969 2.526625 10.378248 2.512686 8.200954 
2.493242 3.625379 2.489032 3.758845 2.476475 11.405938 2.519093 3.182288 2.497969 6.587045 
2.509778 2.877007 2.502131 11.391279 2.533828 3.564882 2.512755 9.681104 2.513805 10.200105 
2.509796 2.987162 2.522937 8.046848 2.498601 11.081589 2.486736 10.522755 2.507666 3.030908 
2.496717 6.825175 2.538054 10.670721 2.526489 10.299134 2.485226 11.283092 2.526414 10.280928 
2.479101 2.600657 2.521760 11.646838 2.426268 9.277473 2.486381 7.405604 2.504696 3.605589 
2.525238 2.947368 2.476791 10.976157 2.482689 2.952061 2.512429 3.848066 2.493025 5.457705 
2.490035 7.367131 2.521117 3.176131 2.470104 6.600127 2.460851 7.455868 2.452784 2.875119 
2.476504 4.231334 2.511516 10.657411 2.519038 5.966753 2.546155 2.676077 2.470840 2.590825 
2.506709 5.409573 2.540757 2.936611 2.471760 2.382035 2.508912 4.618666 2.512818 2.758963 
2.548496 2.936955 2.488328 11.027865 2.509535 10.648036 2.476903 2.813086 2.471889 7.057044 
2.524221 3.308778 2.512748 11.674194 2.471317 3.054635 2.468858 10.771991 2.523675 3.594609 
2.489569 10.117829 2.481265 3.506039 2.506657 11.158660 2.480511 11.096006 2.530126 7.390200 
2.533751 11.020082 2.481979 6.755192 2.472282 10.528787 2.558644 8.074908 2.475412 10.979765 
2.455703 8.750000 2.521640 3.595978 2.511711 11.364647 2.451290 3.244229 2.525119 2.488883 
2.497960 11.386301 2.514088 2.569016 2.481928 2.941182 2.519495 6.179774 2.548904 3.778010 
2.485608 10.687095 2.478808 2.492013 2.455164 3.467500 2.486478 10.141230 2.539934 11.202119 
2.503566 11.709316 2.488972 5.992758 2.516186 8.553495 2.519917 3.685285 2.470098 3.036431 
2.506961 11.651411 2.483194 10.036228 2.498192 3.051073 2.498808 3.230213 2.535882 9.953157 
2.490891 6.616242 2.548536 3.029185 2.554609 11.279525 2.514547 10.969546 2.484003 2.783105 
2.493023 10.547495 2.532868 7.147949 2.453934 7.250757 2.530599 3.046654 2.479153 10.667115 
2.505999 2.383059 2.507969 7.744090 2.516117 3.019520 2.510745 3.743822 2.531877 11.125269 
2.517818 2.641669 2.485192 2.815806 2.497941 8.130266 2.509503 10.944013 2.511245 4.387551 
2.486574 3.160395 2.507768 7.568568 2.467535 7.935339 2.523125 11.573148 2.484239 10.861608 
2.476757 3.089695 2.507950 10.629809 2.465590 7.383906 2.468139 11.399806 2.488045 6.437917 
2.504533 9.959788 2.473388 11.783915 2.531481 4.189389 2.480608 3.179567 2.498237 4.797935 
2.470079 4.135620 2.549446 2.842744 2.461847 2.715884 2.511135 11.464063 2.528232 3.129815 
2.538376 4.312893 2.481117 9.065787 2.484467 10.416751 2.527513 2.355330 2.497157 11.378477 
2.518645 11.430035 2.520122 9.357116 2.474063 5.505446 2.497692 8.332656 2.519660 3.318996 
2.493616 7.106843 2.496781 10.748881 2.508676 2.666267 2.517189 6.708720 2.510968 2.728801 
2.487393 11.085617 2.457356 11.349923 2.532011 8.342578 2.507126 7.056128 2.485968 8.287547 
2.470235 9.186071 2.494995 2.684016 2.474133 10.755136 2.490991 5.812454 2.553156 11.671478 
2.493782 11.140728 2.505658 10.539272 2.485714 2.996863 2.484482 11.648179 2.508571 3.067899 
2.521922 10.950609 2.535859 8.503924 2.488904 11.882544 2.450880 2.978620 2.499865 11.039242 
2.562835 7.271264 2.490038 5.395147 2.494508 11.159387 2.454534 11.361686 2.483908 11.308301 
2.480533 2.827019 2.481186 3.071074 2.490201 11.785602 2.466031 7.523778 2.502352 3.440946 
2.515336 3.170849 2.475997 2.953727 2.505313 3.080488 2.494235 10.013339 2.493330 10.949431 
2.488771 2.531827 2.510084 8.639680 2.496209 11.538693 2.484480 3.188099 2.531111 2.490774 
2.483636 6.896796 2.497320 6.854715 2.468240 6.811039 2.477021 3.018588 2.543049 6.671912 
2.525311 3.142062 2.529817 2.915452 2.479062 7.138882 2.553538 11.524119 2.481050 9.417572 
2.503962 6.723272 2.537974 6.839205 2.533463 11.047909 2.488602 7.138730 2.519932 6.483847 
2.498757 3.745461 2.493410 7.429619 2.491420 2.380502 2.507212 11.219224 2.493037 7.416812 
2.458486 2.673157 2.516532 11.634582 2.505633 6.040289 2.529635 3.226916 2.462038 10.666912 
2.547599 7.831046 2.537879 11.659091 2.501144 7.848914 2.523299 3.087193 2.506861 10.887793 
2.522161 10.439889 2.451385 2.347784 2.515789 6.258587 2.532133 2.363158 2.499030 3.224377 
2.505905 11.583681 2.466778 3.021949 2.510438 6.320052 2.499225 6.950853 2.437314 8.294644 
2.437080 11.470452 2.519351 3.655620 2.471147 2.229664 2.526419 3.849247 2.531634 10.522596 
2.480903 3.390876 2.500000 6.969233 2.533495 2.573052 2.505608 2.573810 2.457108 2.895574 
2.468912 10.601189 2.467845 11.592959 2.501676 10.901250 2.443005 2.450320 2.509144 7.494971 
2.505792 2.598467 2.492247 4.171271 2.516664 11.992693 2.462306 3.266084 2.481911 11.299590 
2.410173 7.238018 2.452955 8.322699 2.551749 3.065128 2.491473 11.599089 2.442811 2.932079 
2.517289 10.836573 2.510580 11.633924 2.485464 11.409255 2.503010 8.472906 2.530707 11.330466 
2.452291 2.617723 2.529865 3.086648 2.471496 2.995161 2.482534 7.768184 2.424165 6.372448 
2.494220 11.401425 2.508947 2.631671 2.563262 9.491370 2.489628 11.295170 2.497229 11.475851 
2.514987 7.122752 2.534542 7.167999 2.451613 2.973594 2.414930 7.069369 2.442478 7.801028 
2.541807 10.309268 2.492780 2.153459 2.503022 11.370215 2.482371 7.158160 2.525856 4.909167 
2.598220 10.299901 2.497527 7.401187 2.486251 11.670425 2.552127 2.651434 2.507023 6.030069 
2.525878 10.905647 2.496601 10.924240 2.555987 6.467046 2.470931 11.598030 2.426946 11.220480 
2.501314 6.826807 2.531669 7.955322 2.486859 3.013403 2.460053 11.179895 2.474901 11.696058 
2.539020 10.364626 2.516251 2.539185 2.475994 3.980861 2.476984 2.017324 2.502062 7.570698 
2.437201 11.875234 2.460529 3.768382 2.476776 11.293689 2.497813 7.981046 2.529890 2.087273 
2.486616 10.808013 2.464457 2.544584 2.515689 7.139160 2.526857 2.569580 2.516043 11.895054 
2.467232 2.974849 2.423972 6.812734 2.499569 6.516384 2.470681 7.171026 2.572147 10.503737 
2.496241 2.077336 2.525510 7.113319 2.466165 2.579216 2.498657 11.231203 2.464554 11.615199 
2.469059 7.166828 2.464985 3.146460 2.522405 11.404074 2.506305 2.162949 2.461300 10.391077 
2.523639 11.128837 2.488243 4.107673 2.504827 2.255074 2.525124 10.752847 2.505074 2.836510 
2.572826 6.219700 2.514146 2.357143 2.530562 7.018861 2.479392 6.855047 2.527768 9.116137 
2.499775 11.622426 2.534345 6.754697 2.521720 3.120697 2.505637 11.434541 2.464452 7.451075 
2.494671 11.913959 2.474916 11.691968 2.556538 7.154146 2.497011 3.262802 2.446322 11.533923 
2.578720 6.585273 2.425246 11.196413 2.401966 6.276255 2.523366 7.822728 2.526643 11.213658 
2.480255 11.832579 2.493830 11.152612 2.482723 2.206294 2.505348 6.214109 2.416495 3.016660 
2.538094 7.134474 2.461906 2.968172 2.522976 6.794510 2.546250 11.298985 2.419932 11.587627 
2.538922 7.094782 2.433704 7.267750 2.518050 9.284003 2.483832 11.795381 2.522840 3.959795 
2.488931 2.127402 2.500835 7.237886 2.491228 7.476817 2.525898 2.854845 2.431704 6.791980 
2.417088 11.356443 2.517056 10.311908 2.468572 10.531901 2.501421 11.829912 2.487366 7.330859 
2.505549 11.069560 2.502576 10.359294 2.436583 6.767142 2.476021 2.158145 2.529330 2.493262 
2.496103 7.167803 2.514126 11.359717 2.473453 12.084998 2.550170 3.523380 2.454944 11.062591 
2.487354 2.641005 2.443724 5.384919 2.541416 11.759248 2.463168 11.511856 2.509010 7.812362 
2.498811 2.654106 2.507774 11.488202 2.525334 11.856777 2.522773 11.100604 2.468081 7.816170 
2.487810 6.717853 2.530083 11.769564 2.490366 11.236728 2.430397 6.833071 2.600079 6.485843 

Avg Classes:
2.501062 6.987991 2.500831 7.004122 2.500320 6.993248 2.501601 6.996249 2.500578 6.990609 
2.499498 7.005723 2.498374 7.006795 2.501292 7.002107 2.499690 7.004367 2.498954 6.983451 
2.499895 6.977804 2.500798 6.985700 2.497879 6.992608 2.496556 7.012830 2.497165 6.990719 
2.505279 7.053359 2.508546 7.025330 2.503622 7.027224 2.496757 7.017660 2.492969 7.021495 
2.515058 7.299356 2.473616 7.259717 2.514286 7.283912 2.472844 7.284170 2.470785 7.327413 
2.523547 7.069138 2.523547 7.098196 2.523547 7.013026 2.523547 6.972445 2.523547 6.891283 
2.484551 7.143258 2.502809 7.093399 2.549157 7.078652 2.497893 7.214185 2.465590 7.115169 
2.417391 6.704348 2.482609 6.821739 2.565217 6.452174 2.560870 6.960870 2.504348 6.700000 
2.416667 8.583333 2.416667 7.583333 2.416667 8.166667 2.416667 7.083333 2.416667 7.333333 
3.333333 7.666667 3.333333 7.666667 3.333333 12.000000 3.333333 8.000000 3.333333 11.666667 

Cluster 0 is class 0
Cluster 1 is class 0
Cluster 2 is class 7
Cluster 3 is class 0
Cluster 4 is class 0
Cluster 5 is class 0
Cluster 6 is class 8
Cluster 7 is class 9
Cluster 8 is class 8
Cluster 9 is class 0
Cluster 10 is class 9
Cluster 11 is class 4
Cluster 12 is class 8
Cluster 13 is class 8
Cluster 14 is class 0
Cluster 15 is class 0
Cluster 16 is class 7
Cluster 17 is class 0
Cluster 18 is class 0
Cluster 19 is class 7
Cluster 20 is class 0
Cluster 21 is class 9
Cluster 22 is class 0
Cluster 23 is class 0
Cluster 24 is class 0
Cluster 25 is class 0
Cluster 26 is class 0
Cluster 27 is class 0
Cluster 28 is class 0
Cluster 29 is class 8
Cluster 30 is class 9
Cluster 31 is class 0
Cluster 32 is class 7
Cluster 33 is class 0
Cluster 34 is class 8
Cluster 35 is class 8
Cluster 36 is class 0
Cluster 37 is class 8
Cluster 38 is class 7
Cluster 39 is class 0
Cluster 40 is class 4
Cluster 41 is class 0
Cluster 42 is class 0
Cluster 43 is class 0
Cluster 44 is class 0
Cluster 45 is class 0
Cluster 46 is class 7
Cluster 47 is class 8
Cluster 48 is class 9
Cluster 49 is class 6
Cluster 50 is class 9
Cluster 51 is class 9
Cluster 52 is class 0
Cluster 53 is class 0
Cluster 54 is class 0
Cluster 55 is class 0
Cluster 56 is class 0
Cluster 57 is class 4
Cluster 58 is class 7
Cluster 59 is class 0
Cluster 60 is class 8
Cluster 61 is class 0
Cluster 62 is class 8
Cluster 63 is class 0
Cluster 64 is class 7
Cluster 65 is class 8
Cluster 66 is class 9
Cluster 67 is class 0
Cluster 68 is class 9
Cluster 69 is class 7
Cluster 70 is class 9
Cluster 71 is class 7
Cluster 72 is class 8
Cluster 73 is class 8
Cluster 74 is class 4
Cluster 75 is class 0
Cluster 76 is class 7
Cluster 77 is class 8
Cluster 78 is class 0
Cluster 79 is class 0
Cluster 80 is class 7
Cluster 81 is class 9
Cluster 82 is class 0
Cluster 83 is class 0
Cluster 84 is class 0
Cluster 85 is class 8
Cluster 86 is class 4
Cluster 87 is class 0
Cluster 88 is class 0
Cluster 89 is class 4
Cluster 90 is class 0
Cluster 91 is class 8
Cluster 92 is class 8
Cluster 93 is class 9
Cluster 94 is class 4
Cluster 95 is class 0
Cluster 96 is class 8

Overall Accuracy is 0.269446

