----------------------------For Number of clusters 39----------------------------
Avg Clusters:
2.516380 4.422044 2.488622 3.798027 2.487300 4.446609 2.499054 10.220559 2.494011 10.046019 
2.483847 9.341790 2.503418 3.813446 2.486537 9.974012 2.490585 3.346998 2.509341 10.349638 
2.499377 3.675157 2.519234 10.185676 2.495959 9.697314 2.507945 3.868092 2.497837 4.027538 
2.484001 9.858658 2.475862 3.964493 2.521365 9.408816 2.503535 3.890121 2.496337 2.988046 
2.494135 2.992918 2.495311 4.249363 2.502337 10.005655 2.510064 4.009350 2.490216 10.070935 
2.527315 4.560649 2.508384 10.844902 2.491557 9.716798 2.499299 4.069909 2.483845 10.659860 
2.498165 10.409004 2.495245 9.935675 2.513310 9.632682 2.512431 10.208663 2.496149 9.490283 
2.510202 3.862076 2.509847 3.821838 2.508190 9.916351 2.488544 10.251965 2.497491 3.721099 
2.493340 3.535339 2.531183 10.458056 2.510046 3.927974 2.484808 9.907525 2.507348 9.717290 
2.489751 5.390901 2.489625 9.410540 2.482371 3.250297 2.520157 3.878226 2.480298 3.711361 
2.519600 10.278934 2.465129 10.665661 2.486975 3.283066 2.483238 6.498581 2.495706 10.344652 
2.512619 5.843023 2.479867 10.465898 2.549967 7.453206 2.490991 10.791378 2.521738 3.317456 
2.491756 10.560114 2.500907 9.530372 2.518776 4.406477 2.489902 2.241401 2.513451 9.449511 
2.497109 9.722375 2.510103 3.256228 2.492818 3.500089 2.512755 9.813953 2.505334 3.331833 
2.505308 11.145219 2.483018 10.565715 2.514161 4.627806 2.489286 4.561797 2.502253 2.873859 
2.509634 9.691090 2.488917 3.294712 2.518979 10.370953 2.502064 10.589641 2.511916 10.428685 
2.514676 3.559958 2.519831 3.158613 2.503043 3.965063 2.468893 4.263030 2.481028 3.994165 
2.471597 3.172944 2.501019 4.955025 2.494594 3.094957 2.510767 10.788905 2.515066 3.773307 
2.509331 10.294958 2.494516 10.241017 2.498240 11.188999 2.508881 8.878939 2.519768 3.076287 
2.507087 3.159691 2.493246 4.791679 2.517561 10.837815 2.495947 10.570057 2.489256 10.367721 
2.499888 10.495243 2.522533 10.374380 2.511412 10.677476 2.514092 2.793693 2.508062 4.828041 
2.503423 10.731666 2.509956 3.406327 2.482482 3.242516 2.475726 2.962146 2.492192 5.391695 
2.509772 9.949637 2.504970 3.387038 2.507225 3.403700 2.496868 5.057421 2.497954 11.259793 
2.487174 11.050241 2.488933 4.354742 2.491850 3.535747 2.497222 11.145073 2.513289 9.863354 
2.518495 3.481875 2.455363 3.567021 2.493200 10.721331 2.507964 3.307668 2.513203 3.453458 
2.480830 10.603952 2.544097 3.397564 2.495095 10.739301 2.481162 10.630397 2.494289 3.698261 
2.497030 10.922302 2.521750 10.067979 2.455631 10.740925 2.514370 3.968141 2.505910 11.052499 
2.490282 10.294096 2.492345 10.721901 2.493354 3.046067 2.498762 10.990603 2.488403 4.187110 
2.508021 2.932214 2.483363 10.533422 2.466231 11.204050 2.490988 10.409982 2.491236 4.945088 
2.522575 8.940727 2.488462 10.162075 2.505441 3.333256 2.506985 11.670757 2.481284 11.044763 
2.508834 3.447087 2.493884 7.156247 2.510918 3.312947 2.508064 3.600979 2.492978 10.537193 
2.507890 7.507232 2.565007 5.914530 2.486522 11.179652 2.514135 6.228961 2.517669 6.678419 
2.477379 11.035392 2.480217 6.906177 2.446912 6.789900 2.532220 10.982888 2.468948 3.514274 
2.524959 2.937254 2.469580 11.199162 2.481011 3.061095 2.513781 9.687159 2.515814 3.456941 
2.480496 3.490281 2.497702 11.805621 2.512543 3.445364 2.533031 3.294917 2.503874 9.784410 
2.458212 10.678786 2.531414 6.720574 2.518615 2.902947 2.495152 6.927671 2.508047 6.025596 
2.478521 3.866491 2.497217 2.227986 2.513558 3.781361 2.514486 3.601684 2.536321 10.526545 
2.482598 4.048427 2.536785 10.883329 2.522789 10.441912 2.501300 10.456651 2.516844 11.162930 
2.512443 11.606130 2.473468 2.767338 2.535041 8.527813 2.486276 6.690302 2.427447 7.643367 

Avg Classes:
2.501062 6.987991 2.500831 7.004122 2.500320 6.993248 2.501601 6.996249 2.500578 6.990609 
2.499498 7.005723 2.498374 7.006795 2.501292 7.002107 2.499690 7.004367 2.498954 6.983451 
2.499895 6.977804 2.500798 6.985700 2.497879 6.992608 2.496556 7.012830 2.497165 6.990719 
2.505279 7.053359 2.508546 7.025330 2.503622 7.027224 2.496757 7.017660 2.492969 7.021495 
2.515058 7.299356 2.473616 7.259717 2.514286 7.283912 2.472844 7.284170 2.470785 7.327413 
2.523547 7.069138 2.523547 7.098196 2.523547 7.013026 2.523547 6.972445 2.523547 6.891283 
2.484551 7.143258 2.502809 7.093399 2.549157 7.078652 2.497893 7.214185 2.465590 7.115169 
2.417391 6.704348 2.482609 6.821739 2.565217 6.452174 2.560870 6.960870 2.504348 6.700000 
2.416667 8.583333 2.416667 7.583333 2.416667 8.166667 2.416667 7.083333 2.416667 7.333333 
3.333333 7.666667 3.333333 7.666667 3.333333 12.000000 3.333333 8.000000 3.333333 11.666667 

Cluster 0 is class 0
Cluster 1 is class 3
Cluster 2 is class 0
Cluster 3 is class 0
Cluster 4 is class 0
Cluster 5 is class 4
Cluster 6 is class 4
Cluster 7 is class 7
Cluster 8 is class 4
Cluster 9 is class 0
Cluster 10 is class 3
Cluster 11 is class 0
Cluster 12 is class 0
Cluster 13 is class 0
Cluster 14 is class 0
Cluster 15 is class 8
Cluster 16 is class 7
Cluster 17 is class 0
Cluster 18 is class 8
Cluster 19 is class 9
Cluster 20 is class 8
Cluster 21 is class 0
Cluster 22 is class 0
Cluster 23 is class 0
Cluster 24 is class 7
Cluster 25 is class 1
Cluster 26 is class 8
Cluster 27 is class 1
Cluster 28 is class 0
Cluster 29 is class 4
Cluster 30 is class 7
Cluster 31 is class 8
Cluster 32 is class 0
Cluster 33 is class 7
Cluster 34 is class 0
Cluster 35 is class 0
Cluster 36 is class 7
Cluster 37 is class 9
Cluster 38 is class 8

Overall Accuracy is 0.271198

