----------------------------For Number of clusters 79----------------------------
Avg Clusters:
2.511826 10.657206 2.520407 3.898907 2.460714 7.631713 2.504500 11.015153 2.500021 9.581439 
2.495839 10.293820 2.525947 4.207807 2.482639 10.386943 2.499697 10.701717 2.491868 3.243362 
2.498897 4.624184 2.531547 10.055708 2.491601 11.043909 2.496465 10.787796 2.512047 10.092006 
2.474507 3.354636 2.512464 4.101052 2.491314 3.033437 2.503672 9.992267 2.517972 4.013700 
2.466744 9.919443 2.483199 3.805465 2.510234 10.008027 2.523697 2.727024 2.481886 3.678682 
2.522501 3.177879 2.500407 3.287215 2.498325 10.629120 2.490719 10.453731 2.501132 3.745020 
2.468908 6.578620 2.481757 10.678193 2.486123 2.897967 2.473124 10.336060 2.494404 4.262585 
2.485047 8.968263 2.466293 9.731232 2.508406 11.201132 2.525939 10.821839 2.494701 4.896632 
2.489839 9.919975 2.485154 2.883571 2.476860 2.309908 2.474770 10.179930 2.537005 9.827920 
2.493712 4.550213 2.489705 3.596476 2.480727 8.846596 2.499017 2.705212 2.518012 10.104693 
2.491168 4.488266 2.500425 3.229122 2.536753 10.409407 2.510333 10.668251 2.465799 10.995196 
2.524188 10.431167 2.461131 11.103309 2.485138 3.600602 2.519916 11.046330 2.491456 9.291276 
2.523475 3.136296 2.490147 9.358601 2.504043 3.424079 2.527597 3.304467 2.447554 4.340229 
2.512435 3.709200 2.514774 2.854753 2.500890 3.683263 2.476580 3.170269 2.500331 5.043737 
2.504724 2.898105 2.505825 5.915145 2.475164 6.007535 2.514345 9.962673 2.536370 9.426013 
2.494452 9.618837 2.502662 4.911488 2.493905 3.034877 2.496045 3.422260 2.478531 2.840191 
2.497448 11.227253 2.487628 10.589048 2.505215 3.187028 2.498668 3.248336 2.515979 5.034454 
2.498780 11.339887 2.501081 2.524158 2.473402 3.918845 2.478840 3.954124 2.508750 6.450115 
2.497126 10.447783 2.500882 3.016903 2.513858 3.430084 2.531102 10.340049 2.492345 3.075351 
2.501519 3.157671 2.482625 9.649467 2.487597 10.102094 2.513729 2.350975 2.519087 4.337827 
2.498900 11.227724 2.520513 10.883901 2.510351 10.658148 2.520740 10.377341 2.476606 10.197846 
2.485806 10.804154 2.515925 3.427151 2.524777 10.585509 2.507171 3.381108 2.496983 10.629624 
2.541863 3.103798 2.471964 3.213075 2.483115 10.809418 2.492035 3.309035 2.498981 3.739837 
2.536787 10.595610 2.456892 3.597278 2.541879 11.999824 2.496137 10.324407 2.492098 10.102019 
2.508929 2.980906 2.513873 7.809924 2.538404 10.757709 2.507322 3.635173 2.500587 10.624544 
2.487672 7.252986 2.555896 11.529403 2.511332 10.022741 2.497703 7.643109 2.602221 2.851991 
2.519701 10.026351 2.490909 10.378531 2.497385 4.633126 2.512279 2.805579 2.490461 11.166824 
2.509036 11.511932 2.494805 9.747245 2.541842 11.092375 2.485801 5.023550 2.487060 4.008879 
2.520352 3.168767 2.519601 10.950877 2.506945 2.888937 2.499866 9.904328 2.499383 10.231834 
2.507214 2.649249 2.465295 2.653831 2.489472 10.797036 2.491714 6.340222 2.512673 10.526808 
2.485185 10.291909 2.514477 4.430794 2.497903 3.042687 2.506900 2.825463 2.527263 11.036802 
2.484158 3.678681 2.527422 11.150478 2.502895 6.804242 2.523193 3.059398 2.449223 10.535944 
2.509222 10.039112 2.537904 10.640295 2.468138 11.195307 2.507950 2.871598 2.502989 10.222017 
2.536004 11.758378 2.447484 10.508256 2.508842 7.921055 2.525745 10.881094 2.469174 3.106204 
2.517026 2.898672 2.510215 10.110614 2.514962 7.359840 2.481324 11.444039 2.486964 3.637339 
2.506830 5.268046 2.524291 2.634306 2.504486 3.181715 2.487188 4.047046 2.500930 11.137580 
2.482317 7.043451 2.512440 11.026657 2.516527 4.444286 2.530745 3.613204 2.479474 2.270215 
2.476502 6.380853 2.536338 7.599144 2.489256 3.041405 2.445231 4.686495 2.536775 8.148585 
2.527182 3.510416 2.490804 4.992480 2.528300 2.178336 2.491515 11.211767 2.482675 11.156082 
2.522645 2.806198 2.499015 10.471862 2.500777 11.875117 2.498083 10.547000 2.488133 3.641517 
2.508565 3.635681 2.457578 11.330261 2.474507 11.441951 2.490334 5.146549 2.473405 7.613944 
2.496956 11.128470 2.506346 10.333918 2.572077 3.134764 2.483541 7.087194 2.513982 11.288825 
2.489103 2.317743 2.465574 6.790453 2.516008 3.228158 2.503086 3.373867 2.509547 11.147252 
2.513652 10.816048 2.494500 7.047044 2.519937 5.377234 2.498527 7.071793 2.489197 2.705362 
2.493133 11.415263 2.493969 11.613042 2.517736 2.935029 2.503046 8.984832 2.466619 2.915801 
2.513052 3.220361 2.470524 11.102458 2.511747 6.942462 2.568958 7.682728 2.479987 7.253752 
2.468493 7.671454 2.485749 6.402026 2.524939 3.660543 2.436762 11.455800 2.429080 6.918726 
2.471619 4.091100 2.486685 11.686872 2.520673 2.221093 2.542747 3.531301 2.521724 10.680098 
2.479509 6.494007 2.513918 6.422385 2.544655 10.462498 2.470327 6.236903 2.521361 3.056834 
2.495699 2.876105 2.468817 2.176464 2.498566 3.540741 2.511589 7.882915 2.446117 10.206571 
2.494153 8.362829 2.497864 11.114459 2.507758 8.083652 2.514054 2.729143 2.497526 5.821790 
2.483620 7.009177 2.515100 10.282894 2.527585 6.465799 2.463344 10.700779 2.489275 11.554156 
2.544274 7.511135 2.507968 2.609393 2.532032 7.062797 2.522533 7.260580 2.484222 6.721794 
2.507909 10.943468 2.508787 7.158905 2.504540 3.087581 2.485501 11.111892 2.533392 11.689074 
2.523659 3.375219 2.532422 11.444970 2.489660 11.280407 2.483701 5.334911 2.460918 12.110410 
2.531342 2.278436 2.463661 10.707985 2.457143 2.615100 2.509180 9.578924 2.555568 3.173927 
2.480725 7.684514 2.444975 10.465074 2.523229 6.702965 2.482867 11.753213 2.565568 2.740857 
2.525146 11.447800 2.499439 6.965537 2.468231 7.771441 2.482600 3.284800 2.435115 7.827571 
2.511364 7.592077 2.480990 6.409410 2.469732 10.588891 2.518798 5.795242 2.489380 11.070306 
2.521015 11.227555 2.476498 2.635911 2.546133 5.391196 2.484581 6.427879 2.463691 11.390450 
2.491818 6.087985 2.544048 3.151760 2.503138 6.681237 2.526115 11.493275 2.455952 2.825039 
2.502078 11.383803 2.486353 2.566214 2.521847 11.190498 2.466135 6.780411 2.527126 4.879591 
2.506264 2.047972 2.478569 10.170129 2.456808 7.430597 2.494230 10.259809 2.579130 11.814045 
2.515211 6.667968 2.497153 7.292663 2.500895 3.418904 2.499919 7.072393 2.504962 11.823166 
2.479873 11.796459 2.501816 7.675999 2.497881 9.884383 2.509231 7.178723 2.587924 11.469431 
2.506686 8.194254 2.485725 11.940188 2.507770 9.637514 2.481026 6.731840 2.485725 10.863209 
2.467268 2.404263 2.524417 5.896007 2.530156 7.036304 2.497599 6.484249 2.493032 2.653355 
2.438013 6.234123 2.534032 2.850046 2.463993 11.815861 2.499696 6.814038 2.548010 6.716500 
2.477677 5.601659 2.506335 2.096229 2.508145 5.050377 2.512971 11.698341 2.498793 10.657919 
2.518780 11.330407 2.476903 7.652468 2.475176 2.922723 2.481076 11.650741 2.564686 3.336595 
2.478440 2.763614 2.512798 11.741625 2.452671 7.748325 2.500086 6.102388 2.495448 2.371242 
2.444372 11.592170 2.475693 10.695759 2.447471 8.352692 2.453670 2.264763 2.538010 2.420392 
2.537563 8.045494 2.498170 11.925571 2.460519 2.791006 2.498518 5.675440 2.448144 7.283772 
2.501508 11.380402 2.506030 11.028811 2.538358 7.121943 2.500670 7.370687 2.505863 7.287940 
2.488681 2.561280 2.543716 8.898322 2.472873 12.044887 2.476581 6.092701 2.504489 2.677596 
2.505702 6.237647 2.461411 2.139977 2.468518 7.117832 2.468518 5.695753 2.503388 2.106098 
2.500196 2.633816 2.477122 6.227350 2.519619 10.929605 2.445574 11.103507 2.505149 7.364490 
2.506965 11.586168 2.520084 6.090055 2.507775 2.634597 2.510366 7.580499 2.534661 7.047619 
2.515035 7.417425 2.559445 10.477718 2.493446 11.775636 2.511334 2.398612 2.495914 2.763917 

Avg Classes:
2.501062 6.987991 2.500831 7.004122 2.500320 6.993248 2.501601 6.996249 2.500578 6.990609 
2.499498 7.005723 2.498374 7.006795 2.501292 7.002107 2.499690 7.004367 2.498954 6.983451 
2.499895 6.977804 2.500798 6.985700 2.497879 6.992608 2.496556 7.012830 2.497165 6.990719 
2.505279 7.053359 2.508546 7.025330 2.503622 7.027224 2.496757 7.017660 2.492969 7.021495 
2.515058 7.299356 2.473616 7.259717 2.514286 7.283912 2.472844 7.284170 2.470785 7.327413 
2.523547 7.069138 2.523547 7.098196 2.523547 7.013026 2.523547 6.972445 2.523547 6.891283 
2.484551 7.143258 2.502809 7.093399 2.549157 7.078652 2.497893 7.214185 2.465590 7.115169 
2.417391 6.704348 2.482609 6.821739 2.565217 6.452174 2.560870 6.960870 2.504348 6.700000 
2.416667 8.583333 2.416667 7.583333 2.416667 8.166667 2.416667 7.083333 2.416667 7.333333 
3.333333 7.666667 3.333333 7.666667 3.333333 12.000000 3.333333 8.000000 3.333333 11.666667 

Cluster 0 is class 0
Cluster 1 is class 0
Cluster 2 is class 9
Cluster 3 is class 7
Cluster 4 is class 0
Cluster 5 is class 2
Cluster 6 is class 5
Cluster 7 is class 8
Cluster 8 is class 7
Cluster 9 is class 0
Cluster 10 is class 9
Cluster 11 is class 0
Cluster 12 is class 7
Cluster 13 is class 0
Cluster 14 is class 0
Cluster 15 is class 0
Cluster 16 is class 0
Cluster 17 is class 0
Cluster 18 is class 7
Cluster 19 is class 0
Cluster 20 is class 8
Cluster 21 is class 8
Cluster 22 is class 0
Cluster 23 is class 9
Cluster 24 is class 9
Cluster 25 is class 0
Cluster 26 is class 0
Cluster 27 is class 8
Cluster 28 is class 7
Cluster 29 is class 9
Cluster 30 is class 0
Cluster 31 is class 0
Cluster 32 is class 8
Cluster 33 is class 4
Cluster 34 is class 0
Cluster 35 is class 0
Cluster 36 is class 0
Cluster 37 is class 0
Cluster 38 is class 0
Cluster 39 is class 0
Cluster 40 is class 0
Cluster 41 is class 0
Cluster 42 is class 7
Cluster 43 is class 0
Cluster 44 is class 0
Cluster 45 is class 0
Cluster 46 is class 0
Cluster 47 is class 0
Cluster 48 is class 0
Cluster 49 is class 0
Cluster 50 is class 8
Cluster 51 is class 0
Cluster 52 is class 0
Cluster 53 is class 0
Cluster 54 is class 9
Cluster 55 is class 0
Cluster 56 is class 0
Cluster 57 is class 8
Cluster 58 is class 9
Cluster 59 is class 0
Cluster 60 is class 0
Cluster 61 is class 8
Cluster 62 is class 0
Cluster 63 is class 4
Cluster 64 is class 8
Cluster 65 is class 8
Cluster 66 is class 0
Cluster 67 is class 0
Cluster 68 is class 7
Cluster 69 is class 0
Cluster 70 is class 0
Cluster 71 is class 0
Cluster 72 is class 0
Cluster 73 is class 8
Cluster 74 is class 0
Cluster 75 is class 7
Cluster 76 is class 0
Cluster 77 is class 0
Cluster 78 is class 0

Overall Accuracy is 0.305018

