----------------------------For Number of clusters 66----------------------------
Avg Clusters:
2.506036 3.110133 2.504547 9.912165 2.497621 9.848053 2.479918 10.581346 2.470954 4.501796 
2.502532 3.901025 2.478287 3.292965 2.538572 3.383034 2.489516 4.751355 2.523083 9.690445 
2.505007 6.436444 2.514422 8.063145 2.504185 3.291847 2.495255 10.571252 2.477133 10.336123 
2.480921 10.446472 2.526410 7.327252 2.519620 8.383529 2.497459 7.087561 2.480297 3.658127 
2.523465 8.259003 2.505950 4.892314 2.498841 11.115383 2.501001 9.965519 2.487060 11.071280 
2.498054 3.567992 2.479930 9.458990 2.488566 3.386198 2.527112 7.052185 2.535414 3.530336 
2.502871 9.658076 2.491743 11.301019 2.526105 9.383718 2.511194 9.924823 2.468910 10.596831 
2.493784 8.663894 2.559434 3.235173 2.534862 10.778226 2.495716 10.138693 2.483115 2.951361 
2.496953 4.432157 2.500864 10.514960 2.504865 11.016642 2.499773 2.947890 2.507457 5.719807 
2.500022 7.577551 2.489806 6.324355 2.465481 9.201097 2.500287 3.214453 2.511565 10.723630 
2.516285 3.313966 2.495766 9.066636 2.508077 3.237754 2.515503 2.229742 2.428218 3.677306 
2.504180 4.269385 2.517665 2.849536 2.483120 4.005450 2.476470 5.062809 2.473329 2.937237 
2.477497 3.837084 2.514811 3.510907 2.482664 3.935476 2.501378 11.165633 2.522005 4.310945 
2.483274 10.646171 2.516425 10.645870 2.501379 10.659762 2.499022 3.390290 2.519083 3.022669 
2.465091 10.689351 2.475866 10.457908 2.514115 10.400000 2.537492 11.274480 2.522558 5.215312 
2.528275 3.492262 2.494793 10.964279 2.493917 3.830105 2.479463 7.010707 2.495912 10.908653 
2.506124 2.705819 2.483961 3.381444 2.496747 10.530979 2.521737 9.971959 2.480192 10.210238 
2.495646 3.915469 2.524004 2.383573 2.506858 10.476976 2.477575 3.446005 2.486610 9.943610 
2.516961 11.065404 2.491444 4.391596 2.482169 2.877117 2.521663 7.016068 2.521707 9.362465 
2.491119 10.385326 2.495620 4.461211 2.535547 2.867735 2.508929 10.792479 2.504767 3.394715 
2.482044 10.580831 2.512191 3.176435 2.484807 4.208804 2.459705 2.525462 2.498559 6.996877 
2.501521 11.205282 2.474293 2.847837 2.449885 6.894132 2.517101 10.771719 2.486906 4.964983 
2.509266 10.712198 2.485848 10.777405 2.501312 3.602778 2.493964 3.749788 2.494489 10.480236 
2.498011 10.987965 2.484314 10.887557 2.495946 3.124427 2.488141 4.890226 2.514981 3.334257 
2.523418 2.731652 2.485805 3.656314 2.504861 10.536974 2.487416 10.013334 2.498750 3.167065 
2.487149 10.849513 2.495080 3.415969 2.492388 11.297400 2.516033 3.723454 2.501689 5.490087 
2.491535 6.525075 2.463298 4.467706 2.523989 10.344407 2.511148 2.997381 2.501246 2.732639 
2.504340 2.895000 2.509947 7.403180 2.488363 4.705123 2.559951 2.661572 2.506875 11.041939 
2.500239 3.443934 2.527287 10.696441 2.498686 9.943874 2.487222 11.053738 2.543110 10.693098 
2.524259 11.224923 2.497055 3.236047 2.511358 6.758998 2.509769 3.286809 2.483033 2.354118 
2.514085 3.795429 2.479950 2.902557 2.511132 3.601370 2.504990 10.916967 2.488927 10.811433 
2.532433 11.023730 2.467425 10.877869 2.484050 3.093712 2.499609 10.566394 2.525684 10.476590 
2.478572 2.831544 2.511608 10.934232 2.500114 3.451777 2.534597 11.438380 2.487098 7.935678 
2.526758 11.110140 2.529026 9.351844 2.481979 3.861295 2.500630 11.045535 2.457784 5.818617 
2.513230 2.752681 2.527733 9.840546 2.454062 10.138857 2.504899 4.340970 2.510530 2.098511 
2.500653 11.132281 2.509418 10.195002 2.469261 10.710076 2.505626 3.434947 2.505253 10.745260 
2.501938 3.037796 2.543835 10.495825 2.497987 11.066945 2.516028 6.113240 2.463471 10.676457 
2.533394 4.690606 2.491953 11.488232 2.508047 9.325890 2.489740 2.389660 2.460068 11.367029 
2.509688 10.184499 2.497205 2.478977 2.541855 7.424217 2.500038 6.754768 2.514360 11.275025 
2.521923 2.654868 2.511220 4.947235 2.466060 7.940663 2.522862 2.934278 2.436954 5.783025 
2.478715 9.932409 2.500045 4.007650 2.495995 3.506255 2.490685 2.384844 2.483935 11.767528 
2.529091 10.173527 2.461937 10.749144 2.481639 4.600684 2.474979 10.948941 2.498659 1.921931 
2.462863 8.237433 2.510871 11.347191 2.528266 6.581927 2.507480 4.255871 2.459993 6.961559 
2.484985 11.683309 2.474116 3.300571 2.508290 10.849024 2.494197 10.875553 2.519713 8.421702 
2.503571 3.900815 2.504275 6.316769 2.461121 11.117393 2.502867 7.117091 2.562318 6.620762 
2.456487 10.965882 2.513746 2.989517 2.519778 11.106112 2.513054 3.148536 2.498813 11.096915 
2.494435 10.664120 2.518005 3.318093 2.470428 2.455587 2.522043 5.764186 2.514404 2.788193 
2.517969 6.449800 2.455505 11.169899 2.510268 7.366039 2.516923 10.619509 2.560943 3.122552 
2.488294 4.497770 2.495764 11.394537 2.521851 2.587737 2.546377 2.433779 2.488629 10.331773 
2.475384 6.993588 2.512136 10.696359 2.488436 6.028967 2.523815 2.793451 2.522441 2.438402 
2.514342 2.635110 2.475071 2.482580 2.466207 10.994214 2.488243 3.919734 2.529854 3.107350 
2.494953 9.371853 2.483583 6.695556 2.547047 2.813551 2.526975 2.394709 2.422091 3.310129 
2.454851 6.008525 2.523163 3.321144 2.551206 9.247448 2.445317 11.743690 2.528547 7.277846 
2.511785 3.362435 2.477962 9.721277 2.520241 3.085720 2.451221 11.703520 2.491597 2.575626 
2.516359 9.711957 2.549554 10.984890 2.498751 11.748245 2.491850 6.109578 2.555622 7.438905 
2.462848 2.689597 2.471213 6.635371 2.462258 6.473477 2.502018 9.720894 2.529279 10.743037 
2.507163 2.218294 2.506900 11.437114 2.545670 6.524510 2.520962 3.673150 2.505060 7.135892 
2.480994 6.774235 2.532178 10.425072 2.537724 11.891392 2.461467 9.132640 2.539341 2.427730 
2.494013 10.357253 2.484809 3.021096 2.491814 3.806467 2.467459 11.632565 2.517716 10.870978 
2.526391 11.545207 2.498225 7.148757 2.501657 7.353728 2.475385 9.503195 2.500592 11.181538 
2.537361 11.708501 2.422947 7.707858 2.487707 11.294552 2.512454 10.488992 2.513739 2.141732 
2.561420 11.754453 2.474997 8.278269 2.466684 7.244359 2.458372 2.427101 2.489247 6.520781 
2.425923 7.947098 2.523742 11.703836 2.504777 2.178383 2.515471 10.149294 2.552403 5.185513 
2.520969 6.828227 2.490834 2.479658 2.506655 7.390758 2.520342 6.817303 2.462582 5.921145 
2.478278 7.142575 2.539626 8.734992 2.474065 2.375592 2.412191 3.825961 2.516061 7.210900 
2.484987 2.419281 2.481486 6.582739 2.529958 11.184731 2.535344 2.958664 2.490642 10.880975 

Avg Classes:
2.501062 6.987991 2.500831 7.004122 2.500320 6.993248 2.501601 6.996249 2.500578 6.990609 
2.499498 7.005723 2.498374 7.006795 2.501292 7.002107 2.499690 7.004367 2.498954 6.983451 
2.499895 6.977804 2.500798 6.985700 2.497879 6.992608 2.496556 7.012830 2.497165 6.990719 
2.505279 7.053359 2.508546 7.025330 2.503622 7.027224 2.496757 7.017660 2.492969 7.021495 
2.515058 7.299356 2.473616 7.259717 2.514286 7.283912 2.472844 7.284170 2.470785 7.327413 
2.523547 7.069138 2.523547 7.098196 2.523547 7.013026 2.523547 6.972445 2.523547 6.891283 
2.484551 7.143258 2.502809 7.093399 2.549157 7.078652 2.497893 7.214185 2.465590 7.115169 
2.417391 6.704348 2.482609 6.821739 2.565217 6.452174 2.560870 6.960870 2.504348 6.700000 
2.416667 8.583333 2.416667 7.583333 2.416667 8.166667 2.416667 7.083333 2.416667 7.333333 
3.333333 7.666667 3.333333 7.666667 3.333333 12.000000 3.333333 8.000000 3.333333 11.666667 

Cluster 0 is class 0
Cluster 1 is class 0
Cluster 2 is class 0
Cluster 3 is class 1
Cluster 4 is class 9
Cluster 5 is class 0
Cluster 6 is class 8
Cluster 7 is class 0
Cluster 8 is class 0
Cluster 9 is class 0
Cluster 10 is class 7
Cluster 11 is class 7
Cluster 12 is class 7
Cluster 13 is class 8
Cluster 14 is class 8
Cluster 15 is class 0
Cluster 16 is class 0
Cluster 17 is class 0
Cluster 18 is class 0
Cluster 19 is class 0
Cluster 20 is class 0
Cluster 21 is class 0
Cluster 22 is class 0
Cluster 23 is class 0
Cluster 24 is class 0
Cluster 25 is class 8
Cluster 26 is class 0
Cluster 27 is class 0
Cluster 28 is class 9
Cluster 29 is class 0
Cluster 30 is class 0
Cluster 31 is class 0
Cluster 32 is class 7
Cluster 33 is class 4
Cluster 34 is class 0
Cluster 35 is class 8
Cluster 36 is class 9
Cluster 37 is class 0
Cluster 38 is class 3
Cluster 39 is class 0
Cluster 40 is class 0
Cluster 41 is class 0
Cluster 42 is class 8
Cluster 43 is class 4
Cluster 44 is class 0
Cluster 45 is class 9
Cluster 46 is class 7
Cluster 47 is class 0
Cluster 48 is class 0
Cluster 49 is class 0
Cluster 50 is class 0
Cluster 51 is class 0
Cluster 52 is class 0
Cluster 53 is class 0
Cluster 54 is class 8
Cluster 55 is class 0
Cluster 56 is class 0
Cluster 57 is class 0
Cluster 58 is class 0
Cluster 59 is class 8
Cluster 60 is class 8
Cluster 61 is class 8
Cluster 62 is class 0
Cluster 63 is class 0
Cluster 64 is class 0
Cluster 65 is class 9

Overall Accuracy is 0.355069

