----------------------------For Number of clusters 16----------------------------
Avg Clusters:
2.497148 9.898840 2.478623 9.766399 2.493710 4.036772 2.504703 9.837940 2.497853 4.002380 
2.507901 4.344234 2.503431 4.073570 2.498744 9.962103 2.483643 4.620406 2.490662 4.004228 
2.494601 4.436147 2.504082 4.117534 2.507686 9.735799 2.488658 10.171720 2.501037 10.049505 
2.496505 10.352661 2.500722 4.387382 2.504415 10.068886 2.502518 9.890454 2.493002 4.046060 
2.498928 9.722324 2.491620 9.977163 2.499325 4.181190 2.494466 3.934877 2.492798 10.004197 
2.496749 9.561262 2.503576 10.261466 2.506930 10.021632 2.512604 3.842544 2.518633 4.031414 
2.492725 3.579012 2.506700 9.957377 2.500093 4.091805 2.528058 4.261410 2.486212 4.279363 
2.495807 10.070132 2.498518 4.111682 2.493382 9.955200 2.506729 3.885813 2.502021 10.193640 
2.499931 10.127910 2.509539 3.751876 2.498992 3.582337 2.488394 4.282421 2.499583 4.269459 
2.507309 9.073344 2.507579 10.563880 2.502847 9.712280 2.506502 10.223821 2.495172 10.216165 
2.510884 3.493122 2.504208 10.052849 2.509830 9.620395 2.500835 10.377286 2.505367 4.073177 
2.511697 3.515590 2.515383 9.744217 2.492741 9.997085 2.505943 3.709877 2.488716 10.329315 
2.488630 3.936158 2.500382 3.885446 2.492467 3.528597 2.508762 10.406556 2.494757 4.646597 
2.508184 3.867321 2.505082 9.812950 2.508750 3.367838 2.484929 9.808365 2.510271 10.452525 
2.502485 10.249888 2.489311 3.788113 2.489506 3.949761 2.494631 9.993374 2.507395 10.328442 
2.504005 3.919791 2.484683 3.649707 2.517209 4.021845 2.498602 3.767109 2.516473 10.242478 

Avg Classes:
2.501062 6.987991 2.500831 7.004122 2.500320 6.993248 2.501601 6.996249 2.500578 6.990609 
2.499498 7.005723 2.498374 7.006795 2.501292 7.002107 2.499690 7.004367 2.498954 6.983451 
2.499895 6.977804 2.500798 6.985700 2.497879 6.992608 2.496556 7.012830 2.497165 6.990719 
2.505279 7.053359 2.508546 7.025330 2.503622 7.027224 2.496757 7.017660 2.492969 7.021495 
2.515058 7.299356 2.473616 7.259717 2.514286 7.283912 2.472844 7.284170 2.470785 7.327413 
2.523547 7.069138 2.523547 7.098196 2.523547 7.013026 2.523547 6.972445 2.523547 6.891283 
2.484551 7.143258 2.502809 7.093399 2.549157 7.078652 2.497893 7.214185 2.465590 7.115169 
2.417391 6.704348 2.482609 6.821739 2.565217 6.452174 2.560870 6.960870 2.504348 6.700000 
2.416667 8.583333 2.416667 7.583333 2.416667 8.166667 2.416667 7.083333 2.416667 7.333333 
3.333333 7.666667 3.333333 7.666667 3.333333 12.000000 3.333333 8.000000 3.333333 11.666667 

Cluster 0 is class 0
Cluster 1 is class 0
Cluster 2 is class 0
Cluster 3 is class 8
Cluster 4 is class 0
Cluster 5 is class 8
Cluster 6 is class 0
Cluster 7 is class 8
Cluster 8 is class 0
Cluster 9 is class 8
Cluster 10 is class 0
Cluster 11 is class 0
Cluster 12 is class 0
Cluster 13 is class 7
Cluster 14 is class 4
Cluster 15 is class 7

Overall Accuracy is 0.295931

