Avg Clusters:
2.493864 10.693746 2.518722 10.523976 2.515154 10.335268 2.503352 3.048030 2.508096 4.376436 
2.486217 3.846442 2.534133 3.120418 2.471976 4.219800 2.515463 10.179788 2.505880 3.333575 
2.490944 9.607867 2.495296 4.371493 2.495586 3.231939 2.470759 11.167986 2.472210 8.220168 
2.496697 2.945341 2.498935 10.516445 2.525218 4.136142 2.530236 3.748583 2.487924 10.190982 
2.483236 11.104811 2.505329 9.793959 2.473657 8.819374 2.496052 3.557195 2.485523 11.011435 
2.476556 10.570255 2.474153 3.196427 2.503061 10.428040 2.519027 3.831551 2.503178 3.771449 
2.515150 9.568466 2.459185 10.166198 2.511259 7.889022 2.506251 11.211979 2.502525 4.358432 
2.495868 4.144953 2.491737 4.314117 2.491003 9.852923 2.518998 2.596339 2.488146 10.541509 
2.502290 4.297052 2.528700 7.713352 2.464942 10.324663 2.469432 11.107287 2.502023 10.718465 
2.521537 10.728642 2.521895 3.518409 2.465773 3.014164 2.480027 3.475380 2.500894 4.487444 
2.487261 10.681109 2.496329 2.874526 2.519889 10.505254 2.490667 4.114246 2.506502 10.630152 
2.516157 3.410426 2.486900 3.464847 2.495961 2.828876 2.467631 9.638264 2.503330 10.934989 
2.514888 2.870560 2.528147 6.237817 2.512590 9.801867 2.470752 7.784634 2.500287 3.586501 
2.507166 11.012803 2.514667 3.635439 2.498185 4.482419 2.539127 10.401921 2.524795 2.789461 
2.515011 3.423166 2.506906 10.887147 2.485196 3.799644 2.494459 10.324580 2.519477 3.540940 
2.481327 10.346808 2.503860 3.884363 2.512518 3.742698 2.490507 2.693511 2.494993 10.579074 
2.503202 6.981225 2.512092 11.134722 2.527572 2.808704 2.489400 9.226422 2.482499 8.303637 
2.477327 2.856380 2.491036 10.923280 2.500330 4.203071 2.488795 10.207356 2.520498 11.224624 
2.495687 10.848909 2.487126 10.812835 2.510979 2.994380 2.485819 9.525225 2.481963 2.815188 
2.490306 9.903617 2.491051 10.946744 2.517959 7.506276 2.492854 10.490616 2.474957 11.109806 
2.493211 10.378152 2.541632 10.671516 2.506789 11.862289 2.514755 9.059019 2.500970 9.334372 
2.523065 10.977823 2.503226 4.325968 2.501694 2.669113 2.524597 7.263065 2.531048 11.118226 
2.483487 6.071050 2.523159 8.389252 2.516049 3.989077 2.524911 2.660467 2.473955 4.595239 
2.508737 3.189105 2.488555 11.101813 2.489376 8.014357 2.521044 10.595865 2.502830 7.442612 
2.482129 9.761782 2.531721 6.111215 2.505898 11.171254 2.508481 10.546687 2.487470 3.218088 
2.524867 11.376125 2.503449 9.826687 2.515144 3.631299 2.522896 5.387162 2.493200 7.453124 
2.518582 2.661799 2.539386 3.707691 2.515892 3.644837 2.454246 3.498820 2.473733 4.239721 
2.500410 3.928587 2.488570 10.043190 2.518654 10.689999 2.481719 11.380520 2.537568 2.646511 
2.485882 9.935663 2.463277 11.183738 2.511634 3.122464 2.465182 2.391074 2.522812 10.561232 
2.487234 3.411795 2.480352 3.123609 2.514181 3.479967 2.525950 3.359058 2.513602 10.596116 
2.485118 6.582043 2.533970 2.748533 2.529374 8.821562 2.460163 10.862778 2.528031 6.692188 
2.542013 9.784127 2.533144 6.868520 2.497943 11.238182 2.504160 3.093353 2.490537 7.845204 
2.507480 6.274614 2.468943 2.806767 2.458839 7.318007 2.515470 3.432521 2.509360 3.400329 
2.472125 2.633852 2.448686 2.928846 2.538339 11.564959 2.529299 10.315252 2.490792 7.747447 
2.506566 3.569858 2.505459 2.747627 2.486788 10.187104 2.489557 7.242405 2.507437 11.326741 
2.515376 3.052269 2.479979 10.627336 2.500801 10.813561 2.488041 2.958729 2.506514 6.420128 
2.449594 6.518395 2.546345 11.137203 2.494665 10.492833 2.515687 6.266921 2.591257 2.724240 
2.544191 9.095973 2.475492 10.942365 2.467644 2.874437 2.491059 6.605043 2.485527 11.924096 
2.566036 3.449559 2.508604 3.050441 2.481716 10.378576 2.515057 11.471284 2.488707 2.400946 
2.523099 11.413502 2.510224 2.141296 2.475062 10.579033 2.492589 10.221898 2.490533 3.757546 
2.493229 3.388715 2.475174 2.904948 2.501736 11.235677 2.495399 3.404340 2.511458 6.066406 
2.528209 5.338088 2.522532 10.827833 2.464410 10.352991 2.502165 2.926407 2.496913 11.355262 
2.547010 11.256502 2.497758 5.569880 2.478326 9.927504 2.549626 10.309940 2.510389 10.889462 
2.429162 6.968252 2.475078 7.362978 2.541572 3.136711 2.484798 11.419442 2.473423 3.085626 
2.529526 4.614041 2.518249 7.882988 2.462471 2.756032 2.535346 11.905784 2.491694 10.219352 
2.541145 11.258122 2.482998 9.251675 2.521426 2.828467 2.495513 11.160157 2.534699 11.483757 
2.509929 6.203039 2.523060 6.812371 2.520347 4.299186 2.467499 6.720022 2.501574 10.326424 
2.516085 7.675571 2.492554 2.594521 2.522792 10.026827 2.482437 11.117881 2.501421 11.683756 
2.516139 5.310557 2.446718 8.071010 2.481279 10.774754 2.507002 2.442447 2.486046 2.388519 
2.478074 7.675736 2.491071 11.777279 2.494437 4.348948 2.520711 3.831510 2.479663 2.515942 
2.488270 2.241650 2.513320 10.830119 2.493340 6.592346 2.532207 3.699205 2.451491 3.005368 
2.488292 11.356898 2.487248 10.707681 2.460104 3.107532 2.509918 11.636391 2.540940 7.039821 
2.477975 6.839187 2.472571 2.420416 2.498767 2.887466 2.531305 6.789146 2.457418 6.459063 
2.497159 7.896401 2.503424 2.277575 2.491913 6.064403 2.459566 6.675943 2.517121 11.366604 
2.456978 11.477278 2.510611 3.418800 2.517186 6.892734 2.530334 6.976125 2.486159 7.001961 
2.510477 6.383881 2.517793 6.974334 2.513081 11.219095 2.518785 7.071172 2.479603 7.384501 
2.501340 2.080902 2.499290 11.452452 2.463334 11.220155 2.507491 7.610156 2.451979 4.019082 
2.478613 2.650281 2.573402 10.849957 2.509574 10.969706 2.512432 7.107650 2.475564 11.225779 
2.442601 2.158672 2.411798 6.166742 2.559900 3.194021 2.520914 10.281541 2.503751 6.062855 
2.480080 11.313581 2.502288 7.027675 2.552728 6.118067 2.493360 2.830376 2.477179 2.709965 
2.505286 2.668488 2.481055 3.354436 2.529992 6.889179 2.570733 11.581067 2.464544 10.513481 
2.512929 5.938057 2.570197 7.338641 2.451570 2.843243 2.528999 2.283419 2.512929 11.252593 
2.504644 4.352305 2.474244 11.367168 2.575410 11.947982 2.504138 11.514947 2.504307 7.744469 
2.508050 11.459051 2.458631 2.446311 2.482990 5.497970 2.440011 11.185216 2.518410 11.257315 
2.541574 7.134244 2.492578 11.559569 2.456850 7.469329 2.487850 5.321818 2.464731 7.490608 
2.537551 2.785401 2.473317 3.550365 2.504298 10.830008 2.497324 3.158313 2.495053 2.020600 
2.531546 2.212564 2.455321 6.051855 2.539399 7.002166 2.494178 6.299621 2.562415 9.316545 
2.464108 11.065200 2.481452 2.968042 2.543922 11.689417 2.493335 10.978320 2.521118 8.120925 
2.498394 11.554399 2.481053 9.112781 2.514579 8.018112 2.515350 7.066795 2.479512 2.634811 
2.518013 7.584007 2.453535 6.926768 2.476599 10.058923 2.510774 5.834175 2.482828 11.998316 
2.534830 2.736608 2.461465 10.801186 2.480944 2.055579 2.491637 4.503070 2.508046 4.149375 
2.501692 6.730899 2.488864 2.774457 2.518748 11.094305 2.410770 7.810403 2.439808 2.676064 
2.496938 11.219237 2.479259 11.458241 2.514059 11.773246 2.502366 9.493458 2.531459 3.288976 
2.501594 11.607835 2.443825 10.738911 2.443692 2.469588 2.484993 3.214608 2.558699 3.242762 
2.499104 7.709165 2.517921 5.918203 2.483103 2.637481 2.454685 6.449181 2.491423 2.409754 

Avg Classes:
2.501062 6.987991 2.500831 7.004122 2.500320 6.993248 2.501601 6.996249 2.500578 6.990609 
2.499498 7.005723 2.498374 7.006795 2.501292 7.002107 2.499690 7.004367 2.498954 6.983451 
2.499895 6.977804 2.500798 6.985700 2.497879 6.992608 2.496556 7.012830 2.497165 6.990719 
2.505279 7.053359 2.508546 7.025330 2.503622 7.027224 2.496757 7.017660 2.492969 7.021495 
2.515058 7.299356 2.473616 7.259717 2.514286 7.283912 2.472844 7.284170 2.470785 7.327413 
2.523547 7.069138 2.523547 7.098196 2.523547 7.013026 2.523547 6.972445 2.523547 6.891283 
2.484551 7.143258 2.502809 7.093399 2.549157 7.078652 2.497893 7.214185 2.465590 7.115169 
2.417391 6.704348 2.482609 6.821739 2.565217 6.452174 2.560870 6.960870 2.504348 6.700000 
2.416667 8.583333 2.416667 7.583333 2.416667 8.166667 2.416667 7.083333 2.416667 7.333333 
3.333333 7.666667 3.333333 7.666667 3.333333 12.000000 3.333333 8.000000 3.333333 11.666667 

Cluster 0 is class 8
Cluster 1 is class 7
Cluster 2 is class 0
Cluster 3 is class 0
Cluster 4 is class 8
Cluster 5 is class 0
Cluster 6 is class 8
Cluster 7 is class 0
Cluster 8 is class 9
Cluster 9 is class 0
Cluster 10 is class 3
Cluster 11 is class 7
Cluster 12 is class 0
Cluster 13 is class 0
Cluster 14 is class 0
Cluster 15 is class 0
Cluster 16 is class 0
Cluster 17 is class 0
Cluster 18 is class 0
Cluster 19 is class 4
Cluster 20 is class 8
Cluster 21 is class 0
Cluster 22 is class 5
Cluster 23 is class 0
Cluster 24 is class 8
Cluster 25 is class 0
Cluster 26 is class 0
Cluster 27 is class 0
Cluster 28 is class 0
Cluster 29 is class 7
Cluster 30 is class 6
Cluster 31 is class 8
Cluster 32 is class 0
Cluster 33 is class 0
Cluster 34 is class 9
Cluster 35 is class 0
Cluster 36 is class 0
Cluster 37 is class 0
Cluster 38 is class 0
Cluster 39 is class 0
Cluster 40 is class 0
Cluster 41 is class 9
Cluster 42 is class 9
Cluster 43 is class 7
Cluster 44 is class 0
Cluster 45 is class 0
Cluster 46 is class 0
Cluster 47 is class 9
Cluster 48 is class 0
Cluster 49 is class 0
Cluster 50 is class 5
Cluster 51 is class 8
Cluster 52 is class 7
Cluster 53 is class 0
Cluster 54 is class 0
Cluster 55 is class 8
Cluster 56 is class 0
Cluster 57 is class 9
Cluster 58 is class 7
Cluster 59 is class 0
Cluster 60 is class 0
Cluster 61 is class 0
Cluster 62 is class 9
Cluster 63 is class 0
Cluster 64 is class 0
Cluster 65 is class 0
Cluster 66 is class 0
Cluster 67 is class 8
Cluster 68 is class 8
Cluster 69 is class 9
Cluster 70 is class 7
Cluster 71 is class 0
Cluster 72 is class 8
Cluster 73 is class 0
Cluster 74 is class 7

Overall Accuracy is 0.303988

