Avg Clusters:
2.509960 3.619926 2.482889 10.047772 2.507797 9.947661 2.491031 10.858006 2.475408 4.293423 
2.499563 11.001812 2.514058 8.629728 2.483839 9.800563 2.506617 3.711328 2.493933 10.268612 
2.508556 2.773249 2.497827 9.526450 2.477505 10.448569 2.510631 3.273582 2.500764 4.543600 
2.481101 3.709788 2.507526 3.485883 2.497348 10.532295 2.509365 9.941234 2.493578 10.004200 
2.514976 7.975902 2.504195 10.022741 2.496626 2.993610 2.500732 4.192175 2.490129 11.060726 
2.500094 4.266234 2.481643 3.779314 2.518232 3.335945 2.497690 3.820024 2.513955 10.563374 
2.500081 10.993948 2.490007 3.477984 2.497928 3.678893 2.467707 3.003534 2.496507 9.291494 
2.496439 9.945892 2.496219 7.522686 2.484216 3.857059 2.479297 10.973020 2.477792 4.056567 
2.477989 10.491103 2.529969 3.549457 2.500866 10.892282 2.497513 10.225640 2.488893 3.754725 
2.538510 10.406232 2.486676 10.001128 2.531994 6.608303 2.480327 10.467922 2.466085 10.786484 
2.478805 3.349365 2.523010 9.022654 2.516302 2.914117 2.502204 10.200642 2.506903 9.817540 
2.484892 11.185466 2.514305 10.721480 2.507042 9.780587 2.494483 3.858914 2.502428 3.862847 
2.488653 10.723803 2.488739 9.781742 2.509456 3.063440 2.500516 3.836543 2.497722 3.358592 
2.479821 3.718107 2.514828 3.967171 2.499389 2.798020 2.488000 9.932584 2.504357 3.965642 
2.508159 3.942106 2.505439 3.585649 2.497429 10.790627 2.485508 3.170479 2.473325 9.948700 
2.504662 4.238943 2.462128 3.093466 2.504854 9.943674 2.491370 4.292688 2.507166 2.974958 
2.478459 9.736477 2.521806 10.882926 2.498412 11.571716 2.528104 9.765905 2.506351 9.453689 
2.517231 10.578727 2.467814 10.651990 2.509021 9.875281 2.512524 10.695079 2.508759 3.255399 
2.523015 3.271842 2.519095 3.705173 2.507988 11.181802 2.480905 10.567084 2.496229 3.311932 
2.519193 4.800543 2.468160 3.074279 2.489936 3.762513 2.491361 10.914143 2.491494 10.566931 
2.495307 10.757850 2.491116 2.798469 2.479439 3.763214 2.470555 10.398424 2.509834 7.206895 
2.500135 2.566610 2.500225 10.714241 2.515268 4.198433 2.539092 3.749505 2.499730 9.798955 
2.507937 10.057490 2.466853 11.244631 2.477925 2.297586 2.514873 10.315660 2.530212 9.073830 
2.501948 9.883438 2.514062 3.419331 2.485382 4.095758 2.492530 3.770044 2.470999 2.902573 
2.525758 3.343552 2.522992 9.536418 2.510372 10.616284 2.476201 10.705659 2.525412 11.017114 
2.478034 10.835979 2.503009 3.298991 2.496422 10.850908 2.518838 3.142268 2.503910 4.560258 
2.518785 3.360360 2.511259 7.297782 2.501018 3.295858 2.496605 3.420788 2.471993 3.620629 
2.516646 3.367044 2.513375 2.289057 2.481593 3.738784 2.493166 3.721090 2.491908 4.040000 
2.516897 3.511951 2.491950 11.046156 2.479092 3.625529 2.487884 10.890488 2.519589 3.593219 
2.493798 10.941399 2.496854 2.994427 2.528402 3.423153 2.573611 9.746450 2.516987 2.286356 
2.479352 10.496030 2.480953 3.229368 2.496164 4.604510 2.513977 7.832344 2.528921 11.680366 
2.521343 6.697796 2.504153 11.152630 2.476407 10.248616 2.515344 3.068124 2.490251 10.401880 
2.488181 10.599460 2.547005 5.189099 2.526713 3.368052 2.526282 11.816406 2.501565 11.224933 
2.524899 10.370473 2.489940 3.499162 2.520205 7.809691 2.515426 6.778756 2.518360 6.644366 
2.510691 10.935667 2.569253 7.478997 2.502460 2.868023 2.512488 5.858278 2.510028 7.675781 
2.499177 2.774641 2.555556 11.032855 2.495334 10.600878 2.553987 6.261350 2.459029 10.081157 
2.487933 2.341416 2.511043 9.293830 2.528916 10.019923 2.478939 2.254098 2.508652 10.891052 
2.459268 9.958740 2.499223 2.818927 2.521842 10.591064 2.518238 3.805630 2.523520 11.159759 
2.548119 7.171640 2.524457 6.873300 2.500353 11.232651 2.475278 6.412767 2.488434 6.387427 
2.469555 4.317691 2.490452 11.679877 2.484327 6.431994 2.485588 10.840299 2.517024 10.064943 
2.484864 7.230820 2.513644 11.240027 2.485029 5.990711 2.501866 6.692378 2.486688 5.461226 
2.502101 10.643498 2.422942 6.826008 2.499716 9.939125 2.482340 6.308461 2.521522 2.046337 
2.463822 5.170568 2.517025 11.660247 2.515110 2.467014 2.504469 2.784529 2.464461 4.832624 
2.499843 11.488871 2.454937 4.125549 2.496082 11.004937 2.512618 9.513715 2.467633 10.652273 
2.505885 8.280277 2.492355 6.069189 2.501925 10.299637 2.495765 11.922891 2.545595 7.793752 
2.481055 6.085379 2.500253 5.276852 2.460240 6.977367 2.508841 2.273921 2.523896 6.991108 
2.476807 2.422583 2.496516 11.253375 2.502613 6.530597 2.524717 5.079813 2.479312 2.746407 
2.556267 8.990124 2.531924 2.619001 2.533315 10.042982 2.459313 11.763110 2.539574 11.307553 
2.533770 7.153603 2.539191 8.660718 2.523718 11.317597 2.514683 2.256720 2.467698 2.760221 
2.505086 4.944000 2.460840 6.875457 2.514074 7.193877 2.474568 6.795457 2.517926 11.460148 
2.504163 2.699058 2.493641 3.549273 2.484308 6.894775 2.564187 10.937506 2.490164 4.405252 
2.521698 5.037332 2.438005 10.317520 2.465633 2.237736 2.503235 7.218059 2.550404 2.494744 
2.524852 11.669855 2.457536 11.409619 2.508761 4.660200 2.468085 2.872698 2.508761 9.511622 
2.556347 2.423529 2.493086 2.798865 2.495872 6.604747 2.496285 6.692054 2.514654 8.989783 
2.462433 5.717033 2.484392 6.647122 2.575074 7.299822 2.469911 8.754303 2.539703 2.281187 
2.488922 10.931553 2.487339 11.752918 2.504847 3.508605 2.513056 10.339367 2.509496 2.901682 
2.464707 5.705856 2.544088 11.422400 2.500668 11.508350 2.481407 6.998664 2.579826 2.723892 
2.483149 7.263806 2.459360 10.775984 2.502974 6.558199 2.538516 2.331068 2.511328 2.730671 
2.495425 7.650238 2.543980 2.459436 2.491887 7.031963 2.515310 11.471880 2.471880 3.255459 

Avg Classes:
2.501062 6.987991 2.500831 7.004122 2.500320 6.993248 2.501601 6.996249 2.500578 6.990609 
2.499498 7.005723 2.498374 7.006795 2.501292 7.002107 2.499690 7.004367 2.498954 6.983451 
2.499895 6.977804 2.500798 6.985700 2.497879 6.992608 2.496556 7.012830 2.497165 6.990719 
2.505279 7.053359 2.508546 7.025330 2.503622 7.027224 2.496757 7.017660 2.492969 7.021495 
2.515058 7.299356 2.473616 7.259717 2.514286 7.283912 2.472844 7.284170 2.470785 7.327413 
2.523547 7.069138 2.523547 7.098196 2.523547 7.013026 2.523547 6.972445 2.523547 6.891283 
2.484551 7.143258 2.502809 7.093399 2.549157 7.078652 2.497893 7.214185 2.465590 7.115169 
2.417391 6.704348 2.482609 6.821739 2.565217 6.452174 2.560870 6.960870 2.504348 6.700000 
2.416667 8.583333 2.416667 7.583333 2.416667 8.166667 2.416667 7.083333 2.416667 7.333333 
3.333333 7.666667 3.333333 7.666667 3.333333 12.000000 3.333333 8.000000 3.333333 11.666667 

Cluster 0 is class 0
Cluster 1 is class 8
Cluster 2 is class 0
Cluster 3 is class 9
Cluster 4 is class 0
Cluster 5 is class 0
Cluster 6 is class 0
Cluster 7 is class 0
Cluster 8 is class 0
Cluster 9 is class 8
Cluster 10 is class 7
Cluster 11 is class 8
Cluster 12 is class 0
Cluster 13 is class 7
Cluster 14 is class 0
Cluster 15 is class 0
Cluster 16 is class 8
Cluster 17 is class 8
Cluster 18 is class 0
Cluster 19 is class 0
Cluster 20 is class 0
Cluster 21 is class 0
Cluster 22 is class 4
Cluster 23 is class 0
Cluster 24 is class 9
Cluster 25 is class 3
Cluster 26 is class 7
Cluster 27 is class 7
Cluster 28 is class 7
Cluster 29 is class 0
Cluster 30 is class 0
Cluster 31 is class 8
Cluster 32 is class 0
Cluster 33 is class 0
Cluster 34 is class 0
Cluster 35 is class 9
Cluster 36 is class 0
Cluster 37 is class 8
Cluster 38 is class 8
Cluster 39 is class 0
Cluster 40 is class 0
Cluster 41 is class 0
Cluster 42 is class 7
Cluster 43 is class 9
Cluster 44 is class 4
Cluster 45 is class 0
Cluster 46 is class 0
Cluster 47 is class 9
Cluster 48 is class 0
Cluster 49 is class 0
Cluster 50 is class 7
Cluster 51 is class 0
Cluster 52 is class 8
Cluster 53 is class 0
Cluster 54 is class 7
Cluster 55 is class 0
Cluster 56 is class 0
Cluster 57 is class 0
Cluster 58 is class 0

Overall Accuracy is 0.302668

