----------------------------For Number of clusters 40----------------------------
Avg Clusters:
2.524926 3.312392 2.504493 9.913773 2.499645 4.360138 2.463270 7.459793 2.530003 9.558559 
2.495407 4.262664 2.499164 3.663368 2.487616 9.900321 2.504279 4.174709 2.496075 9.705369 
2.524832 3.038753 2.481548 9.781882 2.495618 3.906487 2.513534 9.984260 2.512371 3.406844 
2.487646 3.545386 2.501031 9.730546 2.493054 10.872206 2.491447 9.968145 2.500281 4.290655 
2.497465 9.812431 2.495371 3.718228 2.498832 4.493322 2.497884 10.290787 2.508816 10.348755 
2.469507 4.382949 2.521442 2.923654 2.467640 4.832513 2.500622 10.094507 2.508741 3.794439 
2.502431 10.107324 2.507240 3.672408 2.492760 4.014402 2.491819 4.060301 2.487323 3.700690 
2.507946 10.371388 2.475096 10.932169 2.498220 4.860274 2.499005 4.146032 2.482944 10.323037 
2.510733 4.358703 2.503234 4.345688 2.501087 10.369246 2.494511 10.889381 2.492962 10.233194 
2.523309 10.839423 2.480206 3.967109 2.510842 11.092573 2.509881 9.401293 2.501426 9.365882 
2.474418 5.106738 2.524070 10.329581 2.527262 4.211837 2.504621 11.621188 2.473830 10.761405 
2.504249 4.690812 2.544280 10.900072 2.493297 10.905925 2.506628 9.068583 2.509725 10.595453 
2.481071 9.774677 2.488781 3.998259 2.509727 10.864126 2.505996 3.643141 2.486432 3.772355 
2.495734 10.022444 2.522949 10.890102 2.514142 10.666422 2.518668 4.464514 2.517781 4.076232 
2.481230 4.363562 2.500744 10.028119 2.482338 4.140828 2.531896 3.218796 2.473967 3.772861 
2.501948 11.121409 2.500879 4.250115 2.505921 3.963936 2.518834 10.676421 2.497249 3.625306 
2.491205 10.923378 2.489928 10.629001 2.529763 9.498908 2.502575 10.533553 2.483502 9.671102 
2.526688 3.070606 2.474135 4.284705 2.485983 10.090566 2.489646 4.048217 2.510503 3.162929 
2.515333 10.022335 2.523545 9.207442 2.464236 10.922045 2.497917 3.259571 2.502678 10.670171 
2.516249 4.147767 2.486063 3.498198 2.518118 3.374771 2.493201 3.812632 2.508702 10.390339 
2.499937 3.355524 2.498544 10.802904 2.476044 10.536831 2.515809 3.096289 2.502976 4.635823 
2.473875 10.681056 2.491711 2.949194 2.520676 9.086197 2.496275 3.197402 2.501164 10.627689 
2.528856 4.217383 2.502678 3.167497 2.545624 10.992128 2.466813 10.641763 2.479342 3.554800 
2.485083 11.026896 2.494403 3.841361 2.493593 2.829965 2.499215 3.684040 2.505040 10.140202 
2.513875 10.864617 2.478867 10.535885 2.475452 2.816233 2.506855 10.411745 2.514017 8.551966 
2.475057 10.698925 2.540634 4.138908 2.479994 10.389497 2.499838 10.558125 2.501592 3.181688 
2.494409 7.328293 2.549406 8.101343 2.485055 2.793375 2.502567 3.722765 2.516211 10.824601 
2.523198 10.626377 2.463562 10.327455 2.514866 10.064373 2.501455 10.851567 2.492781 3.100154 
2.480601 5.013149 2.453002 5.623365 2.503215 2.253667 2.471931 10.141970 2.492305 7.064735 
2.497930 3.223814 2.525683 3.521262 2.517513 3.359557 2.486124 3.660419 2.468162 3.778145 
2.510319 10.872374 2.481046 9.847572 2.535734 6.006798 2.476575 2.896871 2.499969 3.266826 
2.463550 3.175819 2.500655 10.953782 2.527695 4.547767 2.556820 2.524419 2.482370 10.549672 
2.491815 6.901867 2.541987 7.397929 2.558977 8.414388 2.512433 7.099637 2.582161 3.218122 
2.506062 10.557102 2.478291 11.034815 2.505081 3.357506 2.502079 8.510681 2.487356 2.842898 
2.525329 2.878194 2.487504 3.348812 2.506304 3.890071 2.523866 10.567263 2.493865 10.954970 
2.459837 8.056426 2.476299 8.976200 2.519338 3.311285 2.454978 11.845597 2.501190 2.874058 
2.513941 11.198728 2.542103 6.523110 2.483346 6.822043 2.502152 6.419068 2.486059 7.520584 
2.526625 6.665409 2.474319 11.786688 2.495073 7.518239 2.512683 10.977044 2.532600 4.022746 
2.511472 3.134639 2.499496 9.757639 2.518187 10.669558 2.489591 3.355456 2.481253 10.966760 
2.489908 10.562094 2.493072 10.234776 2.489993 1.969381 2.480585 3.133938 2.502224 4.773093 

Avg Classes:
2.501062 6.987991 2.500831 7.004122 2.500320 6.993248 2.501601 6.996249 2.500578 6.990609 
2.499498 7.005723 2.498374 7.006795 2.501292 7.002107 2.499690 7.004367 2.498954 6.983451 
2.499895 6.977804 2.500798 6.985700 2.497879 6.992608 2.496556 7.012830 2.497165 6.990719 
2.505279 7.053359 2.508546 7.025330 2.503622 7.027224 2.496757 7.017660 2.492969 7.021495 
2.515058 7.299356 2.473616 7.259717 2.514286 7.283912 2.472844 7.284170 2.470785 7.327413 
2.523547 7.069138 2.523547 7.098196 2.523547 7.013026 2.523547 6.972445 2.523547 6.891283 
2.484551 7.143258 2.502809 7.093399 2.549157 7.078652 2.497893 7.214185 2.465590 7.115169 
2.417391 6.704348 2.482609 6.821739 2.565217 6.452174 2.560870 6.960870 2.504348 6.700000 
2.416667 8.583333 2.416667 7.583333 2.416667 8.166667 2.416667 7.083333 2.416667 7.333333 
3.333333 7.666667 3.333333 7.666667 3.333333 12.000000 3.333333 8.000000 3.333333 11.666667 

Cluster 0 is class 0
Cluster 1 is class 0
Cluster 2 is class 7
Cluster 3 is class 0
Cluster 4 is class 0
Cluster 5 is class 0
Cluster 6 is class 5
Cluster 7 is class 4
Cluster 8 is class 4
Cluster 9 is class 9
Cluster 10 is class 0
Cluster 11 is class 9
Cluster 12 is class 8
Cluster 13 is class 8
Cluster 14 is class 0
Cluster 15 is class 0
Cluster 16 is class 8
Cluster 17 is class 0
Cluster 18 is class 8
Cluster 19 is class 0
Cluster 20 is class 0
Cluster 21 is class 0
Cluster 22 is class 0
Cluster 23 is class 7
Cluster 24 is class 0
Cluster 25 is class 0
Cluster 26 is class 0
Cluster 27 is class 8
Cluster 28 is class 7
Cluster 29 is class 0
Cluster 30 is class 0
Cluster 31 is class 0
Cluster 32 is class 5
Cluster 33 is class 0
Cluster 34 is class 0
Cluster 35 is class 0
Cluster 36 is class 8
Cluster 37 is class 0
Cluster 38 is class 4
Cluster 39 is class 0

Overall Accuracy is 0.305868

