----------------------------For Number of clusters 21----------------------------
Avg Clusters:
2.506539 4.580050 2.504911 9.185318 2.510543 4.057437 2.477618 10.329761 2.498373 10.316065 
2.492620 4.941625 2.508696 3.540373 2.488625 3.928339 2.501403 9.601252 2.494919 3.991074 
2.501315 9.962860 2.500279 9.890954 2.502144 10.018921 2.511182 8.970479 2.501315 10.136319 
2.502152 4.594114 2.492496 4.882727 2.497216 10.189118 2.494705 3.542473 2.502195 4.088088 
2.498246 10.008355 2.509376 10.162085 2.508100 9.273814 2.507415 3.587572 2.505278 3.989237 
2.493700 3.625506 2.507439 10.474286 2.506748 10.179612 2.512535 9.526367 2.500103 4.469601 
2.499666 10.420430 2.480652 3.924982 2.484712 4.348663 2.502671 10.284715 2.512898 9.717587 
2.508000 10.077587 2.489699 10.353691 2.494596 3.879219 2.486716 3.915545 2.492681 9.621748 
2.493040 9.339425 2.495849 3.748076 2.492382 10.301310 2.504560 3.805123 2.499671 10.143464 
2.495499 4.071310 2.509513 9.455264 2.502235 3.765502 2.520599 3.559812 2.476073 3.828552 
2.492718 3.323661 2.506082 9.299389 2.506327 4.419739 2.535808 3.466810 2.502727 10.743618 
2.510616 3.456939 2.484712 2.767957 2.514190 4.850926 2.490481 4.938007 2.506389 10.048819 
2.517592 4.059092 2.500818 3.435974 2.510854 10.595574 2.478884 10.617508 2.508655 4.310854 
2.500882 10.691591 2.509376 4.150559 2.503720 4.023613 2.499011 4.583914 2.492538 3.390344 
2.521492 3.722207 2.518431 9.908105 2.489725 10.961253 2.495579 4.014426 2.490068 10.225550 
2.525619 10.477809 2.462631 9.125371 2.497710 9.328850 2.502434 10.822067 2.514847 3.265545 
2.482396 10.918449 2.517577 3.017495 2.517001 10.383953 2.504908 9.244516 2.486673 4.479955 
2.490591 4.363577 2.510187 4.225021 2.509284 10.295830 2.501355 10.477217 2.491368 10.931299 
2.483800 10.276969 2.494321 10.379168 2.499084 3.029835 2.492620 9.922900 2.494138 4.101727 
2.496019 10.315420 2.507551 3.598282 2.499274 3.263837 2.489036 3.308477 2.506296 10.270388 
2.501557 3.191060 2.476727 10.454765 2.487380 3.535073 2.499549 10.606162 2.526141 3.718512 

Avg Classes:
2.501062 6.987991 2.500831 7.004122 2.500320 6.993248 2.501601 6.996249 2.500578 6.990609 
2.499498 7.005723 2.498374 7.006795 2.501292 7.002107 2.499690 7.004367 2.498954 6.983451 
2.499895 6.977804 2.500798 6.985700 2.497879 6.992608 2.496556 7.012830 2.497165 6.990719 
2.505279 7.053359 2.508546 7.025330 2.503622 7.027224 2.496757 7.017660 2.492969 7.021495 
2.515058 7.299356 2.473616 7.259717 2.514286 7.283912 2.472844 7.284170 2.470785 7.327413 
2.523547 7.069138 2.523547 7.098196 2.523547 7.013026 2.523547 6.972445 2.523547 6.891283 
2.484551 7.143258 2.502809 7.093399 2.549157 7.078652 2.497893 7.214185 2.465590 7.115169 
2.417391 6.704348 2.482609 6.821739 2.565217 6.452174 2.560870 6.960870 2.504348 6.700000 
2.416667 8.583333 2.416667 7.583333 2.416667 8.166667 2.416667 7.083333 2.416667 7.333333 
3.333333 7.666667 3.333333 7.666667 3.333333 12.000000 3.333333 8.000000 3.333333 11.666667 

Cluster 0 is class 0
Cluster 1 is class 7
Cluster 2 is class 8
Cluster 3 is class 0
Cluster 4 is class 8
Cluster 5 is class 0
Cluster 6 is class 0
Cluster 7 is class 0
Cluster 8 is class 0
Cluster 9 is class 0
Cluster 10 is class 0
Cluster 11 is class 0
Cluster 12 is class 0
Cluster 13 is class 5
Cluster 14 is class 9
Cluster 15 is class 4
Cluster 16 is class 8
Cluster 17 is class 9
Cluster 18 is class 0
Cluster 19 is class 0
Cluster 20 is class 0

Overall Accuracy is 0.321099

