----------------------------For Number of clusters 27----------------------------
Avg Clusters:
2.502458 9.990234 2.494236 10.226100 2.491937 4.522796 2.492306 4.363415 2.492910 10.129529 
2.501668 10.161923 2.512581 9.286031 2.510203 10.291142 2.516308 3.801274 2.506867 4.344110 
2.514893 4.136129 2.509780 4.153569 2.508076 9.997951 2.483621 10.430141 2.495821 4.464712 
2.493848 10.086622 2.486274 4.462536 2.488953 4.055623 2.502143 10.158391 2.504378 9.858974 
2.495018 3.189633 2.503104 9.824220 2.515455 4.022249 2.516007 4.303705 2.500210 10.073485 
2.504157 9.642916 2.512411 3.660679 2.497097 4.146973 2.483057 4.118509 2.491230 3.747770 
2.489385 9.565784 2.500665 4.078707 2.486100 10.376056 2.503812 3.678898 2.502365 10.070124 
2.496154 10.233895 2.496427 4.594393 2.492936 4.536846 2.524928 10.895571 2.496754 3.138793 
2.498052 4.052287 2.531882 9.787984 2.488031 9.848899 2.497602 10.326953 2.511305 10.156282 
2.506172 3.768687 2.495043 3.230365 2.521894 4.571467 2.487170 3.689736 2.512515 9.552634 
2.523409 4.193782 2.510605 9.662021 2.489264 10.786879 2.507443 3.333000 2.489132 10.150204 
2.517172 9.940174 2.485456 3.857736 2.518425 10.740772 2.503361 10.779669 2.505805 9.674254 
2.496242 9.814013 2.487267 10.942907 2.493426 3.868190 2.498177 10.232094 2.500390 4.652689 
2.498780 4.041364 2.483561 3.733904 2.499975 9.776488 2.494309 3.517379 2.492098 3.572031 
2.501254 4.207470 2.493530 10.729906 2.526298 9.979971 2.499669 9.799389 2.501945 3.345572 
2.503449 4.705970 2.504867 10.100342 2.513506 3.045449 2.485785 10.753804 2.495197 10.256962 
2.495693 4.064052 2.516066 9.409482 2.495987 3.709554 2.522253 3.858377 2.482574 3.332818 
2.484067 3.286173 2.494088 3.062829 2.498378 10.554755 2.504181 7.409740 2.486843 10.841972 
2.495202 3.337020 2.492792 10.714489 2.483584 10.328500 2.510951 3.365721 2.514566 3.713370 
2.480810 3.340948 2.507506 3.835753 2.491970 3.260736 2.502327 9.681248 2.504177 4.045008 
2.505506 3.098739 2.479123 10.669478 2.476592 3.570036 2.493510 10.522517 2.518206 3.763157 
2.492295 10.781314 2.509942 3.393418 2.498430 10.887590 2.492873 7.811375 2.496915 3.153946 
2.525576 3.527793 2.483082 3.393827 2.504580 4.051780 2.508511 10.743737 2.490108 10.710026 
2.492968 10.734065 2.487334 10.111358 2.504482 10.587795 2.508019 10.718645 2.507937 4.354182 
2.494052 10.740235 2.500000 3.562685 2.500970 3.361554 2.498819 3.459546 2.508226 10.405889 
2.504073 10.801804 2.496966 10.831851 2.521860 9.732607 2.494971 9.079752 2.488945 10.951957 
2.497269 10.732425 2.479530 10.659414 2.515271 3.579106 2.479311 3.612793 2.491895 3.375890 

Avg Classes:
2.501062 6.987991 2.500831 7.004122 2.500320 6.993248 2.501601 6.996249 2.500578 6.990609 
2.499498 7.005723 2.498374 7.006795 2.501292 7.002107 2.499690 7.004367 2.498954 6.983451 
2.499895 6.977804 2.500798 6.985700 2.497879 6.992608 2.496556 7.012830 2.497165 6.990719 
2.505279 7.053359 2.508546 7.025330 2.503622 7.027224 2.496757 7.017660 2.492969 7.021495 
2.515058 7.299356 2.473616 7.259717 2.514286 7.283912 2.472844 7.284170 2.470785 7.327413 
2.523547 7.069138 2.523547 7.098196 2.523547 7.013026 2.523547 6.972445 2.523547 6.891283 
2.484551 7.143258 2.502809 7.093399 2.549157 7.078652 2.497893 7.214185 2.465590 7.115169 
2.417391 6.704348 2.482609 6.821739 2.565217 6.452174 2.560870 6.960870 2.504348 6.700000 
2.416667 8.583333 2.416667 7.583333 2.416667 8.166667 2.416667 7.083333 2.416667 7.333333 
3.333333 7.666667 3.333333 7.666667 3.333333 12.000000 3.333333 8.000000 3.333333 11.666667 

Cluster 0 is class 0
Cluster 1 is class 8
Cluster 2 is class 0
Cluster 3 is class 0
Cluster 4 is class 0
Cluster 5 is class 0
Cluster 6 is class 0
Cluster 7 is class 0
Cluster 8 is class 9
Cluster 9 is class 0
Cluster 10 is class 9
Cluster 11 is class 4
Cluster 12 is class 3
Cluster 13 is class 0
Cluster 14 is class 0
Cluster 15 is class 0
Cluster 16 is class 0
Cluster 17 is class 9
Cluster 18 is class 0
Cluster 19 is class 7
Cluster 20 is class 0
Cluster 21 is class 8
Cluster 22 is class 0
Cluster 23 is class 8
Cluster 24 is class 0
Cluster 25 is class 8
Cluster 26 is class 0

Overall Accuracy is 0.337376

