Avg Clusters:
2.511486 4.222352 2.515329 4.309600 2.510007 4.111782 2.482349 5.192475 2.487671 3.937883 
2.506213 4.043161 2.535282 9.921787 2.493245 9.686748 2.492903 9.617469 2.505230 9.912493 
2.516397 9.946395 2.492241 4.367250 2.515025 4.967038 2.515627 6.893030 2.492818 10.084787 
2.506945 4.221407 2.500920 9.872029 2.486182 9.939282 2.504937 3.107304 2.488578 10.152437 
2.496063 10.055240 2.504602 10.200880 2.510093 4.263392 2.499646 4.269634 2.495849 3.880553 
2.502210 3.739561 2.509308 10.001612 2.515626 3.340414 2.514794 4.332250 2.509932 10.023140 
2.499534 9.689200 2.515318 5.242341 2.500643 9.495600 2.514763 10.919514 2.482816 3.542147 
2.500191 4.154352 2.484385 10.021545 2.512626 3.916451 2.504543 10.524964 2.509876 3.872143 
2.489126 9.824313 2.486042 11.063134 2.507941 10.148320 2.501619 9.262584 2.522266 3.842334 
2.483789 9.792443 2.507852 4.094065 2.492122 10.870231 2.497435 3.641163 2.503607 9.824110 
2.488772 3.572386 2.504616 10.529472 2.493918 9.562750 2.519991 3.407747 2.511664 3.551210 
2.484742 4.041622 2.520355 3.148123 2.471476 4.262490 2.490481 11.171753 2.519646 5.023461 
2.500919 4.158713 2.509493 7.079898 2.518020 11.349461 2.499317 6.721911 2.519009 3.659867 
2.524179 3.224265 2.490999 9.984296 2.500814 10.404625 2.485828 11.251843 2.508092 3.570765 
2.495441 10.858100 2.501089 10.658978 2.488399 9.465231 2.504151 4.122202 2.507110 10.176907 
2.506608 3.581498 2.478088 3.966422 2.493555 4.071464 2.510295 10.077761 2.492348 11.071561 
2.471669 10.180957 2.471477 3.790919 2.524218 9.556424 2.505500 3.473454 2.484742 3.191002 
2.488545 4.072753 2.500491 3.347666 2.507811 10.863557 2.492569 10.162363 2.499002 9.878291 
2.515240 10.695353 2.485591 4.310823 2.498337 10.153472 2.502771 10.797601 2.503998 10.502652 
2.499492 10.486584 2.536437 10.366399 2.511434 10.769082 2.512349 3.005285 2.501016 3.570332 
2.493126 10.808929 2.485071 9.934699 2.472075 3.273700 2.499857 10.829013 2.494737 4.615352 
2.501308 10.733258 2.509156 3.635333 2.470745 2.967082 2.488097 4.046870 2.496992 3.786972 
2.494659 10.757259 2.503881 3.279721 2.518627 3.530725 2.519951 10.552274 2.509542 3.748265 
2.517468 9.868711 2.476574 10.575390 2.515004 3.708444 2.486320 9.987312 2.491358 10.904641 
2.506148 3.298121 2.489101 3.312164 2.504891 9.296898 2.507161 3.501642 2.494061 10.187941 
2.499059 10.161567 2.506825 3.637974 2.481937 3.183749 2.484349 11.477877 2.516180 10.354848 
2.509020 3.283704 2.493443 2.824632 2.527712 10.432993 2.478569 9.794131 2.487312 3.271946 
2.502636 10.414826 2.502322 10.779375 2.522533 10.655348 2.519960 10.729224 2.495983 10.194012 
2.491339 3.224005 2.512658 10.640729 2.499600 3.384853 2.488301 10.724724 2.494963 10.450834 
2.526006 3.608117 2.457501 3.182247 2.465571 10.237733 2.494493 2.742357 2.485421 3.679920 
2.506247 10.361777 2.485037 10.005514 2.504469 3.081062 2.470719 3.071502 2.509004 10.414558 
2.513813 10.788935 2.504294 2.593544 2.507086 11.179717 2.472445 8.063126 2.503507 5.052534 
2.501539 3.748307 2.474764 10.486920 2.470968 2.822374 2.530365 3.685525 2.462915 3.484869 
2.490833 4.578932 2.493976 3.375637 2.512977 2.978189 2.498548 3.200105 2.496452 10.436973 
2.487439 11.013949 2.508727 3.235687 2.476993 4.039270 2.493984 2.411940 2.500066 10.098308 

Avg Classes:
2.501062 6.987991 2.500831 7.004122 2.500320 6.993248 2.501601 6.996249 2.500578 6.990609 
2.499498 7.005723 2.498374 7.006795 2.501292 7.002107 2.499690 7.004367 2.498954 6.983451 
2.499895 6.977804 2.500798 6.985700 2.497879 6.992608 2.496556 7.012830 2.497165 6.990719 
2.505279 7.053359 2.508546 7.025330 2.503622 7.027224 2.496757 7.017660 2.492969 7.021495 
2.515058 7.299356 2.473616 7.259717 2.514286 7.283912 2.472844 7.284170 2.470785 7.327413 
2.523547 7.069138 2.523547 7.098196 2.523547 7.013026 2.523547 6.972445 2.523547 6.891283 
2.484551 7.143258 2.502809 7.093399 2.549157 7.078652 2.497893 7.214185 2.465590 7.115169 
2.417391 6.704348 2.482609 6.821739 2.565217 6.452174 2.560870 6.960870 2.504348 6.700000 
2.416667 8.583333 2.416667 7.583333 2.416667 8.166667 2.416667 7.083333 2.416667 7.333333 
3.333333 7.666667 3.333333 7.666667 3.333333 12.000000 3.333333 8.000000 3.333333 11.666667 

Cluster 0 is class 0
Cluster 1 is class 4
Cluster 2 is class 0
Cluster 3 is class 4
Cluster 4 is class 0
Cluster 5 is class 7
Cluster 6 is class 0
Cluster 7 is class 0
Cluster 8 is class 8
Cluster 9 is class 4
Cluster 10 is class 0
Cluster 11 is class 7
Cluster 12 is class 0
Cluster 13 is class 4
Cluster 14 is class 8
Cluster 15 is class 0
Cluster 16 is class 0
Cluster 17 is class 9
Cluster 18 is class 8
Cluster 19 is class 8
Cluster 20 is class 0
Cluster 21 is class 0
Cluster 22 is class 0
Cluster 23 is class 0
Cluster 24 is class 0
Cluster 25 is class 0
Cluster 26 is class 7
Cluster 27 is class 9
Cluster 28 is class 0
Cluster 29 is class 0
Cluster 30 is class 0
Cluster 31 is class 8
Cluster 32 is class 0
Cluster 33 is class 0
Cluster 34 is class 0

Overall Accuracy is 0.300711

