Avg Clusters:
2.487196 10.903866 2.510705 9.331412 2.499218 3.108766 2.499332 10.162539 2.477312 3.755982 
2.500742 2.826843 2.481343 3.772668 2.509364 3.383436 2.521243 10.659865 2.500934 9.834651 
2.523355 11.204986 2.509218 4.306715 2.475069 3.195004 2.524644 8.793008 2.549002 10.479654 
2.526971 10.431089 2.465323 11.265589 2.484278 3.573295 2.486138 3.384898 2.486315 6.126572 
2.517516 3.745737 2.539262 10.410293 2.497763 6.855618 2.521989 3.603924 2.454006 10.591390 
2.487906 10.317723 2.508531 3.011757 2.525632 10.402716 2.505918 3.572028 2.490559 10.058549 
2.519936 9.669791 2.508526 8.305819 2.510180 11.357440 2.518875 8.949695 2.509798 4.344588 
2.501956 3.845399 2.473554 6.558223 2.465516 10.806816 2.496222 3.483736 2.491292 7.865763 
2.530022 7.718112 2.529083 4.052384 2.504720 10.744057 2.504472 10.664888 2.491969 10.882827 
2.484486 5.447550 2.519837 9.800192 2.501057 3.665850 2.555283 3.022334 2.452642 2.963785 
2.509881 11.092824 2.518831 10.240609 2.487203 10.271333 2.520440 10.373158 2.498818 10.225424 
2.464250 3.283684 2.530021 10.854082 2.505674 4.689820 2.511292 10.821857 2.471962 10.622122 
2.517695 5.354066 2.492522 3.221350 2.480672 6.381399 2.482621 5.265483 2.484780 2.685170 
2.526779 10.370616 2.517537 3.570426 2.482741 2.681105 2.472219 3.259771 2.477118 6.092139 
2.475317 5.588200 2.492625 3.245850 2.477603 5.407119 2.507919 3.087465 2.506667 11.222228 
2.483753 9.295820 2.511168 10.216205 2.509394 2.760296 2.488097 3.596965 2.505232 11.349611 
2.464126 6.887592 2.542734 3.069259 2.554019 9.927643 2.472092 11.036842 2.492892 3.015213 
2.517374 9.156400 2.506558 4.354821 2.494250 5.951451 2.479580 11.107602 2.439920 5.906384 
2.497251 9.991226 2.494285 3.221872 2.483411 2.795243 2.528514 8.985542 2.532530 2.533086 
2.452853 10.188367 2.501373 11.522517 2.525187 7.978485 2.531939 6.510498 2.500482 9.159730 
2.501151 11.047064 2.500216 2.772884 2.479850 10.916235 2.473661 6.665515 2.515688 3.233305 
2.507162 10.991760 2.447867 11.102803 2.518558 3.022871 2.505775 9.631064 2.499923 10.519097 
2.541579 2.690627 2.469908 4.516843 2.526357 2.774912 2.524101 3.197393 2.511839 9.572445 
2.489691 2.200756 2.457134 7.593518 2.508751 3.610501 2.522545 5.379116 2.486058 3.687185 
2.480252 3.288396 2.520054 3.510638 2.487650 3.316642 2.509477 10.965762 2.545549 3.488811 
2.541318 9.676069 2.506060 9.188629 2.494381 3.949207 2.456368 12.275231 2.478184 10.028867 
2.500370 6.065434 2.520016 9.771804 2.472421 2.871845 2.499877 7.781504 2.520674 6.826469 
2.469493 4.169176 2.542053 11.288827 2.461965 10.150838 2.510697 6.959984 2.539337 3.613765 
2.459914 3.293350 2.494492 10.803754 2.526316 2.306610 2.568645 2.932171 2.495818 10.429009 
2.490505 3.013564 2.487288 3.063340 2.505205 9.965680 2.493344 6.947637 2.491578 10.937606 
2.452719 10.226871 2.487268 3.091363 2.529878 2.235829 2.455918 11.735125 2.494562 6.932054 
2.529374 10.444033 2.520961 10.425139 2.527806 11.184158 2.502638 2.743619 2.518537 7.180736 
2.491505 3.836735 2.551423 2.969036 2.496230 2.339097 2.468785 3.591234 2.496833 3.792601 
2.480215 6.760665 2.493086 3.573330 2.519785 11.165637 2.526920 2.722713 2.481097 3.265593 
2.530035 2.915229 2.469573 3.346769 2.517723 9.828968 2.462751 11.269056 2.506666 6.596377 
2.508322 3.759478 2.486708 3.049584 2.507282 11.106912 2.486824 2.246764 2.524387 11.004276 
2.471706 10.969067 2.499472 7.472274 2.535358 3.789478 2.511082 3.234879 2.483803 2.418690 
2.507251 10.815909 2.498160 10.123160 2.476515 8.365693 2.490476 2.510714 2.507792 11.697186 
2.492361 11.702046 2.466184 3.104708 2.509515 8.266506 2.479585 10.187975 2.513446 11.057447 
2.511398 2.412438 2.483349 2.729593 2.526316 11.038554 2.509402 7.744511 2.511398 3.165564 
2.480660 3.399774 2.581053 10.395114 2.499168 11.297916 2.484455 8.591306 2.520538 11.159244 
2.517317 7.127169 2.488443 10.454744 2.534594 10.431473 2.504242 2.732898 2.512569 2.844968 
2.508590 10.890562 2.430846 11.129364 2.500510 9.041265 2.511179 11.275280 2.509453 3.120499 
2.495879 4.096175 2.468978 8.871793 2.542917 3.676955 2.478230 11.319701 2.459882 2.670269 
2.491131 2.955760 2.495832 7.895811 2.507480 7.498077 2.428404 8.433426 2.475208 6.443150 
2.493849 6.485578 2.443902 10.917073 2.545281 9.424284 2.485578 11.521739 2.520785 10.129799 
2.474337 7.091601 2.463777 11.759823 2.462304 3.625000 2.495457 11.527628 2.577480 4.854740 
2.574089 2.645292 2.512589 11.391686 2.500525 10.777210 2.516522 11.388015 2.439156 6.815500 
2.486003 2.600322 2.506375 4.004543 2.524549 11.530412 2.525575 11.384435 2.454785 10.993991 
2.485327 10.782230 2.474904 3.062943 2.511941 3.120927 2.498684 3.159785 2.526310 11.418741 
2.498233 3.383820 2.487367 11.947375 2.486189 3.373085 2.486058 7.789239 2.552167 2.524152 
2.535714 2.105061 2.482864 11.102659 2.485746 3.383088 2.516656 11.300929 2.552691 6.359705 
2.532774 2.336822 2.442502 6.775529 2.460787 10.372470 2.483326 2.741605 2.519894 2.698597 
2.530631 6.328374 2.526219 2.954746 2.491739 2.962853 2.477681 7.069164 2.456131 9.106927 
2.470353 7.039882 2.512235 2.812471 2.506588 10.659059 2.547059 6.521765 2.538941 7.304471 
2.516592 6.962681 2.524535 10.890654 2.465564 11.613644 2.535850 3.895006 2.464150 10.824285 
2.471077 11.571877 2.463175 5.416878 2.503191 10.631446 2.498227 2.503292 2.517273 3.332489 
2.537955 2.547591 2.449354 11.554759 2.529142 11.022092 2.468860 3.263337 2.470153 7.426439 
2.510057 6.397808 2.492713 6.766711 2.481031 2.948693 2.433578 10.809587 2.505962 11.345417 
2.463890 7.127877 2.539764 6.990013 2.478748 5.674339 2.470345 2.676288 2.535014 6.989770 
2.509522 2.405840 2.534490 2.372126 2.488927 8.765834 2.447313 2.810410 2.472140 6.043730 
2.464096 2.574742 2.491338 7.481559 2.537022 3.266136 2.449427 6.890612 2.583683 11.442861 
2.488938 6.496442 2.488291 10.377022 2.569673 9.821064 2.460991 11.672920 2.512874 3.729719 
2.452450 11.401058 2.475375 2.975060 2.503338 6.638116 2.516312 6.146492 2.462401 6.600076 
2.504118 2.448896 2.499064 11.098278 2.490453 8.104081 2.519281 11.432235 2.545676 2.502059 
2.496728 3.064522 2.495820 9.111596 2.522174 11.015267 2.511814 2.486914 2.532534 12.072337 
2.527770 3.080350 2.489146 6.538060 2.476318 7.852833 2.527911 11.270792 2.475331 11.331266 
2.489942 11.758978 2.518944 3.578181 2.496113 8.075404 2.556707 11.459213 2.523757 2.566087 
2.570213 11.732766 2.529191 7.372085 2.456851 7.451574 2.420766 2.856170 2.487149 6.908085 
2.495394 8.317448 2.481645 7.016553 2.534108 7.538780 2.527032 6.785075 2.493392 11.565612 
2.507761 2.415109 2.520748 11.674374 2.514254 8.469275 2.530250 2.482262 2.472759 3.239309 
2.548000 2.714963 2.504889 6.014519 2.472148 9.791704 2.520148 11.390074 2.468593 2.278667 
2.471024 3.574674 2.417156 10.234108 2.513148 12.332142 2.489150 10.750830 2.463365 2.170539 
2.476420 10.325949 2.491665 11.641807 2.525225 5.963479 2.471704 6.338013 2.503181 2.424326 
2.514218 10.851520 2.482421 2.433954 2.502171 6.134473 2.516739 2.753607 2.502031 2.599384 
2.484245 7.024163 2.490321 2.094532 2.505581 4.586124 2.483256 11.175639 2.508266 11.421506 
2.511111 11.895312 2.477951 6.969097 2.496354 4.633681 2.526562 3.294618 2.493056 10.928125 
2.515203 3.895751 2.557129 6.748253 2.475732 11.606043 2.470255 7.085552 2.488574 2.764306 
2.645191 5.745554 2.452995 11.841561 2.510163 2.758258 2.433575 8.012886 2.517241 11.473140 
2.503886 2.358104 2.505213 2.509384 2.458009 5.507488 2.563033 7.441327 2.504645 6.461232 
2.445720 3.259372 2.496425 7.482774 2.464572 11.919827 2.474540 10.626652 2.580065 6.951463 
2.512374 11.290622 2.522305 7.425269 2.473787 7.718496 2.525236 7.027190 2.494302 2.798925 
2.497059 2.205882 2.510381 11.842734 2.479412 3.431142 2.490657 5.099135 2.534775 6.982699 
2.471291 11.638715 2.529989 11.386583 2.455941 10.879477 2.533542 3.960915 2.490904 2.622513 
2.521372 11.051322 2.513510 7.026447 2.453896 11.876197 2.454753 4.463474 2.504503 11.190994 
2.469026 11.282121 2.465499 3.480310 2.514988 11.644175 2.477607 11.102034 2.485953 7.100623 

Avg Classes:
2.501062 6.987991 2.500831 7.004122 2.500320 6.993248 2.501601 6.996249 2.500578 6.990609 
2.499498 7.005723 2.498374 7.006795 2.501292 7.002107 2.499690 7.004367 2.498954 6.983451 
2.499895 6.977804 2.500798 6.985700 2.497879 6.992608 2.496556 7.012830 2.497165 6.990719 
2.505279 7.053359 2.508546 7.025330 2.503622 7.027224 2.496757 7.017660 2.492969 7.021495 
2.515058 7.299356 2.473616 7.259717 2.514286 7.283912 2.472844 7.284170 2.470785 7.327413 
2.523547 7.069138 2.523547 7.098196 2.523547 7.013026 2.523547 6.972445 2.523547 6.891283 
2.484551 7.143258 2.502809 7.093399 2.549157 7.078652 2.497893 7.214185 2.465590 7.115169 
2.417391 6.704348 2.482609 6.821739 2.565217 6.452174 2.560870 6.960870 2.504348 6.700000 
2.416667 8.583333 2.416667 7.583333 2.416667 8.166667 2.416667 7.083333 2.416667 7.333333 
3.333333 7.666667 3.333333 7.666667 3.333333 12.000000 3.333333 8.000000 3.333333 11.666667 

Cluster 0 is class 0
Cluster 1 is class 0
Cluster 2 is class 0
Cluster 3 is class 0
Cluster 4 is class 0
Cluster 5 is class 8
Cluster 6 is class 8
Cluster 7 is class 0
Cluster 8 is class 9
Cluster 9 is class 7
Cluster 10 is class 9
Cluster 11 is class 0
Cluster 12 is class 7
Cluster 13 is class 0
Cluster 14 is class 0
Cluster 15 is class 3
Cluster 16 is class 0
Cluster 17 is class 0
Cluster 18 is class 7
Cluster 19 is class 8
Cluster 20 is class 0
Cluster 21 is class 4
Cluster 22 is class 0
Cluster 23 is class 0
Cluster 24 is class 7
Cluster 25 is class 0
Cluster 26 is class 7
Cluster 27 is class 0
Cluster 28 is class 0
Cluster 29 is class 0
Cluster 30 is class 0
Cluster 31 is class 8
Cluster 32 is class 7
Cluster 33 is class 0
Cluster 34 is class 0
Cluster 35 is class 9
Cluster 36 is class 0
Cluster 37 is class 4
Cluster 38 is class 4
Cluster 39 is class 0
Cluster 40 is class 9
Cluster 41 is class 0
Cluster 42 is class 8
Cluster 43 is class 0
Cluster 44 is class 0
Cluster 45 is class 4
Cluster 46 is class 0
Cluster 47 is class 0
Cluster 48 is class 9
Cluster 49 is class 0
Cluster 50 is class 0
Cluster 51 is class 0
Cluster 52 is class 0
Cluster 53 is class 7
Cluster 54 is class 0
Cluster 55 is class 9
Cluster 56 is class 8
Cluster 57 is class 0
Cluster 58 is class 4
Cluster 59 is class 0
Cluster 60 is class 2
Cluster 61 is class 0
Cluster 62 is class 8
Cluster 63 is class 8
Cluster 64 is class 0
Cluster 65 is class 9
Cluster 66 is class 0
Cluster 67 is class 0
Cluster 68 is class 8
Cluster 69 is class 0
Cluster 70 is class 0
Cluster 71 is class 0
Cluster 72 is class 0
Cluster 73 is class 0
Cluster 74 is class 0
Cluster 75 is class 0
Cluster 76 is class 0
Cluster 77 is class 0
Cluster 78 is class 3
Cluster 79 is class 0
Cluster 80 is class 0
Cluster 81 is class 5
Cluster 82 is class 0
Cluster 83 is class 8
Cluster 84 is class 9
Cluster 85 is class 4

Overall Accuracy is 0.315275

