----------------------------For Number of clusters 51----------------------------
Avg Clusters:
2.510961 2.968089 2.520896 10.127835 2.501053 9.665524 2.497354 4.275189 2.494249 10.326593 
2.491666 4.157119 2.485778 3.913344 2.490868 3.915864 2.500100 10.560931 2.496731 10.085109 
2.509289 3.756437 2.508291 10.552615 2.512281 4.180974 2.494452 10.209401 2.508759 10.634250 
2.504035 9.742043 2.496362 3.648835 2.492552 3.740800 2.506389 9.612482 2.495859 3.110670 
2.490717 3.455847 2.518131 11.028773 2.486362 9.956805 2.490717 8.168704 2.517818 3.863413 
2.487441 10.194099 2.508908 4.538656 2.510243 4.325488 2.483246 3.067206 2.486924 4.054293 
2.487791 3.071204 2.500088 4.529241 2.478356 3.497120 2.510018 8.767978 2.513799 3.402982 
2.479686 4.507891 2.518692 3.285234 2.512379 10.639620 2.513538 9.300872 2.492225 10.552862 
2.512738 10.627780 2.458583 10.336646 2.507364 3.983427 2.501279 10.142816 2.498365 10.121678 
2.486266 3.737287 2.498368 9.945442 2.501442 3.693343 2.539112 3.402782 2.456104 3.586003 
2.502733 10.752402 2.512733 9.835405 2.510571 10.493453 2.499129 3.956667 2.500691 3.585886 
2.511905 10.873663 2.450289 10.044170 2.483570 8.844254 2.523331 10.550554 2.508186 3.392891 
2.480873 10.976155 2.511446 9.672390 2.504568 2.673795 2.501205 10.081376 2.477761 3.784488 
2.503501 3.973683 2.495503 3.286729 2.484187 9.640129 2.499419 3.084293 2.491222 9.647795 
2.482775 3.579579 2.503533 9.101983 2.528146 3.221312 2.521682 3.343130 2.510158 10.482896 
2.513900 3.406492 2.503577 3.569741 2.485139 7.413646 2.473664 3.611658 2.476833 3.177126 
2.542886 10.740064 2.494168 4.487078 2.496438 10.155968 2.506670 9.328002 2.525913 10.797129 
2.531755 2.962441 2.483310 7.200743 2.476087 10.473043 2.469742 11.175153 2.512150 8.013930 
2.477249 10.371571 2.500307 2.919079 2.504861 10.718024 2.489284 4.495320 2.506054 4.162420 
2.498377 5.435397 2.536035 11.031003 2.512932 10.551347 2.504815 10.280435 2.502705 11.051618 
2.519639 3.707815 2.490665 3.020965 2.501683 11.230820 2.464446 8.969037 2.483575 3.582228 
2.487035 10.969231 2.501599 4.121910 2.512532 9.945419 2.508816 2.967891 2.491098 10.496154 
2.485413 10.296840 2.496051 9.628015 2.502212 7.295735 2.518747 4.019800 2.492522 11.175092 
2.507159 3.468835 2.487678 10.139298 2.471070 10.885399 2.505669 2.678075 2.506095 3.669452 
2.470907 10.187759 2.580508 4.017008 2.524896 10.662806 2.524337 10.723341 2.478348 2.886147 
2.477304 6.700025 2.466115 11.296371 2.497471 3.675939 2.478632 10.116197 2.548995 3.360855 
2.514202 4.110271 2.513008 2.849630 2.510860 7.424218 2.525420 11.723685 2.491765 3.873100 
2.497409 9.735520 2.521745 11.081863 2.475303 11.750804 2.499836 3.939259 2.506002 9.874385 
2.516504 4.226755 2.501337 3.060786 2.527139 2.694096 2.470595 3.617678 2.498199 6.947989 
2.516578 7.862035 2.538873 3.051543 2.506809 4.200770 2.459748 3.935011 2.490605 11.289663 
2.511945 10.539531 2.478952 10.920938 2.496166 3.554262 2.494621 3.680497 2.488441 3.089710 
2.551245 10.300801 2.501880 10.321796 2.507341 2.510533 2.471381 3.492021 2.511809 8.333144 
2.489224 10.518751 2.507738 3.869078 2.501424 3.219073 2.485284 10.739201 2.523355 10.504320 
2.536424 5.102378 2.545478 10.658008 2.490904 3.308740 2.494120 7.137067 2.553769 7.163296 
2.526864 2.861920 2.470943 10.236764 2.552318 6.072447 2.500940 11.478697 2.481281 3.303885 
2.521870 4.765845 2.437756 3.922615 2.525689 11.693462 2.543330 2.615350 2.510412 3.524416 
2.501949 11.218678 2.511620 10.646363 2.520280 10.608256 2.494948 10.562644 2.486865 9.691397 
2.466943 7.211144 2.507266 10.686267 2.529112 11.430180 2.519488 11.015687 2.479838 5.077182 
2.494669 6.939983 2.513929 10.709286 2.500516 7.571711 2.553912 2.913586 2.510748 6.155718 
2.528987 7.899981 2.532043 6.229117 2.497592 6.511669 2.467772 10.424801 2.452121 6.811261 
2.515113 2.280137 2.454030 3.543901 2.488755 3.933339 2.527978 5.029057 2.506747 11.465905 
2.478501 11.939683 2.474022 11.603912 2.524784 6.623320 2.459689 3.748731 2.465811 7.976859 
2.482807 11.043637 2.522145 6.555223 2.490002 2.585124 2.529714 3.669875 2.585591 11.145580 
2.479802 11.526772 2.457317 2.529440 2.474466 5.636338 2.534204 8.648247 2.465415 7.523056 
2.517373 3.730387 2.495396 7.481277 2.518355 11.099079 2.483364 11.232413 2.536894 2.170534 
2.507648 7.354797 2.510964 7.264734 2.528185 10.173922 2.497807 6.310087 2.570007 2.850572 
2.467091 11.671662 2.476833 2.252404 2.449731 2.737230 2.513301 4.417135 2.494068 9.667916 
2.479484 2.737667 2.513485 9.878861 2.488589 1.922199 2.468764 11.080221 2.500692 4.829184 
2.501565 7.914007 2.493554 11.787458 2.426962 3.241207 2.504318 3.606709 2.439730 11.820628 
2.471518 10.687630 2.446054 2.863023 2.531006 10.778729 2.479420 11.572495 2.526177 6.934146 
2.502526 6.480694 2.461245 7.044237 2.495853 11.420726 2.487082 3.624750 2.460578 10.042997 

Avg Classes:
2.501062 6.987991 2.500831 7.004122 2.500320 6.993248 2.501601 6.996249 2.500578 6.990609 
2.499498 7.005723 2.498374 7.006795 2.501292 7.002107 2.499690 7.004367 2.498954 6.983451 
2.499895 6.977804 2.500798 6.985700 2.497879 6.992608 2.496556 7.012830 2.497165 6.990719 
2.505279 7.053359 2.508546 7.025330 2.503622 7.027224 2.496757 7.017660 2.492969 7.021495 
2.515058 7.299356 2.473616 7.259717 2.514286 7.283912 2.472844 7.284170 2.470785 7.327413 
2.523547 7.069138 2.523547 7.098196 2.523547 7.013026 2.523547 6.972445 2.523547 6.891283 
2.484551 7.143258 2.502809 7.093399 2.549157 7.078652 2.497893 7.214185 2.465590 7.115169 
2.417391 6.704348 2.482609 6.821739 2.565217 6.452174 2.560870 6.960870 2.504348 6.700000 
2.416667 8.583333 2.416667 7.583333 2.416667 8.166667 2.416667 7.083333 2.416667 7.333333 
3.333333 7.666667 3.333333 7.666667 3.333333 12.000000 3.333333 8.000000 3.333333 11.666667 

Cluster 0 is class 0
Cluster 1 is class 7
Cluster 2 is class 0
Cluster 3 is class 7
Cluster 4 is class 0
Cluster 5 is class 0
Cluster 6 is class 7
Cluster 7 is class 9
Cluster 8 is class 4
Cluster 9 is class 7
Cluster 10 is class 8
Cluster 11 is class 8
Cluster 12 is class 0
Cluster 13 is class 0
Cluster 14 is class 0
Cluster 15 is class 7
Cluster 16 is class 8
Cluster 17 is class 0
Cluster 18 is class 8
Cluster 19 is class 9
Cluster 20 is class 0
Cluster 21 is class 8
Cluster 22 is class 8
Cluster 23 is class 0
Cluster 24 is class 0
Cluster 25 is class 7
Cluster 26 is class 0
Cluster 27 is class 8
Cluster 28 is class 7
Cluster 29 is class 0
Cluster 30 is class 5
Cluster 31 is class 0
Cluster 32 is class 0
Cluster 33 is class 0
Cluster 34 is class 0
Cluster 35 is class 0
Cluster 36 is class 8
Cluster 37 is class 4
Cluster 38 is class 0
Cluster 39 is class 0
Cluster 40 is class 7
Cluster 41 is class 8
Cluster 42 is class 0
Cluster 43 is class 0
Cluster 44 is class 0
Cluster 45 is class 0
Cluster 46 is class 0
Cluster 47 is class 0
Cluster 48 is class 0
Cluster 49 is class 4
Cluster 50 is class 8

Overall Accuracy is 0.254495

