----------------------------For Number of clusters 28----------------------------
Avg Clusters:
2.496295 10.047054 2.493177 9.949477 2.493492 4.630415 2.503477 3.962265 2.484505 9.962336 
2.497774 3.836830 2.516238 9.325438 2.509063 3.988636 2.487650 10.105618 2.499991 10.013975 
2.512410 9.963199 2.474133 10.104366 2.495851 9.053379 2.511569 10.065920 2.501719 4.017849 
2.506567 6.160376 2.489677 3.000996 2.506941 4.058079 2.495342 10.176810 2.489241 10.286992 
2.486504 10.183232 2.508710 10.338257 2.503972 3.408615 2.488010 5.396783 2.486188 3.295134 
2.499677 3.819681 2.508022 10.004142 2.487311 10.101475 2.512407 3.884785 2.509739 4.288058 
2.506411 10.096006 2.485820 4.134998 2.508916 9.789229 2.500768 9.968187 2.501126 10.373708 
2.499233 9.637422 2.524536 10.806481 2.489785 10.697807 2.505280 8.104883 2.504588 10.659416 
2.502376 3.075396 2.503702 4.121102 2.495743 10.499988 2.494006 10.213526 2.506042 8.264610 
2.493647 9.959819 2.506449 4.354757 2.482840 10.177174 2.496554 3.208973 2.497754 9.749454 
2.506742 3.808090 2.484938 4.042158 2.516651 3.768760 2.501250 3.499474 2.524316 9.257297 
2.511133 3.946153 2.482377 3.339885 2.495568 9.318251 2.474805 4.239421 2.486835 3.448528 
2.513826 3.215185 2.520891 10.843345 2.508267 10.351505 2.503784 9.928272 2.498225 9.708532 
2.508802 4.445914 2.483001 10.210621 2.506168 3.809912 2.495472 10.609503 2.503534 3.414577 
2.504757 4.005350 2.511836 9.828843 2.498510 9.965564 2.500593 3.112663 2.503572 10.878912 
2.497528 10.646847 2.517951 9.886367 2.524830 10.375726 2.502534 3.225792 2.518289 4.167409 
2.486849 10.506094 2.501008 4.025477 2.493608 3.794355 2.513998 10.208486 2.502131 4.017641 
2.489966 3.244175 2.507998 3.566780 2.472839 3.856649 2.512425 9.639748 2.512134 3.534303 
2.514982 10.799839 2.469835 9.669661 2.499531 3.304733 2.494436 10.743297 2.519473 9.854773 
2.496626 3.602238 2.494162 3.148358 2.499091 10.285685 2.506969 3.988889 2.489071 10.717587 
2.493038 3.566764 2.493654 9.545735 2.513451 10.733889 2.483222 10.553169 2.522570 3.024562 
2.500045 6.563139 2.533812 3.205650 2.551973 10.483139 2.481928 10.765561 2.472780 3.082915 
2.492083 11.481103 2.522903 3.706456 2.469321 10.703487 2.516918 9.146418 2.492696 3.827663 
2.507078 10.937542 2.508720 3.270176 2.499703 3.353326 2.479501 4.160707 2.502010 9.829401 
2.504226 9.441855 2.501637 3.739182 2.495054 3.791051 2.492069 3.294558 2.485954 3.256681 
2.495049 3.533301 2.514438 10.901133 2.502843 3.233651 2.534505 3.623056 2.477655 9.604834 
2.500747 3.617885 2.495362 9.247209 2.504363 3.432233 2.519261 3.531171 2.475432 3.115802 
2.470741 10.401397 2.472744 3.252856 2.523413 10.484707 2.512532 3.226060 2.507606 3.236940 

Avg Classes:
2.501062 6.987991 2.500831 7.004122 2.500320 6.993248 2.501601 6.996249 2.500578 6.990609 
2.499498 7.005723 2.498374 7.006795 2.501292 7.002107 2.499690 7.004367 2.498954 6.983451 
2.499895 6.977804 2.500798 6.985700 2.497879 6.992608 2.496556 7.012830 2.497165 6.990719 
2.505279 7.053359 2.508546 7.025330 2.503622 7.027224 2.496757 7.017660 2.492969 7.021495 
2.515058 7.299356 2.473616 7.259717 2.514286 7.283912 2.472844 7.284170 2.470785 7.327413 
2.523547 7.069138 2.523547 7.098196 2.523547 7.013026 2.523547 6.972445 2.523547 6.891283 
2.484551 7.143258 2.502809 7.093399 2.549157 7.078652 2.497893 7.214185 2.465590 7.115169 
2.417391 6.704348 2.482609 6.821739 2.565217 6.452174 2.560870 6.960870 2.504348 6.700000 
2.416667 8.583333 2.416667 7.583333 2.416667 8.166667 2.416667 7.083333 2.416667 7.333333 
3.333333 7.666667 3.333333 7.666667 3.333333 12.000000 3.333333 8.000000 3.333333 11.666667 

Cluster 0 is class 0
Cluster 1 is class 0
Cluster 2 is class 8
Cluster 3 is class 0
Cluster 4 is class 5
Cluster 5 is class 0
Cluster 6 is class 8
Cluster 7 is class 9
Cluster 8 is class 0
Cluster 9 is class 0
Cluster 10 is class 0
Cluster 11 is class 0
Cluster 12 is class 9
Cluster 13 is class 7
Cluster 14 is class 0
Cluster 15 is class 8
Cluster 16 is class 7
Cluster 17 is class 7
Cluster 18 is class 0
Cluster 19 is class 0
Cluster 20 is class 0
Cluster 21 is class 0
Cluster 22 is class 8
Cluster 23 is class 0
Cluster 24 is class 0
Cluster 25 is class 0
Cluster 26 is class 0
Cluster 27 is class 8

Overall Accuracy is 0.314439

