----------------------------For Number of clusters 8----------------------------
Avg Clusters:
2.507734 5.801082 2.510063 9.906135 2.501915 5.218019 2.494580 8.906028 2.489146 10.059739 
2.494744 4.423454 2.502277 4.606016 2.499865 4.074384 2.503331 6.469915 2.502642 4.359576 
2.496049 8.048214 2.505265 9.826459 2.504963 9.420889 2.514488 3.858645 2.506058 4.506838 
2.501538 10.686678 2.488156 7.709604 2.482822 4.518302 2.508167 9.833995 2.502034 3.851006 
2.488527 10.177883 2.491490 5.251905 2.502514 4.592907 2.495231 4.038626 2.510445 9.903810 
2.499945 9.718895 2.504586 3.739788 2.509512 10.579457 2.487173 8.975958 2.491446 7.908932 
2.514985 3.581174 2.492003 7.084600 2.512067 10.278435 2.492550 10.634823 2.496061 4.552662 
2.503180 3.660471 2.492316 5.406495 2.491182 9.728636 2.504401 4.011231 2.500038 10.293211 

Avg Classes:
2.501062 6.987991 2.500831 7.004122 2.500320 6.993248 2.501601 6.996249 2.500578 6.990609 
2.499498 7.005723 2.498374 7.006795 2.501292 7.002107 2.499690 7.004367 2.498954 6.983451 
2.499895 6.977804 2.500798 6.985700 2.497879 6.992608 2.496556 7.012830 2.497165 6.990719 
2.505279 7.053359 2.508546 7.025330 2.503622 7.027224 2.496757 7.017660 2.492969 7.021495 
2.515058 7.299356 2.473616 7.259717 2.514286 7.283912 2.472844 7.284170 2.470785 7.327413 
2.523547 7.069138 2.523547 7.098196 2.523547 7.013026 2.523547 6.972445 2.523547 6.891283 
2.484551 7.143258 2.502809 7.093399 2.549157 7.078652 2.497893 7.214185 2.465590 7.115169 
2.417391 6.704348 2.482609 6.821739 2.565217 6.452174 2.560870 6.960870 2.504348 6.700000 
2.416667 8.583333 2.416667 7.583333 2.416667 8.166667 2.416667 7.083333 2.416667 7.333333 
3.333333 7.666667 3.333333 7.666667 3.333333 12.000000 3.333333 8.000000 3.333333 11.666667 

Cluster 0 is class 4
Cluster 1 is class 7
Cluster 2 is class 0
Cluster 3 is class 0
Cluster 4 is class 0
Cluster 5 is class 0
Cluster 6 is class 0
Cluster 7 is class 0

Overall Accuracy is 0.356780

