Avg Clusters:
2.514210 10.056411 2.520233 9.426912 2.472024 10.806848 2.512117 3.374918 2.495799 9.796983 
2.494294 10.334717 2.475770 10.448395 2.495462 9.075114 2.506626 10.233994 2.502623 3.942788 
2.488615 9.878100 2.513412 10.763827 2.490388 3.096822 2.512258 5.765262 2.491233 3.677418 
2.492152 3.477021 2.511738 10.272530 2.519143 3.269257 2.507928 4.342580 2.506238 9.792853 
2.501345 3.691134 2.504888 10.150372 2.484197 10.053228 2.520846 3.581135 2.511380 3.656890 
2.465661 3.384795 2.515680 4.761484 2.499471 3.235038 2.498775 10.366075 2.517011 4.200079 
2.491074 10.097547 2.491001 3.516827 2.512901 10.259840 2.504170 4.068551 2.487734 4.016778 
2.512136 4.425258 2.476929 10.973516 2.483914 3.742937 2.491467 10.568927 2.515359 4.029644 
2.510765 3.460598 2.474367 3.462384 2.483776 10.115853 2.492257 3.500292 2.489956 4.731587 
2.479798 10.311666 2.497648 3.151824 2.509407 9.686290 2.499576 3.652787 2.506053 10.668749 
2.497996 3.863506 2.493072 9.184015 2.502118 3.308294 2.516623 3.297111 2.464789 3.348525 
2.511394 4.104044 2.479529 3.176443 2.519469 3.578659 2.489796 4.473707 2.505446 10.331539 
2.514393 3.043678 2.514393 10.125484 2.506089 10.540344 2.488322 3.767158 2.487244 10.617080 
2.507231 3.850604 2.508197 3.870948 2.503651 9.907714 2.497628 10.824464 2.483393 9.827731 
2.487553 10.524827 2.533542 10.641117 2.516380 10.422078 2.500648 3.591061 2.516156 3.178056 
2.515461 10.052737 2.469730 10.304608 2.503137 3.454731 2.477469 10.309035 2.499920 10.201490 
2.496734 10.202731 2.513084 3.528179 2.493338 3.271637 2.499206 4.293154 2.484665 3.258092 
2.516904 9.620845 2.515928 9.687322 2.501707 10.459569 2.522105 10.759204 2.494921 10.630638 
2.502093 10.803322 2.497026 6.457682 2.498392 3.137375 2.504075 11.097942 2.499449 3.318632 
2.511618 10.419659 2.502840 3.681970 2.468807 3.588556 2.502417 7.752007 2.475285 7.776135 
2.502264 10.694319 2.495149 2.729840 2.495203 7.273016 2.509702 10.996550 2.505336 4.477684 
2.500024 3.672564 2.515080 7.186233 2.497483 3.377123 2.500118 10.768174 2.487225 10.962782 
2.486551 10.187193 2.460809 3.278186 2.491988 4.759588 2.492798 8.959391 2.544455 11.916874 
2.480178 3.188963 2.507770 11.634253 2.522487 5.412750 2.504218 10.660514 2.519315 9.974183 
2.479845 10.289008 2.531509 7.612128 2.522386 3.306213 2.486192 3.110615 2.519857 10.787793 
2.517149 10.853685 2.467822 3.468520 2.510010 10.783425 2.491117 10.691214 2.510332 9.787075 
2.523083 3.486927 2.511895 2.819044 2.511129 3.934048 2.482923 4.091921 2.486751 3.510658 
2.448613 11.455449 2.459800 10.954012 2.525674 7.268003 2.533520 6.139672 2.492271 9.760584 
2.500106 4.230249 2.476073 2.192896 2.482416 3.727606 2.524279 10.958982 2.505392 10.036578 
2.518793 3.523793 2.510259 6.669828 2.485991 10.659957 2.483405 10.650862 2.505388 3.301983 
2.541136 9.686600 2.467009 11.986653 2.478622 3.458110 2.471081 2.900083 2.486162 9.763517 
2.478457 3.413775 2.516767 3.268439 2.502918 10.514380 2.501433 3.666030 2.483657 10.932187 
2.515552 3.604421 2.510710 11.634613 2.524667 10.346075 2.486898 10.535889 2.498918 3.966048 
2.503159 10.640326 2.489403 2.540910 2.500120 3.661601 2.489323 2.539710 2.492682 9.635687 
2.521661 10.647977 2.463086 8.364769 2.523380 5.639885 2.453777 2.251271 2.504547 4.858861 
2.516430 4.387656 2.470976 6.816347 2.471560 6.853878 2.549958 2.707256 2.530275 10.523770 
2.510215 4.034241 2.474303 2.119234 2.527560 10.773352 2.480021 9.573943 2.502762 3.706604 
2.487841 5.271287 2.514762 10.108426 2.527478 11.420168 2.485759 7.672418 2.505615 7.622741 
2.511875 2.857583 2.520953 10.065251 2.483343 10.835697 2.472724 10.725946 2.512523 11.212288 
2.454638 3.344551 2.486354 6.994745 2.533284 6.735663 2.527383 7.488106 2.502028 6.583717 
2.482165 7.112565 2.525453 3.890751 2.488080 11.036386 2.477505 7.365030 2.541316 10.883940 
2.509671 10.604811 2.571527 4.543741 2.536868 2.942072 2.503289 12.080707 2.484732 9.855376 
2.468001 10.431811 2.543889 4.557599 2.510948 11.622442 2.498278 10.439608 2.500422 3.243324 
2.492614 6.224008 2.531172 2.894174 2.476354 6.034098 2.526340 10.756666 2.439747 2.524482 
2.596421 6.456120 2.464609 11.268212 2.462430 7.090628 2.533211 6.419525 2.458185 11.359986 
2.510245 7.536820 2.511313 7.010886 2.529776 7.881003 2.503629 6.396692 2.532551 2.525827 

Avg Classes:
2.501062 6.987991 2.500831 7.004122 2.500320 6.993248 2.501601 6.996249 2.500578 6.990609 
2.499498 7.005723 2.498374 7.006795 2.501292 7.002107 2.499690 7.004367 2.498954 6.983451 
2.499895 6.977804 2.500798 6.985700 2.497879 6.992608 2.496556 7.012830 2.497165 6.990719 
2.505279 7.053359 2.508546 7.025330 2.503622 7.027224 2.496757 7.017660 2.492969 7.021495 
2.515058 7.299356 2.473616 7.259717 2.514286 7.283912 2.472844 7.284170 2.470785 7.327413 
2.523547 7.069138 2.523547 7.098196 2.523547 7.013026 2.523547 6.972445 2.523547 6.891283 
2.484551 7.143258 2.502809 7.093399 2.549157 7.078652 2.497893 7.214185 2.465590 7.115169 
2.417391 6.704348 2.482609 6.821739 2.565217 6.452174 2.560870 6.960870 2.504348 6.700000 
2.416667 8.583333 2.416667 7.583333 2.416667 8.166667 2.416667 7.083333 2.416667 7.333333 
3.333333 7.666667 3.333333 7.666667 3.333333 12.000000 3.333333 8.000000 3.333333 11.666667 

Cluster 0 is class 8
Cluster 1 is class 8
Cluster 2 is class 5
Cluster 3 is class 7
Cluster 4 is class 0
Cluster 5 is class 7
Cluster 6 is class 8
Cluster 7 is class 0
Cluster 8 is class 0
Cluster 9 is class 8
Cluster 10 is class 7
Cluster 11 is class 7
Cluster 12 is class 0
Cluster 13 is class 9
Cluster 14 is class 8
Cluster 15 is class 4
Cluster 16 is class 0
Cluster 17 is class 9
Cluster 18 is class 0
Cluster 19 is class 0
Cluster 20 is class 0
Cluster 21 is class 0
Cluster 22 is class 0
Cluster 23 is class 0
Cluster 24 is class 0
Cluster 25 is class 8
Cluster 26 is class 0
Cluster 27 is class 8
Cluster 28 is class 7
Cluster 29 is class 0
Cluster 30 is class 0
Cluster 31 is class 9
Cluster 32 is class 0
Cluster 33 is class 0
Cluster 34 is class 0
Cluster 35 is class 0
Cluster 36 is class 2
Cluster 37 is class 0
Cluster 38 is class 9
Cluster 39 is class 0
Cluster 40 is class 9
Cluster 41 is class 0
Cluster 42 is class 4
Cluster 43 is class 7
Cluster 44 is class 4
Cluster 45 is class 0

Overall Accuracy is 0.230607

