----------------------------For Number of clusters 15----------------------------
Avg Clusters:
2.502453 6.805523 2.502202 7.862829 2.498077 10.259207 2.509978 3.595204 2.509412 3.502267 
2.507528 4.292369 2.488250 4.074349 2.509907 5.081036 2.493929 3.970477 2.498784 9.886441 
2.495530 4.220656 2.507817 3.992296 2.501361 10.350657 2.486452 10.087695 2.502822 8.916737 
2.494464 10.347273 2.506055 4.141210 2.503094 9.657819 2.498401 9.799133 2.491399 3.743072 
2.495714 10.037535 2.495357 10.329306 2.505936 4.390744 2.491478 4.061105 2.495481 9.459226 
2.509144 3.833578 2.528858 10.568851 2.486858 9.816071 2.503554 4.662087 2.496431 10.125984 
2.484762 3.998619 2.493202 9.992910 2.493478 3.493540 2.522450 5.525289 2.492404 3.717567 
2.498019 10.289157 2.497040 4.173776 2.500297 10.369323 2.505414 3.979642 2.497056 9.757640 
2.502354 10.275320 2.512960 4.078233 2.496235 3.628652 2.490406 4.418087 2.498819 3.950694 
2.508457 9.943040 2.492114 10.381857 2.506225 9.699645 2.513280 10.375819 2.496776 9.162913 
2.517819 3.819956 2.500019 9.903793 2.522178 9.554757 2.496692 10.633737 2.497457 3.622820 
2.502237 4.186732 2.507633 9.304389 2.510212 3.436527 2.488559 10.477305 2.508419 10.144826 
2.488645 4.094298 2.500826 3.373035 2.493832 4.081690 2.507003 9.927091 2.491345 3.879650 
2.503772 10.543459 2.469271 10.059510 2.491718 3.888155 2.501660 10.091304 2.497786 3.751343 
2.497115 10.281347 2.490802 3.721159 2.489404 4.087838 2.499233 10.078942 2.512208 10.326043 

Avg Classes:
2.501062 6.987991 2.500831 7.004122 2.500320 6.993248 2.501601 6.996249 2.500578 6.990609 
2.499498 7.005723 2.498374 7.006795 2.501292 7.002107 2.499690 7.004367 2.498954 6.983451 
2.499895 6.977804 2.500798 6.985700 2.497879 6.992608 2.496556 7.012830 2.497165 6.990719 
2.505279 7.053359 2.508546 7.025330 2.503622 7.027224 2.496757 7.017660 2.492969 7.021495 
2.515058 7.299356 2.473616 7.259717 2.514286 7.283912 2.472844 7.284170 2.470785 7.327413 
2.523547 7.069138 2.523547 7.098196 2.523547 7.013026 2.523547 6.972445 2.523547 6.891283 
2.484551 7.143258 2.502809 7.093399 2.549157 7.078652 2.497893 7.214185 2.465590 7.115169 
2.417391 6.704348 2.482609 6.821739 2.565217 6.452174 2.560870 6.960870 2.504348 6.700000 
2.416667 8.583333 2.416667 7.583333 2.416667 8.166667 2.416667 7.083333 2.416667 7.333333 
3.333333 7.666667 3.333333 7.666667 3.333333 12.000000 3.333333 8.000000 3.333333 11.666667 

Cluster 0 is class 0
Cluster 1 is class 7
Cluster 2 is class 0
Cluster 3 is class 0
Cluster 4 is class 0
Cluster 5 is class 0
Cluster 6 is class 0
Cluster 7 is class 8
Cluster 8 is class 0
Cluster 9 is class 4
Cluster 10 is class 5
Cluster 11 is class 0
Cluster 12 is class 0
Cluster 13 is class 0
Cluster 14 is class 4

Overall Accuracy is 0.351437

