Avg Clusters:
2.500126 4.044635 2.489821 3.892709 2.487609 4.316585 2.502734 9.925044 2.495504 9.746898 
2.487668 9.748258 2.495567 4.031261 2.488821 9.897147 2.496199 3.921810 2.505548 9.524319 
2.515099 4.010625 2.507282 10.068149 2.501205 9.534944 2.498166 3.702068 2.489050 10.041451 
2.508504 4.625469 2.503889 4.605987 2.519035 3.553331 2.501594 3.210368 2.510238 10.212433 
2.508871 10.232017 2.481236 10.350048 2.501822 3.715195 2.503124 4.641101 2.495594 9.928248 
2.483937 4.672785 2.509777 9.784933 2.494723 4.059922 2.526450 4.145894 2.483748 3.557083 
2.499772 4.036751 2.489225 3.939611 2.495705 10.051517 2.491443 4.820441 2.500533 3.534870 
2.505186 10.911298 2.493854 3.235580 2.498777 3.549057 2.495712 4.900585 2.499892 9.515651 
2.508774 4.645339 2.523843 4.268980 2.512646 10.193430 2.483344 11.108839 2.507940 4.109187 
2.494756 10.121514 2.497970 9.964184 2.513896 9.768065 2.512011 10.238049 2.493789 9.775799 
2.496443 4.331021 2.501968 10.860635 2.522198 9.880612 2.509232 9.939613 2.495207 3.877762 
2.492793 10.819158 2.490792 3.980664 2.516808 10.216107 2.512048 5.314303 2.491495 3.200557 
2.487614 11.049699 2.484621 10.175968 2.510474 4.228012 2.473916 4.680827 2.496406 3.243653 
2.496161 5.614533 2.509016 3.935577 2.502827 3.154080 2.501071 10.266321 2.491906 3.264596 
2.515092 10.832188 2.464509 9.750798 2.493478 9.729808 2.499896 10.201984 2.508847 3.112649 
2.523991 10.259449 2.490903 3.195932 2.510474 9.926778 2.497886 10.746445 2.485426 9.670564 
2.486672 3.381775 2.491085 4.144935 2.519472 10.902411 2.488437 9.597218 2.495675 10.653956 
2.496166 9.905531 2.488997 10.260557 2.484177 3.060162 2.495320 11.018218 2.497355 5.128338 
2.501482 9.692556 2.525428 10.366370 2.508630 10.633893 2.505402 3.120520 2.515283 4.184387 
2.500914 3.406187 2.503722 3.215219 2.503945 10.170998 2.500111 3.209201 2.484420 10.312843 
2.496003 10.640332 2.485971 5.177091 2.501685 3.108237 2.479505 10.972804 2.515205 10.460734 
2.507587 3.182381 2.500782 10.816564 2.509225 3.221753 2.517339 5.351152 2.511299 10.280739 
2.493690 4.468448 2.519944 10.558348 2.503851 4.182403 2.479297 11.150978 2.494232 10.346653 
2.492578 10.750154 2.535934 10.311527 2.467035 10.454699 2.501484 3.467803 2.495700 10.818233 
2.501971 2.848357 2.478813 10.110809 2.493043 3.413777 2.496896 10.529889 2.526490 3.745207 
2.515311 3.411789 2.541281 10.675374 2.487961 10.695670 2.499821 10.217371 2.519963 10.555084 
2.511764 2.946920 2.485176 10.497561 2.478673 10.513485 2.511955 3.281609 2.511046 3.683627 
2.508041 4.168656 2.508640 3.157274 2.494724 3.602415 2.470762 3.456384 2.478273 3.711488 
2.495373 10.917566 2.522279 3.645298 2.487563 3.238545 2.522189 4.735904 2.501332 3.199720 
2.492320 11.183223 2.514528 3.380760 2.482334 6.186837 2.535308 11.117457 2.517904 3.411242 

Avg Classes:
2.501062 6.987991 2.500831 7.004122 2.500320 6.993248 2.501601 6.996249 2.500578 6.990609 
2.499498 7.005723 2.498374 7.006795 2.501292 7.002107 2.499690 7.004367 2.498954 6.983451 
2.499895 6.977804 2.500798 6.985700 2.497879 6.992608 2.496556 7.012830 2.497165 6.990719 
2.505279 7.053359 2.508546 7.025330 2.503622 7.027224 2.496757 7.017660 2.492969 7.021495 
2.515058 7.299356 2.473616 7.259717 2.514286 7.283912 2.472844 7.284170 2.470785 7.327413 
2.523547 7.069138 2.523547 7.098196 2.523547 7.013026 2.523547 6.972445 2.523547 6.891283 
2.484551 7.143258 2.502809 7.093399 2.549157 7.078652 2.497893 7.214185 2.465590 7.115169 
2.417391 6.704348 2.482609 6.821739 2.565217 6.452174 2.560870 6.960870 2.504348 6.700000 
2.416667 8.583333 2.416667 7.583333 2.416667 8.166667 2.416667 7.083333 2.416667 7.333333 
3.333333 7.666667 3.333333 7.666667 3.333333 12.000000 3.333333 8.000000 3.333333 11.666667 

Cluster 0 is class 0
Cluster 1 is class 8
Cluster 2 is class 0
Cluster 3 is class 0
Cluster 4 is class 0
Cluster 5 is class 0
Cluster 6 is class 0
Cluster 7 is class 0
Cluster 8 is class 0
Cluster 9 is class 8
Cluster 10 is class 0
Cluster 11 is class 8
Cluster 12 is class 0
Cluster 13 is class 7
Cluster 14 is class 8
Cluster 15 is class 8
Cluster 16 is class 9
Cluster 17 is class 0
Cluster 18 is class 8
Cluster 19 is class 0
Cluster 20 is class 0
Cluster 21 is class 0
Cluster 22 is class 0
Cluster 23 is class 8
Cluster 24 is class 0
Cluster 25 is class 9
Cluster 26 is class 0
Cluster 27 is class 0
Cluster 28 is class 0
Cluster 29 is class 0

Overall Accuracy is 0.351715

