Avg Clusters:
2.494600 3.324250 2.503691 9.112617 2.493097 10.030507 2.510685 3.738700 2.499294 3.703591 
2.496465 3.337946 2.522545 10.727200 2.505846 3.738177 2.484250 9.810504 2.512119 9.595560 
2.506110 11.267568 2.502387 4.018559 2.486337 4.231933 2.518599 9.909498 2.492730 8.977368 
2.496332 4.669909 2.484575 9.982546 2.475835 3.260457 2.533347 4.129487 2.487540 3.647981 
2.508431 9.880832 2.523650 10.072417 2.473158 10.896212 2.495051 3.710269 2.495696 10.286829 
2.529159 10.004094 2.492345 3.808739 2.502529 10.733115 2.488010 10.324755 2.512266 10.410597 
2.507084 7.571243 2.498609 3.417345 2.492474 10.444511 2.486807 3.979281 2.497361 3.406946 
2.506076 3.557970 2.504882 3.818529 2.513133 9.972806 2.492359 10.225777 2.503104 3.641091 
2.515927 3.861213 2.537184 10.275893 2.490502 10.640111 2.500194 10.202914 2.506364 10.143794 
2.504855 9.627530 2.521817 3.940665 2.494514 3.134624 2.465981 3.415663 2.493947 9.893720 
2.497491 10.115231 2.501545 4.576268 2.498710 4.020183 2.507668 9.953567 2.501573 2.791621 
2.484475 3.530322 2.521114 9.624309 2.517398 4.124293 2.530613 3.258408 2.492520 10.621919 
2.508424 10.194117 2.473772 10.596981 2.499061 9.638441 2.505283 9.748622 2.500970 3.177730 
2.521036 3.510877 2.508124 2.991275 2.506068 4.772267 2.468300 3.944589 2.485362 3.677498 
2.508682 3.774490 2.495601 3.623777 2.492174 10.223467 2.499852 3.102079 2.487463 9.970707 
2.479914 10.760238 2.502367 3.135598 2.516425 10.641870 2.515205 3.359789 2.511544 10.198272 
2.491114 9.898908 2.481901 10.930954 2.498179 2.974690 2.494101 10.242498 2.499563 4.213256 
2.511110 3.218926 2.495486 9.799321 2.509336 4.274246 2.499306 10.849086 2.502585 3.235939 
2.500335 10.990248 2.496241 9.863284 2.515521 4.119631 2.478002 3.261595 2.502159 3.740564 
2.494237 10.770591 2.505614 10.716294 2.526279 9.215450 2.517039 10.758073 2.473969 10.421262 
2.471304 3.819225 2.517071 3.095150 2.473160 3.344698 2.507400 10.818102 2.526108 4.139110 
2.529111 10.344801 2.464530 10.437112 2.508887 2.742768 2.491426 9.540318 2.514829 10.899765 
2.518296 3.117539 2.512860 3.435165 2.494953 4.593565 2.503882 7.677618 2.509075 10.774095 
2.509490 3.182259 2.498534 10.553025 2.502475 10.618087 2.486570 3.526452 2.481140 10.392629 
2.497968 6.440931 2.483915 6.613901 2.487222 3.709513 2.506992 11.070607 2.474065 10.914032 
2.511281 2.488253 2.449096 3.759463 2.514451 3.859221 2.536174 11.908726 2.487880 10.092858 
2.461480 3.996962 2.460214 5.517678 2.547042 2.371530 2.494811 6.478947 2.469749 6.230698 
2.500205 3.662680 2.496521 10.832250 2.507480 10.714701 2.479287 10.102906 2.522577 3.450048 
2.509391 10.110275 2.479928 11.034514 2.502131 3.306256 2.487978 3.178303 2.497606 10.405587 
2.504525 3.536745 2.476751 3.215556 2.509362 3.408488 2.518646 2.526291 2.518958 10.477844 
2.476915 10.763650 2.538888 3.436515 2.485617 10.613824 2.493633 10.409674 2.500183 3.410407 
2.526162 3.739835 2.487690 3.216477 2.512478 10.315686 2.502496 11.196456 2.490214 10.330716 
2.444648 3.016510 2.498485 4.677620 2.526081 11.579359 2.506381 7.395119 2.504546 9.523608 
2.488984 10.538011 2.534985 10.095263 2.509124 10.802525 2.510023 3.171473 2.509219 3.213833 
2.477991 6.744930 2.520680 7.334957 2.490745 7.347445 2.458595 10.804712 2.489505 6.318395 
2.506105 10.499778 2.509879 3.596681 2.492396 3.277001 2.523643 3.381230 2.490398 3.238761 
2.513270 6.996209 2.520221 11.182780 2.488152 7.795024 2.526145 3.377883 2.506398 6.194076 
2.549320 6.826499 2.429521 11.042720 2.486348 6.956373 2.508917 6.880605 2.513652 11.111335 
2.466109 7.723427 2.477779 2.046776 2.495283 3.369542 2.448896 10.415929 2.528251 10.635515 
2.498892 11.068034 2.521297 6.443250 2.540747 10.808043 2.497579 6.233566 2.478047 6.367009 
2.458761 8.295325 2.457874 7.767896 2.529963 11.928038 2.562904 11.419739 2.510072 6.052705 
2.499289 11.354148 2.495026 6.988541 2.489696 6.424498 2.503997 3.268609 2.505063 10.770386 
2.499104 11.688597 2.485851 10.955821 2.535642 6.321791 2.504000 6.917851 2.494806 7.296000 
2.478976 11.500166 2.406930 2.516952 2.522603 7.655892 2.520858 4.214476 2.494765 5.180322 
2.447914 7.266358 2.493688 4.092512 2.509781 7.955093 2.483377 5.992387 2.511709 11.202082 

Avg Classes:
2.501062 6.987991 2.500831 7.004122 2.500320 6.993248 2.501601 6.996249 2.500578 6.990609 
2.499498 7.005723 2.498374 7.006795 2.501292 7.002107 2.499690 7.004367 2.498954 6.983451 
2.499895 6.977804 2.500798 6.985700 2.497879 6.992608 2.496556 7.012830 2.497165 6.990719 
2.505279 7.053359 2.508546 7.025330 2.503622 7.027224 2.496757 7.017660 2.492969 7.021495 
2.515058 7.299356 2.473616 7.259717 2.514286 7.283912 2.472844 7.284170 2.470785 7.327413 
2.523547 7.069138 2.523547 7.098196 2.523547 7.013026 2.523547 6.972445 2.523547 6.891283 
2.484551 7.143258 2.502809 7.093399 2.549157 7.078652 2.497893 7.214185 2.465590 7.115169 
2.417391 6.704348 2.482609 6.821739 2.565217 6.452174 2.560870 6.960870 2.504348 6.700000 
2.416667 8.583333 2.416667 7.583333 2.416667 8.166667 2.416667 7.083333 2.416667 7.333333 
3.333333 7.666667 3.333333 7.666667 3.333333 12.000000 3.333333 8.000000 3.333333 11.666667 

Cluster 0 is class 0
Cluster 1 is class 0
Cluster 2 is class 0
Cluster 3 is class 0
Cluster 4 is class 8
Cluster 5 is class 9
Cluster 6 is class 0
Cluster 7 is class 0
Cluster 8 is class 9
Cluster 9 is class 0
Cluster 10 is class 7
Cluster 11 is class 0
Cluster 12 is class 4
Cluster 13 is class 7
Cluster 14 is class 0
Cluster 15 is class 4
Cluster 16 is class 0
Cluster 17 is class 0
Cluster 18 is class 0
Cluster 19 is class 8
Cluster 20 is class 0
Cluster 21 is class 0
Cluster 22 is class 0
Cluster 23 is class 0
Cluster 24 is class 0
Cluster 25 is class 0
Cluster 26 is class 0
Cluster 27 is class 0
Cluster 28 is class 8
Cluster 29 is class 0
Cluster 30 is class 4
Cluster 31 is class 4
Cluster 32 is class 0
Cluster 33 is class 5
Cluster 34 is class 0
Cluster 35 is class 7
Cluster 36 is class 0
Cluster 37 is class 0
Cluster 38 is class 0
Cluster 39 is class 8
Cluster 40 is class 8
Cluster 41 is class 0
Cluster 42 is class 8
Cluster 43 is class 8
Cluster 44 is class 0

Overall Accuracy is 0.336342

