----------------------------For Number of clusters 50----------------------------
Avg Clusters:
2.495718 3.452082 2.520865 10.306693 2.491288 9.603114 2.517796 3.835577 2.507475 3.824192 
2.509595 3.565463 2.512001 10.462647 2.512190 3.281610 2.512325 5.169063 2.505973 9.877723 
2.515648 3.976046 2.496678 10.144740 2.514737 10.291463 2.487541 10.774208 2.505707 4.258373 
2.499462 10.202367 2.510187 3.053085 2.517898 11.182174 2.485509 9.028443 2.513522 6.129089 
2.509731 3.292159 2.510840 3.282366 2.505512 10.096237 2.492517 10.002279 2.499661 4.013304 
2.478383 10.223260 2.505606 4.146295 2.493847 2.715045 2.524162 9.569910 2.512274 4.422229 
2.487746 9.773232 2.499786 3.859254 2.504579 9.634455 2.500499 3.561243 2.509772 10.994065 
2.509040 10.088427 2.528871 4.383328 2.504723 3.168815 2.475227 4.090397 2.487582 10.234220 
2.502592 8.951570 2.510619 10.872705 2.505937 9.848691 2.486003 10.026790 2.495334 10.469681 
2.500897 5.123817 2.496537 9.911528 2.474519 3.082906 2.528882 3.817274 2.482497 3.476900 
2.505651 3.864686 2.485004 4.013670 2.494555 3.710167 2.497850 10.146024 2.497078 10.407615 
2.485713 3.475791 2.499217 2.884549 2.497426 9.823747 2.503991 5.207065 2.494032 10.598590 
2.508541 3.763212 2.511185 3.311137 2.515639 4.028320 2.470445 4.122430 2.480743 3.927948 
2.504077 11.082637 2.472151 10.793030 2.515843 4.718134 2.494478 4.000619 2.496233 4.417621 
2.490651 3.922987 2.518207 10.518509 2.505391 4.728815 2.485072 11.126131 2.491255 10.403197 
2.463586 10.273908 2.494904 3.552608 2.522221 9.257574 2.523012 2.617898 2.498860 5.405417 
2.503870 10.601300 2.459290 8.098801 2.515811 3.311707 2.496174 10.445756 2.525187 10.823139 
2.513035 3.582822 2.490927 5.274350 2.502482 10.747174 2.498853 11.019397 2.489467 10.481041 
2.489977 2.894610 2.543129 10.849734 2.495889 10.897673 2.524910 7.701134 2.495942 10.474606 
2.521866 10.149446 2.496676 11.707522 2.478192 3.379359 2.513878 9.762799 2.480991 8.028630 
2.532700 9.118478 2.512547 3.012387 2.524677 10.087029 2.471857 10.640716 2.510173 11.417881 
2.503850 3.749050 2.506433 10.253339 2.482259 2.750171 2.477239 10.934204 2.528219 4.490886 
2.493936 10.478225 2.528185 5.607868 2.532206 3.450512 2.495695 3.092503 2.470747 2.847043 
2.524747 5.781534 2.447294 4.041274 2.514616 10.698987 2.488915 3.851693 2.512590 2.442836 
2.525312 10.552403 2.489519 3.298222 2.499054 7.266288 2.517140 6.893303 2.472342 2.541355 
2.495598 9.025326 2.468557 11.073291 2.494455 5.270638 2.474445 10.278584 2.529957 2.629202 
2.479486 2.292173 2.460076 8.851744 2.507575 5.000552 2.565331 8.873363 2.479564 2.632397 
2.512448 10.308823 2.515792 10.525412 2.472689 10.868214 2.502002 3.609554 2.509186 9.680897 
2.486581 3.718924 2.478929 3.464686 2.514535 3.304565 2.516979 3.232875 2.521815 10.570123 
2.497873 10.026062 2.495357 6.867354 2.493380 10.788209 2.506261 10.861722 2.472949 2.881134 
2.532389 10.591259 2.461701 2.040584 2.444866 2.888393 2.502397 3.271045 2.506968 5.499610 
2.487432 3.519176 2.514456 3.053045 2.483479 3.256903 2.505959 10.787763 2.520297 3.681319 
2.475997 11.341168 2.469805 11.032492 2.521806 10.343232 2.527265 10.066915 2.522871 4.636860 
2.461323 6.988381 2.516454 7.405022 2.498284 6.735808 2.459061 6.357533 2.488459 7.428415 
2.500715 9.624209 2.528150 10.908163 2.522023 10.975628 2.506910 5.314453 2.521479 2.741099 
2.506893 4.137489 2.479871 11.069294 2.509089 9.688240 2.474442 2.531719 2.457362 10.668415 
2.503447 10.644512 2.481024 10.366358 2.515125 5.631344 2.537735 3.377912 2.467793 11.136965 
2.514629 3.046566 2.459759 6.391773 2.504928 10.959177 2.515173 2.656034 2.499263 9.235157 
2.501810 9.505947 2.485865 10.716859 2.479659 1.911222 2.461041 3.291760 2.523186 10.316497 
2.476875 6.927216 2.456738 6.190876 2.522601 5.592449 2.509282 11.444363 2.454221 2.703513 
2.511787 3.154342 2.508463 7.673786 2.513500 5.834374 2.533246 2.765263 2.518134 11.001914 
2.487650 10.150415 2.548848 9.807742 2.489309 10.398341 2.489217 1.783779 2.520276 3.787742 
2.519210 6.891323 2.518133 6.630640 2.478875 11.901257 2.488929 5.500658 2.502334 7.076960 
2.499661 10.960025 2.489683 2.487835 2.467816 4.338959 2.501078 10.213058 2.517339 10.549738 
2.498214 7.108866 2.555760 2.649321 2.535558 6.587899 2.461994 11.233446 2.480869 6.944904 
2.503379 2.255679 2.501690 3.002910 2.455979 10.281209 2.484513 3.259715 2.484794 4.834616 
2.480060 11.374712 2.518442 2.984786 2.489742 7.417935 2.516598 11.740779 2.512448 3.172199 
2.513696 11.939925 2.511102 9.487446 2.496369 2.789375 2.494501 10.373418 2.479664 3.313654 
2.462070 11.500925 2.477489 4.764895 2.461083 11.393364 2.456149 3.953127 2.488220 2.226348 
2.521859 11.749643 2.476981 6.685403 2.458155 9.934243 2.567809 10.186652 2.477159 10.567809 

Avg Classes:
2.501062 6.987991 2.500831 7.004122 2.500320 6.993248 2.501601 6.996249 2.500578 6.990609 
2.499498 7.005723 2.498374 7.006795 2.501292 7.002107 2.499690 7.004367 2.498954 6.983451 
2.499895 6.977804 2.500798 6.985700 2.497879 6.992608 2.496556 7.012830 2.497165 6.990719 
2.505279 7.053359 2.508546 7.025330 2.503622 7.027224 2.496757 7.017660 2.492969 7.021495 
2.515058 7.299356 2.473616 7.259717 2.514286 7.283912 2.472844 7.284170 2.470785 7.327413 
2.523547 7.069138 2.523547 7.098196 2.523547 7.013026 2.523547 6.972445 2.523547 6.891283 
2.484551 7.143258 2.502809 7.093399 2.549157 7.078652 2.497893 7.214185 2.465590 7.115169 
2.417391 6.704348 2.482609 6.821739 2.565217 6.452174 2.560870 6.960870 2.504348 6.700000 
2.416667 8.583333 2.416667 7.583333 2.416667 8.166667 2.416667 7.083333 2.416667 7.333333 
3.333333 7.666667 3.333333 7.666667 3.333333 12.000000 3.333333 8.000000 3.333333 11.666667 

Cluster 0 is class 0
Cluster 1 is class 7
Cluster 2 is class 0
Cluster 3 is class 0
Cluster 4 is class 0
Cluster 5 is class 7
Cluster 6 is class 8
Cluster 7 is class 7
Cluster 8 is class 8
Cluster 9 is class 5
Cluster 10 is class 7
Cluster 11 is class 0
Cluster 12 is class 7
Cluster 13 is class 8
Cluster 14 is class 0
Cluster 15 is class 8
Cluster 16 is class 0
Cluster 17 is class 9
Cluster 18 is class 9
Cluster 19 is class 0
Cluster 20 is class 9
Cluster 21 is class 0
Cluster 22 is class 0
Cluster 23 is class 0
Cluster 24 is class 0
Cluster 25 is class 0
Cluster 26 is class 7
Cluster 27 is class 8
Cluster 28 is class 0
Cluster 29 is class 8
Cluster 30 is class 0
Cluster 31 is class 7
Cluster 32 is class 8
Cluster 33 is class 0
Cluster 34 is class 8
Cluster 35 is class 9
Cluster 36 is class 8
Cluster 37 is class 0
Cluster 38 is class 0
Cluster 39 is class 0
Cluster 40 is class 0
Cluster 41 is class 8
Cluster 42 is class 8
Cluster 43 is class 4
Cluster 44 is class 7
Cluster 45 is class 0
Cluster 46 is class 0
Cluster 47 is class 0
Cluster 48 is class 8
Cluster 49 is class 8

Overall Accuracy is 0.222825

