Avg Clusters:
2.502363 3.018853 2.527161 10.465623 2.522842 3.403069 2.508359 7.437014 2.534783 10.436303 
2.486671 5.910957 2.515761 2.632627 2.503193 4.803821 2.459609 3.763379 2.516876 10.986823 
2.519528 3.586629 2.529650 10.752777 2.502247 10.131783 2.489952 10.320792 2.495383 6.996741 
2.505695 3.381211 2.484888 3.005157 2.506637 3.867220 2.505874 10.785516 2.493587 10.161480 
2.509256 10.648871 2.455599 11.371197 2.505232 3.657295 2.508612 3.589687 2.470516 10.093148 
2.488651 3.846717 2.552528 8.989789 2.488318 11.199068 2.513458 6.961763 2.495144 11.163994 
2.520074 2.501172 2.470617 5.128402 2.530093 2.955020 2.530804 3.474241 2.515668 10.571733 
2.491850 10.889970 2.495055 3.449413 2.501630 3.480765 2.486742 11.038850 2.495110 7.339709 
2.479851 3.052658 2.450738 3.526534 2.514224 11.066857 2.503703 10.286889 2.516625 7.167322 
2.502756 7.337418 2.532987 2.970624 2.539515 10.015464 2.479694 9.302905 2.479159 2.824870 
2.503798 9.037855 2.539611 9.569678 2.515672 8.874816 2.483945 11.332716 2.485796 11.422853 
2.531069 9.930271 2.536422 9.386551 2.502847 11.497640 2.531799 3.538027 2.506837 3.758601 
2.507178 7.213697 2.474494 3.199340 2.486957 7.039098 2.517503 2.921131 2.493799 3.374672 
2.471241 4.750916 2.523395 3.933879 2.478570 3.538425 2.500239 11.298848 2.476552 3.006692 
2.524121 3.629652 2.497380 10.938559 2.522760 3.214670 2.483296 11.668708 2.479213 8.439001 
2.494289 5.833981 2.512828 2.802703 2.485677 11.368220 2.498475 3.159679 2.522158 9.115244 
2.500000 3.201736 2.505481 2.932856 2.524513 10.125305 2.479370 7.733937 2.466809 11.577878 
2.495666 3.625803 2.477799 10.430981 2.500029 3.043340 2.500973 10.335220 2.546612 2.829176 
2.512864 10.435488 2.488340 10.920913 2.515526 10.907668 2.502978 10.285805 2.511787 3.391128 
2.504840 2.333205 2.535111 5.951982 2.535802 7.671942 2.517363 9.083128 2.466656 3.178857 
2.487763 3.647227 2.463677 7.043293 2.501007 2.779043 2.496283 5.762856 2.496128 4.017890 
2.509826 8.934469 2.543344 6.708320 2.511410 2.677575 2.497702 3.862203 2.556260 10.876545 
2.521363 10.201757 2.467674 10.175755 2.523331 3.149051 2.468306 10.680675 2.495784 11.273436 
2.504486 7.744949 2.515855 11.555304 2.509760 9.626464 2.470310 3.608451 2.476748 7.726937 
2.507591 8.798390 2.490502 11.126192 2.504131 3.072876 2.533084 6.875786 2.476449 5.168279 
2.501850 2.555312 2.469154 3.744393 2.499887 10.713585 2.506381 3.914068 2.529034 2.873745 
2.476385 3.627681 2.503409 10.776311 2.487666 9.216065 2.531424 2.848767 2.538552 2.905789 
2.496301 11.109500 2.489709 3.791621 2.508533 2.919139 2.478356 2.560756 2.471252 4.636051 
2.544998 2.510272 2.488946 7.940375 2.491737 11.516525 2.510942 3.431889 2.509268 5.923180 
2.524766 11.241797 2.511797 3.246641 2.531484 6.929062 2.543281 10.578125 2.492188 3.088828 
2.520809 10.926021 2.484574 2.999541 2.520940 7.961008 2.488053 10.420047 2.485756 11.106998 
2.547057 10.911206 2.448098 6.138512 2.466841 11.592248 2.529664 8.544198 2.523787 9.863394 
2.486196 5.281207 2.511140 8.058736 2.529048 11.597697 2.475749 7.878158 2.520840 3.156380 
2.514144 10.615106 2.478470 10.629947 2.506062 3.519440 2.484532 2.826784 2.506550 3.111552 
2.446559 11.455198 2.452562 2.941288 2.500293 10.745095 2.523572 3.444729 2.515813 3.738507 
2.485163 9.641133 2.447891 3.425098 2.464426 2.618609 2.505274 9.658116 2.527083 11.698338 
2.458188 11.180329 2.530558 11.018115 2.483532 10.252333 2.517566 6.532205 2.525526 10.748033 
2.489704 2.391843 2.462715 5.295282 2.512795 9.749300 2.518992 2.443123 2.478509 11.045582 
2.507352 11.241007 2.538839 5.924732 2.494060 11.077843 2.485503 2.801529 2.441555 10.023760 
2.513112 6.802476 2.525155 7.946201 2.451210 8.583793 2.549015 3.001688 2.517164 11.770287 
2.489330 10.968533 2.544899 8.635953 2.476944 6.229224 2.454933 11.189053 2.473596 4.975312 
2.504605 10.601862 2.478360 11.364762 2.503021 3.305734 2.504110 10.661087 2.485491 2.454590 
2.441661 10.885142 2.488867 2.530507 2.512524 11.352494 2.483943 11.085742 2.517127 6.405802 
2.469272 3.384488 2.473015 7.472580 2.466574 7.095317 2.548224 11.287604 2.509575 10.990599 
2.463642 3.003054 2.527487 11.017452 2.519197 10.933537 2.481530 11.331443 2.508871 11.485020 
2.453697 4.953959 2.497221 11.296801 2.498899 3.063346 2.515994 3.421709 2.484111 2.693970 
2.474310 2.686414 2.529804 10.998720 2.530810 6.412781 2.526056 2.841287 2.481989 10.622509 
2.506552 7.340442 2.484070 7.127698 2.520555 10.837616 2.505139 11.639645 2.501156 6.579908 
2.522858 11.261976 2.476744 2.451600 2.483204 7.727688 2.511032 4.630193 2.445339 8.246969 
2.527663 10.980843 2.504061 11.273410 2.481379 9.947126 2.515709 2.131648 2.489655 11.294406 
2.486857 3.188801 2.476177 11.866238 2.478231 11.012733 2.468100 7.968921 2.496988 2.572837 
2.542312 4.354405 2.544192 7.068422 2.471431 2.205699 2.491393 10.533198 2.502097 11.622161 
2.507931 5.619083 2.565006 10.638566 2.465593 3.317847 2.518047 2.484826 2.483577 7.634695 
2.474371 9.077627 2.531952 2.555496 2.502623 11.129826 2.507198 6.619265 2.549173 11.541100 
2.511202 11.161111 2.501554 7.153178 2.521385 6.903741 2.506914 3.447422 2.479258 3.185336 
2.516222 7.697567 2.478853 11.722625 2.462341 6.650782 2.530707 10.970452 2.497393 6.892236 
2.462424 11.440717 2.509949 11.301266 2.529683 11.066436 2.514389 11.161487 2.486598 8.622924 
2.564491 2.312511 2.518212 8.340313 2.522259 3.746085 2.476509 2.190568 2.432694 2.887383 
2.520456 2.352490 2.463587 2.412957 2.489982 3.386563 2.515417 8.026515 2.497660 4.287103 
2.515185 4.008254 2.496029 11.560037 2.522037 11.410372 2.478586 2.624669 2.519545 11.102165 
2.578772 2.927619 2.533620 3.155460 2.449291 10.940678 2.488191 11.305779 2.493054 2.363573 
2.546606 6.783134 2.430527 11.427906 2.408535 5.778619 2.477134 7.426595 2.480192 11.444072 
2.434823 6.747306 2.481340 7.058476 2.485808 2.580683 2.485808 10.974901 2.483180 6.790407 
2.443246 7.119421 2.528821 7.521431 2.513893 6.674106 2.492906 7.459947 2.517440 2.665534 
2.507393 2.958104 2.456944 5.574659 2.463903 6.518266 2.518556 7.045086 2.542621 8.905480 
2.503298 3.376404 2.545799 2.587201 2.493527 3.111749 2.487176 2.726795 2.500611 3.844773 
2.435486 11.601278 2.520653 7.399716 2.505323 2.483747 2.498226 7.080199 2.505891 3.046274 
2.502282 2.463221 2.521074 11.551678 2.456242 6.167517 2.480268 7.683490 2.490470 4.239060 
2.494661 11.895527 2.466811 11.054690 2.565368 7.559307 2.471140 6.310967 2.484416 5.508947 
2.538061 2.250884 2.434208 11.832682 2.493765 10.319375 2.516843 4.111669 2.423599 7.275824 
2.485153 10.844556 2.520424 4.647986 2.465356 3.037084 2.480273 6.565175 2.509968 7.047818 
2.484609 11.457274 2.484353 2.599438 2.484609 3.119555 2.519223 3.308724 2.517052 11.082769 
2.480954 10.861103 2.570610 4.758284 2.502168 11.630381 2.417157 7.272066 2.502323 4.850573 
2.510835 6.991834 2.502513 3.856627 2.516489 11.760678 2.462312 2.952104 2.515546 2.681533 
2.468587 8.095303 2.472066 11.899865 2.477673 8.606805 2.500290 6.423159 2.570655 2.274889 
2.461197 7.478778 2.553898 6.413426 2.454271 7.256260 2.416800 5.000178 2.503818 7.624401 
2.593757 6.296558 2.465042 7.666025 2.543511 11.609365 2.447509 2.601668 2.465256 7.672867 
2.482302 1.865245 2.445249 11.174705 2.515007 2.583937 2.548541 3.347547 2.452701 7.417926 
2.490577 6.598523 2.456505 2.255239 2.475049 2.699533 2.529022 6.727122 2.449570 7.075833 
2.525509 8.256025 2.511268 3.622535 2.480595 2.643975 2.471049 6.426291 2.468858 2.024726 
2.512978 11.848702 2.527493 7.440232 2.480533 5.781762 2.434597 2.343579 2.478142 9.181865 
2.529823 6.215114 2.578572 2.461936 2.525213 7.191787 2.449504 11.184523 2.503003 7.213438 
2.500088 11.419525 2.471064 11.007212 2.483377 2.368865 2.537027 11.068602 2.546174 7.318558 
2.490837 3.148183 2.455608 9.724961 2.507583 10.925276 2.513270 12.098262 2.502844 2.550711 
2.521779 11.660797 2.450880 6.672845 2.415199 9.504402 2.532206 7.814411 2.504866 1.980306 
2.516305 11.468134 2.508525 6.767754 2.552226 6.252111 2.524582 7.458699 2.529879 11.369310 
2.530488 11.980066 2.554409 8.727017 2.492261 2.196295 2.510319 6.852251 2.507036 10.204268 
2.486819 5.693285 2.456225 10.818357 2.487397 2.504329 2.515297 2.758899 2.487204 12.007312 
2.531395 10.839271 2.496245 5.440486 2.506471 2.337913 2.522767 11.551686 2.532034 2.421793 
2.499153 2.507288 2.551017 2.080847 2.494407 7.862712 2.428814 4.679153 2.501356 6.809492 
2.528354 6.397331 2.466642 10.747776 2.566160 7.512231 2.501853 11.895849 2.540956 2.295033 
2.532068 6.691689 2.522582 5.826150 2.504228 2.550629 2.506084 2.081254 2.479893 6.266859 
2.524547 2.764783 2.497054 6.133319 2.456688 6.951997 2.530875 2.257691 2.441632 5.859917 
2.483045 11.785455 2.526978 1.983365 2.500107 4.320964 2.534442 6.471956 2.544039 2.711452 
2.508871 6.322776 2.494283 3.392824 2.503877 11.072940 2.530950 11.790380 2.514785 11.442502 
2.482837 11.047688 2.490647 5.985612 2.481809 11.348201 2.546351 11.874615 2.509147 2.452415 
2.465092 10.666597 2.459448 2.682901 2.549122 8.765886 2.523620 2.250209 2.515677 12.001463 
2.415400 11.095163 2.488648 11.902665 2.464363 8.978677 2.467127 2.202369 2.503653 2.938993 

Avg Classes:
2.501062 6.987991 2.500831 7.004122 2.500320 6.993248 2.501601 6.996249 2.500578 6.990609 
2.499498 7.005723 2.498374 7.006795 2.501292 7.002107 2.499690 7.004367 2.498954 6.983451 
2.499895 6.977804 2.500798 6.985700 2.497879 6.992608 2.496556 7.012830 2.497165 6.990719 
2.505279 7.053359 2.508546 7.025330 2.503622 7.027224 2.496757 7.017660 2.492969 7.021495 
2.515058 7.299356 2.473616 7.259717 2.514286 7.283912 2.472844 7.284170 2.470785 7.327413 
2.523547 7.069138 2.523547 7.098196 2.523547 7.013026 2.523547 6.972445 2.523547 6.891283 
2.484551 7.143258 2.502809 7.093399 2.549157 7.078652 2.497893 7.214185 2.465590 7.115169 
2.417391 6.704348 2.482609 6.821739 2.565217 6.452174 2.560870 6.960870 2.504348 6.700000 
2.416667 8.583333 2.416667 7.583333 2.416667 8.166667 2.416667 7.083333 2.416667 7.333333 
3.333333 7.666667 3.333333 7.666667 3.333333 12.000000 3.333333 8.000000 3.333333 11.666667 

Cluster 0 is class 0
Cluster 1 is class 0
Cluster 2 is class 0
Cluster 3 is class 0
Cluster 4 is class 4
Cluster 5 is class 9
Cluster 6 is class 7
Cluster 7 is class 0
Cluster 8 is class 0
Cluster 9 is class 0
Cluster 10 is class 9
Cluster 11 is class 8
Cluster 12 is class 0
Cluster 13 is class 0
Cluster 14 is class 6
Cluster 15 is class 0
Cluster 16 is class 0
Cluster 17 is class 7
Cluster 18 is class 8
Cluster 19 is class 0
Cluster 20 is class 7
Cluster 21 is class 0
Cluster 22 is class 4
Cluster 23 is class 8
Cluster 24 is class 0
Cluster 25 is class 0
Cluster 26 is class 5
Cluster 27 is class 0
Cluster 28 is class 0
Cluster 29 is class 0
Cluster 30 is class 0
Cluster 31 is class 9
Cluster 32 is class 0
Cluster 33 is class 0
Cluster 34 is class 8
Cluster 35 is class 0
Cluster 36 is class 8
Cluster 37 is class 0
Cluster 38 is class 8
Cluster 39 is class 0
Cluster 40 is class 8
Cluster 41 is class 0
Cluster 42 is class 8
Cluster 43 is class 0
Cluster 44 is class 9
Cluster 45 is class 7
Cluster 46 is class 0
Cluster 47 is class 4
Cluster 48 is class 0
Cluster 49 is class 8
Cluster 50 is class 0
Cluster 51 is class 0
Cluster 52 is class 5
Cluster 53 is class 9
Cluster 54 is class 0
Cluster 55 is class 4
Cluster 56 is class 8
Cluster 57 is class 0
Cluster 58 is class 0
Cluster 59 is class 9
Cluster 60 is class 0
Cluster 61 is class 0
Cluster 62 is class 0
Cluster 63 is class 0
Cluster 64 is class 0
Cluster 65 is class 0
Cluster 66 is class 0
Cluster 67 is class 7
Cluster 68 is class 8
Cluster 69 is class 0
Cluster 70 is class 7
Cluster 71 is class 0
Cluster 72 is class 8
Cluster 73 is class 0
Cluster 74 is class 5
Cluster 75 is class 0
Cluster 76 is class 0
Cluster 77 is class 0
Cluster 78 is class 7
Cluster 79 is class 0
Cluster 80 is class 8
Cluster 81 is class 0
Cluster 82 is class 0
Cluster 83 is class 0
Cluster 84 is class 8
Cluster 85 is class 4
Cluster 86 is class 0
Cluster 87 is class 0
Cluster 88 is class 0
Cluster 89 is class 7
Cluster 90 is class 0
Cluster 91 is class 0
Cluster 92 is class 0
Cluster 93 is class 0
Cluster 94 is class 9
Cluster 95 is class 0
Cluster 96 is class 8
Cluster 97 is class 8

Overall Accuracy is 0.309274

