Avg Clusters:
2.474651 6.672215 2.507565 10.245354 2.501370 4.226179 2.561381 3.586498 2.471701 2.997598 
2.501828 3.623754 2.472886 4.412047 2.507536 2.830204 2.507586 7.029092 2.487006 3.559812 
2.519476 8.924223 2.509993 3.620513 2.496068 2.958919 2.483346 6.963314 2.495883 10.664462 
2.520821 2.846929 2.525448 6.804842 2.471573 4.796159 2.468150 2.678519 2.472713 5.439374 
2.488289 9.245660 2.549985 10.632766 2.524007 11.129367 2.525479 4.099926 2.525696 3.131099 
2.494905 10.706497 2.516276 2.693926 2.472608 2.762009 2.515350 5.508998 2.533677 3.735279 
2.517401 10.347624 2.518007 3.308686 2.512307 11.181428 2.492384 7.467820 2.491980 4.343892 
2.501493 2.953964 2.520949 10.164988 2.485920 11.207057 2.491254 3.885784 2.481782 9.276901 
2.533829 3.014539 2.517916 6.771666 2.478134 9.716543 2.514024 11.115570 2.492044 3.271608 
2.510393 3.943213 2.456485 3.849239 2.486363 10.747362 2.525287 2.864818 2.479190 3.824113 
2.512280 7.036231 2.521570 3.747605 2.489288 7.862277 2.536376 10.932997 2.490971 11.050572 
2.479229 2.871291 2.469083 2.749282 2.517580 3.303937 2.511008 4.641695 2.514262 10.429264 
2.506175 6.783594 2.496590 3.203994 2.511951 10.784946 2.483748 2.722396 2.487988 9.783349 
2.494058 11.268686 2.475478 11.112324 2.492188 3.132231 2.491645 3.957954 2.503167 5.229052 
2.478276 11.699338 2.529909 4.406180 2.511220 11.061319 2.509856 3.318737 2.472683 10.120456 
2.476773 10.489633 2.524697 10.723217 2.496089 10.570416 2.527426 7.847830 2.529316 10.658811 
2.504209 7.042801 2.462232 11.360401 2.522914 9.084447 2.496452 10.821643 2.526379 3.551796 
2.493822 6.903263 2.515209 10.886587 2.493213 2.801983 2.476425 9.809629 2.503795 7.394592 
2.510539 7.573550 2.504977 10.333018 2.497525 2.895723 2.473555 3.450920 2.483788 10.705634 
2.508536 10.758082 2.482383 10.402107 2.506575 8.322920 2.472139 11.775590 2.473157 9.555830 
2.522843 11.549107 2.467327 3.339781 2.525045 10.648581 2.499332 10.702760 2.479358 10.310372 
2.479756 10.895844 2.484178 3.612276 2.487991 3.713992 2.510255 2.304308 2.522836 10.828212 
2.491238 2.856606 2.485717 6.343682 2.536049 7.979435 2.532128 2.898776 2.518204 11.070337 
2.526292 11.238167 2.473858 10.764909 2.486085 3.265321 2.502888 7.848774 2.521791 10.908334 
2.512385 10.592546 2.494546 3.701738 2.477389 4.554596 2.522384 11.136462 2.487785 3.022100 
2.494006 11.378836 2.498561 10.431666 2.484415 3.451087 2.521899 11.417199 2.504316 4.468510 
2.540246 2.816712 2.491132 10.905389 2.454366 3.712756 2.501296 10.691814 2.526739 3.170396 
2.505362 3.146484 2.477464 10.747760 2.473595 10.231197 2.496878 2.929066 2.522943 3.115531 
2.521034 4.345500 2.524913 2.352760 2.492889 4.631328 2.483938 2.717255 2.500348 3.268523 
2.509612 6.072363 2.478620 3.066516 2.502668 3.231708 2.467217 11.184343 2.511147 7.457715 
2.505801 11.412618 2.519307 3.223622 2.470540 3.720903 2.457941 11.191443 2.520123 10.775743 
2.486335 10.820640 2.463815 6.710444 2.503170 9.970046 2.531594 2.543328 2.477954 4.048101 
2.443071 3.618657 2.574636 6.336037 2.540410 8.184588 2.451776 6.678801 2.566723 2.732615 
2.490793 6.060950 2.541014 2.642901 2.554177 10.194263 2.494445 11.068635 2.467965 2.912342 
2.517864 2.404295 2.514511 6.450729 2.442732 7.849478 2.523475 10.401522 2.510125 10.335612 
2.476962 2.532509 2.499488 3.060154 2.515870 11.159471 2.494283 5.603242 2.501792 10.857594 
2.531548 11.493933 2.484506 10.675471 2.484880 7.840862 2.516054 8.965092 2.473959 2.837409 
2.506304 11.381035 2.467658 10.596515 2.512660 5.665505 2.540338 2.499334 2.506715 11.213224 
2.493380 2.076260 2.491635 2.812275 2.475418 5.105409 2.484348 11.130966 2.554244 4.658935 
2.531581 9.188427 2.479970 7.351950 2.512823 11.502649 2.518122 10.953158 2.533489 3.345485 
2.449377 6.496979 2.498952 2.567148 2.486250 6.635343 2.483660 3.442471 2.542607 11.264274 
2.524595 9.869006 2.494018 10.826642 2.489675 11.325179 2.496322 2.517061 2.502703 10.120004 
2.493014 6.020057 2.519157 10.735493 2.511785 5.842633 2.458730 10.219594 2.445187 11.663838 
2.457658 10.554896 2.523739 7.240813 2.512440 2.588450 2.507875 7.493495 2.523511 2.892376 
2.499146 2.412345 2.531677 10.784317 2.528106 3.268711 2.552640 6.501009 2.525311 9.691693 
2.504275 3.852966 2.543562 10.609476 2.526725 11.448672 2.474320 10.211055 2.517523 10.576193 
2.556858 3.715261 2.479459 6.877914 2.464263 2.409530 2.520412 2.620863 2.526980 10.934449 
2.525363 3.722070 2.498628 6.526380 2.493748 2.351632 2.495476 10.899360 2.477686 11.337196 
2.490523 2.489446 2.500969 2.826082 2.494292 11.413418 2.462201 8.104351 2.530368 4.636765 
2.493970 7.632765 2.492833 4.066439 2.522981 3.100455 2.489875 2.613879 2.435836 6.846416 
2.556343 7.830042 2.471654 2.950976 2.460153 7.203299 2.456087 6.431808 2.464568 3.154856 
2.491478 10.615756 2.460878 8.699101 2.536170 2.836264 2.536304 11.822574 2.508522 10.984163 
2.505538 3.101465 2.481709 11.640340 2.523437 5.181005 2.552970 2.498154 2.499497 6.981765 
2.454230 11.395031 2.470680 2.604185 2.498657 7.241047 2.488921 3.900627 2.506267 6.927484 
2.472568 10.052246 2.505172 2.360744 2.503601 11.333639 2.459735 2.745581 2.560691 3.067435 
2.492403 6.497957 2.502777 7.259143 2.516609 10.929687 2.500891 6.545845 2.505292 7.266164 
2.508772 7.694021 2.519275 11.091182 2.490189 7.514774 2.460526 4.704409 2.461565 7.148661 
2.473029 3.426514 2.469943 3.613600 2.528914 11.722971 2.499886 11.086514 2.447657 11.069486 
2.431389 2.530823 2.478968 7.585712 2.554544 2.846918 2.509447 11.019721 2.490829 6.490001 
2.480422 10.520305 2.474239 6.702388 2.543945 3.710147 2.477997 2.105225 2.437629 2.994181 
2.456633 6.393193 2.497604 2.006113 2.473319 10.724104 2.522716 8.550801 2.563853 8.585660 
2.411085 2.720362 2.542340 11.601424 2.516551 4.302733 2.500000 2.521170 2.485758 11.773480 
2.480340 11.431023 2.462235 10.971490 2.516011 11.861505 2.512093 9.603027 2.526686 5.155925 
2.515187 11.316517 2.496154 4.239864 2.546734 7.395776 2.514666 6.912397 2.550776 11.536957 
2.434186 6.936941 2.478389 8.512428 2.574997 3.420840 2.480470 11.430146 2.458798 2.382760 
2.502249 6.881875 2.499347 7.620229 2.449137 10.396459 2.516906 3.525323 2.443912 11.906545 
2.481002 2.418372 2.453445 11.639666 2.524704 6.938761 2.516354 11.053862 2.548921 8.984134 
2.467918 11.252411 2.508808 2.644464 2.509708 9.522181 2.469718 11.812781 2.531182 4.978398 
2.495900 11.186783 2.495244 7.478518 2.449656 7.053952 2.480977 3.883568 2.440308 9.485241 
2.503459 3.248271 2.440643 3.303608 2.552253 10.892690 2.459151 12.077398 2.514863 6.968405 
2.507772 2.538072 2.512503 11.498198 2.492115 8.674026 2.502140 7.579860 2.479613 4.553165 
2.462316 5.551114 2.555064 2.951809 2.464054 3.170801 2.505767 11.327066 2.464212 2.173487 
2.438914 12.149752 2.439345 5.946348 2.427063 10.030381 2.546003 10.790347 2.465201 2.297134 
2.550545 11.558625 2.538144 6.965614 2.515032 7.371853 2.457911 5.823563 2.540774 2.536828 
2.523162 11.571552 2.617531 6.842087 2.508696 2.252454 2.476149 4.312898 2.532805 7.909764 
2.492225 3.050089 2.499794 2.084216 2.512316 3.917435 2.523600 10.820834 2.480666 11.386267 
2.539647 11.811288 2.486323 11.553497 2.511600 8.060249 2.407722 2.642659 2.520083 5.868421 
2.476664 3.506022 2.512195 9.546673 2.482535 12.197983 2.503914 7.626317 2.498193 2.561578 
2.510338 3.011814 2.504852 11.665401 2.516034 2.172152 2.506329 11.376582 2.476793 10.771097 
2.539109 2.837135 2.528854 2.850298 2.504975 7.167458 2.486913 5.840196 2.459513 7.456605 
2.490238 2.592906 2.495770 11.393264 2.528637 11.278718 2.466645 11.671982 2.467947 4.483892 
2.445586 11.112455 2.574063 6.263452 2.504988 6.265719 2.525091 9.390871 2.412183 7.186064 
2.498954 3.929237 2.479741 7.503900 2.508655 4.918585 2.424767 6.774206 2.580179 11.510748 
2.524951 11.199604 2.493075 2.507804 2.533304 6.253023 2.529127 2.496153 2.473730 2.312157 
2.561577 8.777584 2.515540 3.617327 2.437840 11.808664 2.489122 7.153846 2.551476 11.836053 
2.501122 6.275720 2.509727 7.575571 2.524878 7.249158 2.499252 11.481856 2.492331 6.852600 
2.548178 8.473020 2.481780 6.969516 2.490014 11.920463 2.508584 11.595830 2.511388 9.418360 
2.548600 9.991058 2.468896 12.044712 2.539658 2.748056 2.423600 8.272745 2.487558 2.186236 
2.532848 2.581334 2.461249 10.912071 2.499309 2.480970 2.489763 5.040447 2.506469 2.936566 
2.593682 5.426434 2.476475 11.855362 2.447215 8.379052 2.545636 3.849377 2.479302 11.729842 
2.476812 11.219565 2.424094 4.670833 2.523551 1.972645 2.509601 11.035688 2.492935 6.621558 

Avg Classes:
2.501062 6.987991 2.500831 7.004122 2.500320 6.993248 2.501601 6.996249 2.500578 6.990609 
2.499498 7.005723 2.498374 7.006795 2.501292 7.002107 2.499690 7.004367 2.498954 6.983451 
2.499895 6.977804 2.500798 6.985700 2.497879 6.992608 2.496556 7.012830 2.497165 6.990719 
2.505279 7.053359 2.508546 7.025330 2.503622 7.027224 2.496757 7.017660 2.492969 7.021495 
2.515058 7.299356 2.473616 7.259717 2.514286 7.283912 2.472844 7.284170 2.470785 7.327413 
2.523547 7.069138 2.523547 7.098196 2.523547 7.013026 2.523547 6.972445 2.523547 6.891283 
2.484551 7.143258 2.502809 7.093399 2.549157 7.078652 2.497893 7.214185 2.465590 7.115169 
2.417391 6.704348 2.482609 6.821739 2.565217 6.452174 2.560870 6.960870 2.504348 6.700000 
2.416667 8.583333 2.416667 7.583333 2.416667 8.166667 2.416667 7.083333 2.416667 7.333333 
3.333333 7.666667 3.333333 7.666667 3.333333 12.000000 3.333333 8.000000 3.333333 11.666667 

Cluster 0 is class 0
Cluster 1 is class 0
Cluster 2 is class 0
Cluster 3 is class 0
Cluster 4 is class 8
Cluster 5 is class 0
Cluster 6 is class 8
Cluster 7 is class 0
Cluster 8 is class 0
Cluster 9 is class 0
Cluster 10 is class 0
Cluster 11 is class 7
Cluster 12 is class 0
Cluster 13 is class 0
Cluster 14 is class 8
Cluster 15 is class 9
Cluster 16 is class 4
Cluster 17 is class 0
Cluster 18 is class 0
Cluster 19 is class 4
Cluster 20 is class 9
Cluster 21 is class 0
Cluster 22 is class 0
Cluster 23 is class 0
Cluster 24 is class 0
Cluster 25 is class 0
Cluster 26 is class 0
Cluster 27 is class 0
Cluster 28 is class 7
Cluster 29 is class 0
Cluster 30 is class 0
Cluster 31 is class 8
Cluster 32 is class 0
Cluster 33 is class 0
Cluster 34 is class 0
Cluster 35 is class 9
Cluster 36 is class 8
Cluster 37 is class 8
Cluster 38 is class 7
Cluster 39 is class 8
Cluster 40 is class 0
Cluster 41 is class 8
Cluster 42 is class 0
Cluster 43 is class 5
Cluster 44 is class 0
Cluster 45 is class 9
Cluster 46 is class 7
Cluster 47 is class 7
Cluster 48 is class 2
Cluster 49 is class 0
Cluster 50 is class 0
Cluster 51 is class 0
Cluster 52 is class 0
Cluster 53 is class 0
Cluster 54 is class 8
Cluster 55 is class 3
Cluster 56 is class 0
Cluster 57 is class 9
Cluster 58 is class 7
Cluster 59 is class 0
Cluster 60 is class 0
Cluster 61 is class 0
Cluster 62 is class 8
Cluster 63 is class 0
Cluster 64 is class 0
Cluster 65 is class 9
Cluster 66 is class 0
Cluster 67 is class 8
Cluster 68 is class 8
Cluster 69 is class 0
Cluster 70 is class 5
Cluster 71 is class 0
Cluster 72 is class 8
Cluster 73 is class 8
Cluster 74 is class 0
Cluster 75 is class 7
Cluster 76 is class 8
Cluster 77 is class 0
Cluster 78 is class 0
Cluster 79 is class 2
Cluster 80 is class 0
Cluster 81 is class 0
Cluster 82 is class 0
Cluster 83 is class 0
Cluster 84 is class 9
Cluster 85 is class 0
Cluster 86 is class 9
Cluster 87 is class 0
Cluster 88 is class 0
Cluster 89 is class 0
Cluster 90 is class 6

Overall Accuracy is 0.316518

