Avg Clusters:
2.485018 3.853239 2.502623 3.423514 2.495832 3.010170 2.500628 10.218821 2.527373 6.074571 
2.505969 11.022126 2.526635 4.922398 2.484395 5.110239 2.485433 10.612218 2.484947 8.442091 
2.517018 7.009086 2.511753 10.042227 2.512957 9.987266 2.514678 3.358020 2.541006 3.862649 
2.529939 3.827877 2.504140 5.680787 2.501188 3.598559 2.470981 9.972667 2.485509 11.468067 
2.508611 4.228495 2.515192 10.709200 2.511346 3.893722 2.506773 4.874193 2.502585 11.507457 
2.510129 4.041089 2.528540 3.962137 2.497161 3.893936 2.461986 3.700151 2.480296 3.564018 
2.496284 10.895695 2.475913 4.366244 2.514445 5.761728 2.511395 3.255452 2.458769 3.905476 
2.511620 11.143510 2.487038 11.031211 2.498825 3.912409 2.479361 4.139441 2.486199 3.849820 
2.499475 4.697295 2.487524 10.029692 2.519382 10.450791 2.506009 11.032671 2.494261 3.601449 
2.498713 10.364814 2.484550 10.169191 2.499129 3.965351 2.494320 11.229514 2.497425 3.585921 
2.501641 3.832025 2.563851 10.683099 2.494293 10.234715 2.509381 9.671970 2.516730 10.545373 
2.482000 11.167426 2.480911 9.436739 2.499708 10.725394 2.519984 9.779490 2.504223 3.923682 
2.472679 5.535894 2.492856 10.233996 2.513832 2.697759 2.561900 3.733768 2.472051 3.115569 
2.484552 2.910192 2.482380 7.667535 2.522669 4.087093 2.491991 10.706032 2.467449 2.922789 
2.512053 2.891804 2.514960 11.691577 2.446469 6.546015 2.492059 8.680445 2.534033 4.435196 
2.520740 10.590289 2.518758 3.924853 2.509816 11.247172 2.512771 4.211134 2.490301 8.157602 
2.513611 10.143833 2.464558 10.514060 2.504492 3.395472 2.483020 10.389857 2.502515 10.956024 
2.513457 10.578892 2.521560 3.028014 2.494890 10.061444 2.496519 10.410155 2.500672 3.506454 
2.467683 5.949810 2.497429 2.976068 2.491676 6.641633 2.530971 10.431448 2.457094 2.850716 
2.532254 2.210120 2.525990 10.701619 2.513626 6.042138 2.506548 3.001383 2.471895 3.700399 
2.534325 9.653270 2.500162 10.057201 2.463357 10.015111 2.506559 2.813980 2.471237 11.140731 
2.487464 3.226713 2.506410 11.056015 2.514241 3.365330 2.494979 11.069340 2.492517 9.806820 
2.526961 3.068310 2.490105 5.955247 2.509441 10.568991 2.510984 3.403232 2.468228 8.633488 
2.504374 7.851740 2.526198 4.608985 2.488792 3.408465 2.482367 3.343676 2.505786 10.675779 
2.506649 4.638818 2.467973 11.608669 2.456806 2.192163 2.499848 10.275810 2.560146 3.801340 
2.491218 10.802089 2.490565 3.436370 2.519295 2.960300 2.540059 10.584198 2.498204 3.069474 
2.471569 2.977196 2.473951 2.739863 2.486157 10.346591 2.494373 6.752010 2.545222 5.905627 
2.462101 10.093946 2.474862 3.641721 2.507311 11.132807 2.488906 3.408106 2.527831 2.680198 
2.483399 3.893623 2.508390 2.702625 2.496164 9.736366 2.505394 7.265492 2.485317 11.540034 
2.480127 10.204114 2.467722 2.771456 2.499684 3.181962 2.500443 9.100823 2.527215 11.450506 
2.487255 2.785455 2.479826 3.196726 2.519268 3.717202 2.521744 3.452404 2.520899 10.476987 
2.468646 10.995210 2.479750 3.237916 2.503193 8.502177 2.496226 3.647264 2.502105 11.638554 
2.527449 10.724894 2.507476 10.119226 2.511660 10.533196 2.523265 10.492245 2.501451 10.692479 
2.485584 11.650284 2.530624 10.319390 2.481401 10.506200 2.500149 3.265910 2.500075 3.459516 
2.513499 10.238810 2.483879 3.277013 2.513916 10.826688 2.486441 10.788366 2.506586 10.812385 
2.495893 2.804419 2.485413 4.100694 2.531015 10.161309 2.476845 11.643889 2.495397 7.217462 
2.455225 11.071454 2.467835 10.618010 2.503740 6.139275 2.510864 5.922419 2.488067 9.646933 
2.488787 3.186336 2.492510 8.501342 2.502295 7.892805 2.518140 2.872630 2.517967 11.519958 
2.509736 7.131035 2.503080 4.927578 2.527320 11.456288 2.514902 10.354461 2.496722 6.984304 
2.502718 3.193293 2.470950 11.605295 2.495235 11.050547 2.471303 3.494176 2.477162 9.157148 
2.521307 8.142286 2.486990 9.353719 2.522536 6.113604 2.505839 7.539951 2.509936 2.805265 
2.519420 5.631498 2.485797 2.711981 2.493527 6.814879 2.573720 11.583092 2.497585 10.683768 
2.518219 11.504577 2.510474 8.139940 2.542774 2.992871 2.492959 3.068650 2.514874 10.686059 
2.546694 7.195578 2.487763 2.848433 2.512881 6.736582 2.486690 5.367647 2.486046 8.351224 
2.484974 2.694449 2.510606 10.698869 2.501326 11.479053 2.483295 6.139738 2.514230 3.206293 
2.459815 11.033299 2.527955 6.705653 2.492909 2.179856 2.480164 6.223433 2.525283 3.642549 
2.493805 6.831431 2.556824 11.010438 2.510584 5.291874 2.480538 2.753000 2.493123 7.861282 
2.500211 7.323225 2.493343 10.525888 2.490807 7.397189 2.493026 11.422971 2.486581 7.575761 
2.469211 11.575256 2.482495 2.515929 2.461556 2.881121 2.532815 3.151413 2.494090 8.866487 
2.467208 5.173894 2.522645 2.663427 2.474258 10.965819 2.489105 2.260308 2.530229 10.904828 
2.507517 2.806579 2.437191 6.731611 2.458884 10.694985 2.505802 3.014630 2.508021 2.682777 
2.487293 2.586674 2.477169 8.404649 2.546384 4.276136 2.482438 6.595558 2.526860 7.465702 
2.495655 10.126997 2.456967 12.092515 2.457668 2.499439 2.514999 3.082562 2.492711 10.432717 
2.518022 2.973417 2.467898 5.693512 2.521514 11.117144 2.486146 11.045618 2.497747 11.610160 
2.489025 6.343064 2.544008 4.882024 2.530180 10.880268 2.460931 7.118635 2.493635 2.337248 
2.502280 7.489136 2.541845 10.423686 2.467811 2.205740 2.508450 7.571754 2.501207 7.577387 
2.439908 10.633945 2.536353 11.239908 2.555849 11.500115 2.456766 5.278211 2.535092 7.822018 
2.479779 2.620619 2.443189 9.979458 2.461677 2.485557 2.587367 2.354988 2.446656 8.119014 
2.573186 2.708476 2.546482 3.654294 2.484211 11.005540 2.484100 10.707812 2.473906 2.278892 
2.532058 9.591243 2.504030 2.189823 2.451702 2.577289 2.439553 6.030555 2.577409 4.534224 
2.516332 4.200584 2.506342 2.298687 2.505219 9.985633 2.516781 2.522056 2.483556 3.199910 
2.488208 8.010303 2.481256 7.108242 2.475546 10.883069 2.504220 6.870035 2.511172 11.568396 

Avg Classes:
2.501062 6.987991 2.500831 7.004122 2.500320 6.993248 2.501601 6.996249 2.500578 6.990609 
2.499498 7.005723 2.498374 7.006795 2.501292 7.002107 2.499690 7.004367 2.498954 6.983451 
2.499895 6.977804 2.500798 6.985700 2.497879 6.992608 2.496556 7.012830 2.497165 6.990719 
2.505279 7.053359 2.508546 7.025330 2.503622 7.027224 2.496757 7.017660 2.492969 7.021495 
2.515058 7.299356 2.473616 7.259717 2.514286 7.283912 2.472844 7.284170 2.470785 7.327413 
2.523547 7.069138 2.523547 7.098196 2.523547 7.013026 2.523547 6.972445 2.523547 6.891283 
2.484551 7.143258 2.502809 7.093399 2.549157 7.078652 2.497893 7.214185 2.465590 7.115169 
2.417391 6.704348 2.482609 6.821739 2.565217 6.452174 2.560870 6.960870 2.504348 6.700000 
2.416667 8.583333 2.416667 7.583333 2.416667 8.166667 2.416667 7.083333 2.416667 7.333333 
3.333333 7.666667 3.333333 7.666667 3.333333 12.000000 3.333333 8.000000 3.333333 11.666667 

Cluster 0 is class 7
Cluster 1 is class 0
Cluster 2 is class 0
Cluster 3 is class 0
Cluster 4 is class 0
Cluster 5 is class 7
Cluster 6 is class 0
Cluster 7 is class 0
Cluster 8 is class 0
Cluster 9 is class 0
Cluster 10 is class 9
Cluster 11 is class 8
Cluster 12 is class 0
Cluster 13 is class 0
Cluster 14 is class 0
Cluster 15 is class 8
Cluster 16 is class 0
Cluster 17 is class 0
Cluster 18 is class 0
Cluster 19 is class 5
Cluster 20 is class 8
Cluster 21 is class 0
Cluster 22 is class 0
Cluster 23 is class 0
Cluster 24 is class 0
Cluster 25 is class 0
Cluster 26 is class 0
Cluster 27 is class 8
Cluster 28 is class 9
Cluster 29 is class 0
Cluster 30 is class 7
Cluster 31 is class 4
Cluster 32 is class 9
Cluster 33 is class 8
Cluster 34 is class 9
Cluster 35 is class 0
Cluster 36 is class 4
Cluster 37 is class 0
Cluster 38 is class 0
Cluster 39 is class 0
Cluster 40 is class 5
Cluster 41 is class 0
Cluster 42 is class 8
Cluster 43 is class 0
Cluster 44 is class 0
Cluster 45 is class 7
Cluster 46 is class 0
Cluster 47 is class 0
Cluster 48 is class 0
Cluster 49 is class 0
Cluster 50 is class 0
Cluster 51 is class 7
Cluster 52 is class 8
Cluster 53 is class 9
Cluster 54 is class 0
Cluster 55 is class 0
Cluster 56 is class 8
Cluster 57 is class 0
Cluster 58 is class 7
Cluster 59 is class 0
Cluster 60 is class 0
Cluster 61 is class 9

Overall Accuracy is 0.332453

