----------------------------For Number of clusters 24----------------------------
Avg Clusters:
2.508932 4.348777 2.507170 10.185387 2.503858 10.061537 2.503403 9.684566 2.503828 4.038827 
2.507145 3.916530 2.513451 3.220173 2.507678 9.215334 2.481062 10.187669 2.497847 4.358724 
2.482328 10.123079 2.508460 4.110154 2.484326 3.561982 2.516806 10.027689 2.500433 4.711618 
2.507379 9.909669 2.485214 9.991197 2.504402 3.723843 2.495617 9.191266 2.488835 10.328334 
2.490242 4.314313 2.503784 10.239183 2.488486 4.740903 2.526123 3.877566 2.490260 3.764474 
2.504397 10.881228 2.491205 9.813115 2.509044 3.801646 2.478127 3.491749 2.509271 5.331021 
2.498383 9.672909 2.503202 9.860287 2.513875 10.737671 2.501595 10.110138 2.507207 9.304909 
2.501718 9.492392 2.505625 3.706300 2.502503 3.880451 2.487071 4.141519 2.505036 10.464218 
2.492578 4.107000 2.515210 4.501848 2.499843 10.304007 2.507109 9.339019 2.487588 10.923837 
2.508772 9.894273 2.500293 9.987523 2.478928 9.591123 2.508823 3.252018 2.500115 10.476255 
2.502002 4.652316 2.479852 4.724901 2.490507 10.631199 2.503035 3.179826 2.492143 3.960005 
2.514152 10.841209 2.482621 3.168296 2.508085 8.806509 2.498670 10.318629 2.503930 10.139185 
2.512493 9.819495 2.465404 10.670291 2.503597 4.623311 2.497996 10.585063 2.509638 3.201098 
2.507812 3.242918 2.476154 4.108550 2.501972 7.544619 2.515599 3.211362 2.519646 10.583039 
2.492741 3.040170 2.490762 7.829227 2.502667 3.029502 2.494748 10.647649 2.496508 4.509898 
2.502994 3.136123 2.505363 10.618302 2.495009 5.142218 2.501504 9.716176 2.519471 10.648886 
2.505800 3.968515 2.511584 3.253541 2.512522 3.317387 2.478129 4.456868 2.495201 4.168214 
2.512988 3.229653 2.518269 10.774965 2.491024 10.583930 2.498037 3.884322 2.484703 9.306858 
2.493431 10.392007 2.515398 9.724894 2.514557 10.686268 2.511535 4.385307 2.504257 3.196700 
2.506407 4.406680 2.485050 3.467489 2.497508 3.156710 2.483834 10.244957 2.511836 10.429728 
2.481178 10.608643 2.517407 3.971111 2.502491 10.676090 2.489874 9.340005 2.505969 3.291631 
2.480931 10.270798 2.508674 3.322741 2.506116 10.893360 2.499393 3.427775 2.495852 9.033251 
2.485341 4.723970 2.509661 10.125587 2.515665 2.999765 2.513417 3.245304 2.482826 10.610560 
2.513549 10.799876 2.486992 3.354285 2.497313 5.366655 2.508098 3.305655 2.465190 3.217326 

Avg Classes:
2.501062 6.987991 2.500831 7.004122 2.500320 6.993248 2.501601 6.996249 2.500578 6.990609 
2.499498 7.005723 2.498374 7.006795 2.501292 7.002107 2.499690 7.004367 2.498954 6.983451 
2.499895 6.977804 2.500798 6.985700 2.497879 6.992608 2.496556 7.012830 2.497165 6.990719 
2.505279 7.053359 2.508546 7.025330 2.503622 7.027224 2.496757 7.017660 2.492969 7.021495 
2.515058 7.299356 2.473616 7.259717 2.514286 7.283912 2.472844 7.284170 2.470785 7.327413 
2.523547 7.069138 2.523547 7.098196 2.523547 7.013026 2.523547 6.972445 2.523547 6.891283 
2.484551 7.143258 2.502809 7.093399 2.549157 7.078652 2.497893 7.214185 2.465590 7.115169 
2.417391 6.704348 2.482609 6.821739 2.565217 6.452174 2.560870 6.960870 2.504348 6.700000 
2.416667 8.583333 2.416667 7.583333 2.416667 8.166667 2.416667 7.083333 2.416667 7.333333 
3.333333 7.666667 3.333333 7.666667 3.333333 12.000000 3.333333 8.000000 3.333333 11.666667 

Cluster 0 is class 0
Cluster 1 is class 0
Cluster 2 is class 0
Cluster 3 is class 0
Cluster 4 is class 0
Cluster 5 is class 0
Cluster 6 is class 9
Cluster 7 is class 0
Cluster 8 is class 9
Cluster 9 is class 8
Cluster 10 is class 0
Cluster 11 is class 4
Cluster 12 is class 0
Cluster 13 is class 0
Cluster 14 is class 7
Cluster 15 is class 0
Cluster 16 is class 7
Cluster 17 is class 0
Cluster 18 is class 8
Cluster 19 is class 0
Cluster 20 is class 8
Cluster 21 is class 8
Cluster 22 is class 0
Cluster 23 is class 0

Overall Accuracy is 0.346864

