----------------------------For Number of clusters 22----------------------------
Avg Clusters:
2.500578 9.525235 2.509702 4.265308 2.507148 9.729022 2.500450 9.788904 2.497366 3.468646 
2.507008 3.825392 2.495017 10.306565 2.516327 8.613732 2.510331 9.992343 2.504509 3.809445 
2.499117 9.035082 2.496706 4.155989 2.500452 3.816981 2.490591 4.005196 2.515079 9.940200 
2.502841 10.153929 2.506917 10.773320 2.497528 6.828112 2.500754 3.736503 2.490948 9.804134 
2.505535 4.146556 2.492312 3.836881 2.497354 4.640755 2.499591 10.067702 2.497471 10.319325 
2.497749 3.886509 2.511296 4.056279 2.481626 3.605054 2.483532 8.970086 2.497485 3.422082 
2.496324 9.668140 2.502209 10.117131 2.507996 9.387542 2.501779 3.738797 2.512298 3.141824 
2.498244 9.919876 2.495114 10.260279 2.484900 3.343955 2.494893 9.412220 2.492224 3.658734 
2.498609 4.787824 2.541808 9.707598 2.491180 10.401758 2.492865 9.567284 2.505633 10.961978 
2.503488 10.094130 2.484710 4.017914 2.505193 10.049290 2.504085 9.660814 2.500011 10.734040 
2.492757 3.970756 2.503606 9.476661 2.509375 3.640607 2.516691 3.452915 2.478710 4.035410 
2.506356 3.002324 2.490703 3.469002 2.500224 10.907006 2.496528 10.121752 2.501148 5.936212 
2.496449 10.384520 2.514294 4.099163 2.505397 4.043604 2.503577 3.862541 2.485150 3.219155 
2.513411 4.083793 2.487519 4.151185 2.494987 9.962872 2.490916 3.396003 2.495313 3.739665 
2.510289 3.761124 2.511429 10.684248 2.504031 3.095625 2.484805 9.937072 2.507743 9.317025 
2.510514 10.663702 2.460083 9.704475 2.500672 3.839018 2.490831 10.299132 2.502781 10.691210 
2.491654 3.220155 2.506946 8.934198 2.512358 4.398525 2.527624 3.310942 2.506569 10.915056 
2.490433 4.347479 2.497239 3.888073 2.501889 10.143414 2.496875 3.581989 2.497481 10.754275 
2.513793 3.469205 2.492125 10.909165 2.484109 10.866644 2.503992 3.337602 2.497824 7.240787 
2.488366 10.933529 2.485470 3.240462 2.496649 3.323602 2.509378 10.765060 2.504765 6.438664 
2.491291 10.831728 2.495046 10.672322 2.509231 10.755380 2.510899 10.234885 2.504502 5.920453 
2.490077 11.043833 2.492500 3.919788 2.509218 10.953192 2.509770 3.300021 2.489003 7.310543 

Avg Classes:
2.501062 6.987991 2.500831 7.004122 2.500320 6.993248 2.501601 6.996249 2.500578 6.990609 
2.499498 7.005723 2.498374 7.006795 2.501292 7.002107 2.499690 7.004367 2.498954 6.983451 
2.499895 6.977804 2.500798 6.985700 2.497879 6.992608 2.496556 7.012830 2.497165 6.990719 
2.505279 7.053359 2.508546 7.025330 2.503622 7.027224 2.496757 7.017660 2.492969 7.021495 
2.515058 7.299356 2.473616 7.259717 2.514286 7.283912 2.472844 7.284170 2.470785 7.327413 
2.523547 7.069138 2.523547 7.098196 2.523547 7.013026 2.523547 6.972445 2.523547 6.891283 
2.484551 7.143258 2.502809 7.093399 2.549157 7.078652 2.497893 7.214185 2.465590 7.115169 
2.417391 6.704348 2.482609 6.821739 2.565217 6.452174 2.560870 6.960870 2.504348 6.700000 
2.416667 8.583333 2.416667 7.583333 2.416667 8.166667 2.416667 7.083333 2.416667 7.333333 
3.333333 7.666667 3.333333 7.666667 3.333333 12.000000 3.333333 8.000000 3.333333 11.666667 

Cluster 0 is class 0
Cluster 1 is class 0
Cluster 2 is class 0
Cluster 3 is class 8
Cluster 4 is class 0
Cluster 5 is class 0
Cluster 6 is class 0
Cluster 7 is class 5
Cluster 8 is class 9
Cluster 9 is class 9
Cluster 10 is class 0
Cluster 11 is class 0
Cluster 12 is class 7
Cluster 13 is class 0
Cluster 14 is class 0
Cluster 15 is class 0
Cluster 16 is class 0
Cluster 17 is class 0
Cluster 18 is class 0
Cluster 19 is class 0
Cluster 20 is class 8
Cluster 21 is class 8

Overall Accuracy is 0.359270

