Avg Clusters:
2.484288 10.718491 2.499343 9.979651 2.478130 9.410250 2.519467 3.700882 2.492810 10.883274 
2.511261 6.775812 2.492039 10.670299 2.514868 9.664198 2.493190 10.467713 2.505583 3.300004 
2.483408 3.876950 2.506477 3.135110 2.505232 2.835090 2.481424 9.032445 2.500720 9.389457 
2.507974 3.545199 2.496845 6.704801 2.510617 3.340952 2.506609 3.515478 2.511385 10.705526 
2.514828 10.519110 2.496683 4.029516 2.507107 10.642263 2.509283 10.312989 2.504264 10.271821 
2.470581 10.558583 2.488445 3.303616 2.496333 10.953654 2.514752 3.712501 2.493306 3.721838 
2.497170 10.871101 2.497287 4.698481 2.494672 4.030761 2.518054 10.219893 2.514736 2.752391 
2.515669 3.123835 2.537897 9.448943 2.496352 11.278375 2.489013 6.649795 2.516681 9.130372 
2.497770 3.345647 2.477370 3.550098 2.520475 11.181595 2.513358 10.836149 2.496015 9.587840 
2.484091 10.606540 2.535727 3.597492 2.500369 10.848881 2.486206 10.751365 2.495304 3.457979 
2.513298 3.835774 2.464601 2.691376 2.488817 7.116481 2.511764 3.338074 2.550891 10.262253 
2.501489 3.798429 2.508350 3.129355 2.467052 3.749639 2.521439 8.590765 2.506499 3.161130 
2.511908 3.861271 2.448890 7.419184 2.493373 10.453308 2.508099 2.874473 2.492713 3.403849 
2.504151 9.571452 2.514903 3.866232 2.498579 2.821884 2.505488 3.696083 2.479247 3.059892 
2.512992 2.317593 2.490172 10.214751 2.487799 10.487251 2.501613 11.006085 2.505811 4.168685 
2.486048 10.435648 2.507728 3.357649 2.506606 10.696271 2.496710 3.243840 2.500638 10.479059 
2.516791 10.338228 2.502107 3.307745 2.502230 3.272986 2.448203 11.116109 2.509603 7.228253 
2.502196 5.319907 2.485461 10.977642 2.522621 3.537512 2.487262 10.258631 2.509751 10.845954 
2.477545 11.612121 2.461435 10.184823 2.515773 9.548822 2.541052 10.202435 2.496193 4.657032 
2.511119 11.183259 2.475164 10.051335 2.517458 3.340798 2.486023 8.830770 2.506651 11.025772 
2.481276 10.023901 2.463559 3.676509 2.486278 3.967276 2.492392 11.006045 2.500382 11.664281 
2.490089 10.682653 2.518347 8.246310 2.532325 3.074712 2.505935 2.774417 2.533771 10.549617 
2.513885 4.210112 2.486293 9.686631 2.503488 2.825610 2.547741 3.741503 2.473630 3.219398 
2.528285 2.740160 2.505584 10.894367 2.489962 3.212058 2.507231 10.586624 2.520107 5.450967 
2.458542 6.833932 2.466193 7.702998 2.511165 2.988679 2.471580 11.120940 2.445503 4.404669 
2.466038 7.539507 2.500323 11.643286 2.493670 3.379540 2.469735 10.107199 2.528971 2.588208 
2.480838 9.133296 2.468715 11.152570 2.533687 6.430950 2.493911 3.430335 2.512458 3.521564 
2.516226 3.128754 2.507194 3.421550 2.508349 10.693342 2.470752 10.020059 2.485507 3.184258 
2.513877 2.776741 2.535438 3.352244 2.536662 4.184035 2.443688 2.864133 2.477865 3.864133 
2.489404 3.371483 2.475006 3.263531 2.497896 11.272909 2.494277 3.182751 2.461198 7.348003 
2.495267 10.825278 2.545175 6.459060 2.464873 3.437469 2.495350 6.666002 2.469108 7.029646 
2.534124 10.589792 2.556246 8.952429 2.529208 11.007880 2.485613 2.823959 2.500578 6.038462 
2.496733 7.280052 2.503697 3.125107 2.457610 7.259501 2.497678 3.459673 2.506879 3.942046 
2.507347 8.609747 2.513918 6.848407 2.521128 10.661677 2.461166 7.026650 2.536735 2.729944 
2.512566 6.974803 2.532007 10.847157 2.507642 10.650828 2.498497 10.468184 2.500288 10.802328 
2.528639 11.161886 2.457597 11.655537 2.461504 3.422343 2.470473 3.750555 2.508569 6.911997 
2.521916 11.628136 2.467765 10.480451 2.508946 9.706523 2.501373 10.610338 2.486983 10.785004 
2.505478 6.689108 2.488885 11.666958 2.482058 4.124722 2.516990 3.222134 2.453398 11.042950 
2.468291 6.574879 2.536849 3.484325 2.487614 7.060952 2.580532 11.359338 2.465207 2.740672 
2.530506 6.970990 2.499154 6.626382 2.540653 11.098868 2.469624 11.410823 2.536490 6.072070 
2.496222 3.862277 2.497010 10.947894 2.508838 10.299888 2.505027 2.455812 2.473487 10.611473 
2.507862 7.010006 2.486318 2.834593 2.456402 10.706861 2.492649 7.062998 2.547989 7.579845 
2.532730 11.795426 2.499667 11.004002 2.495665 3.407623 2.508528 9.507861 2.459552 3.001239 
2.469027 2.122360 2.467965 6.715162 2.534159 3.913864 2.474690 11.285782 2.520354 2.952330 
2.541711 10.775114 2.528802 3.336495 2.537320 6.466368 2.481296 6.161837 2.513874 11.064103 
2.464749 2.290186 2.499248 10.615247 2.490506 9.056872 2.504324 11.066366 2.519365 10.971235 
2.490561 9.677688 2.520102 2.676416 2.493789 3.565783 2.469432 2.373178 2.471486 10.918713 
2.526635 6.457280 2.509087 6.975245 2.455504 6.619072 2.534364 11.094527 2.448089 10.267600 
2.527324 6.789422 2.563985 11.626454 2.502493 11.294066 2.528302 3.885522 2.531626 3.063154 
2.501881 5.916373 2.500910 2.862605 2.493385 2.305862 2.509285 3.595096 2.461221 7.942833 
2.489040 11.089111 2.487253 9.448535 2.491422 2.403979 2.486776 3.369311 2.493805 2.589588 
2.513746 10.511287 2.491395 10.984019 2.491395 3.709432 2.499553 11.728319 2.520563 7.525145 
2.430537 2.890939 2.568240 7.815207 2.560391 7.483845 2.481195 6.691876 2.491591 3.687697 
2.462875 11.494288 2.445383 2.424798 2.552832 6.843646 2.534150 6.676702 2.480366 5.439791 
2.466084 3.075085 2.538289 3.420755 2.521224 11.047248 2.498080 5.465230 2.467470 11.924808 
2.506573 2.364982 2.526634 10.876035 2.500243 5.905638 2.542993 5.845360 2.485929 10.530042 
2.482066 2.195839 2.519727 11.798661 2.461382 10.542444 2.504902 3.974773 2.462099 3.529531 
2.523552 2.295063 2.531089 5.959678 2.466901 6.979023 2.462253 10.881422 2.517146 7.742746 
2.510490 2.681818 2.505184 6.936942 2.474439 2.580420 2.489631 11.078249 2.489510 11.205450 
2.501798 6.471709 2.531647 7.831695 2.452409 7.080796 2.438864 2.961160 2.528171 7.885759 
2.484134 5.795169 2.501001 6.322041 2.507433 11.142796 2.504145 2.424957 2.480846 11.453402 
2.478244 2.544424 2.478765 11.444372 2.544033 2.230719 2.527749 3.643695 2.527488 9.060969 
2.472798 10.110806 2.558523 11.696781 2.476666 11.170826 2.466559 6.483529 2.496132 7.537934 
2.505457 10.431461 2.486838 2.909470 2.461156 2.039647 2.571589 6.601766 2.520867 11.175281 
2.517734 6.898179 2.552664 10.883345 2.467026 3.039919 2.491167 6.630479 2.498584 6.904788 
2.549290 2.604088 2.508263 10.998260 2.536967 6.375181 2.531748 2.354016 2.475645 5.903160 
2.538732 3.027423 2.481777 3.125513 2.534161 6.727646 2.549514 10.448377 2.495840 11.821048 
2.475614 6.361811 2.558177 2.060089 2.522633 7.128307 2.481192 11.384125 2.490118 7.767453 
2.470340 11.799095 2.439120 3.442398 2.508586 4.021542 2.443178 2.161411 2.554324 6.603185 
2.557075 6.766325 2.446507 6.557727 2.466211 8.173750 2.491288 6.614395 2.500407 11.839603 
2.454650 2.986972 2.488292 11.921834 2.419690 5.730211 2.492414 7.370877 2.550297 2.476583 
2.535392 3.691044 2.468190 2.515503 2.490920 10.947004 2.517233 4.121062 2.517480 2.278938 
2.487353 11.905874 2.460401 10.808155 2.488321 10.593918 2.520802 4.228611 2.499654 2.210781 
2.508699 11.496334 2.505823 6.571819 2.512293 7.052049 2.525953 2.968224 2.434076 2.706111 

Avg Classes:
2.501062 6.987991 2.500831 7.004122 2.500320 6.993248 2.501601 6.996249 2.500578 6.990609 
2.499498 7.005723 2.498374 7.006795 2.501292 7.002107 2.499690 7.004367 2.498954 6.983451 
2.499895 6.977804 2.500798 6.985700 2.497879 6.992608 2.496556 7.012830 2.497165 6.990719 
2.505279 7.053359 2.508546 7.025330 2.503622 7.027224 2.496757 7.017660 2.492969 7.021495 
2.515058 7.299356 2.473616 7.259717 2.514286 7.283912 2.472844 7.284170 2.470785 7.327413 
2.523547 7.069138 2.523547 7.098196 2.523547 7.013026 2.523547 6.972445 2.523547 6.891283 
2.484551 7.143258 2.502809 7.093399 2.549157 7.078652 2.497893 7.214185 2.465590 7.115169 
2.417391 6.704348 2.482609 6.821739 2.565217 6.452174 2.560870 6.960870 2.504348 6.700000 
2.416667 8.583333 2.416667 7.583333 2.416667 8.166667 2.416667 7.083333 2.416667 7.333333 
3.333333 7.666667 3.333333 7.666667 3.333333 12.000000 3.333333 8.000000 3.333333 11.666667 

Cluster 0 is class 8
Cluster 1 is class 0
Cluster 2 is class 7
Cluster 3 is class 7
Cluster 4 is class 9
Cluster 5 is class 0
Cluster 6 is class 0
Cluster 7 is class 9
Cluster 8 is class 2
Cluster 9 is class 8
Cluster 10 is class 0
Cluster 11 is class 7
Cluster 12 is class 0
Cluster 13 is class 0
Cluster 14 is class 0
Cluster 15 is class 4
Cluster 16 is class 0
Cluster 17 is class 0
Cluster 18 is class 8
Cluster 19 is class 0
Cluster 20 is class 4
Cluster 21 is class 0
Cluster 22 is class 0
Cluster 23 is class 0
Cluster 24 is class 7
Cluster 25 is class 0
Cluster 26 is class 0
Cluster 27 is class 0
Cluster 28 is class 7
Cluster 29 is class 0
Cluster 30 is class 0
Cluster 31 is class 8
Cluster 32 is class 7
Cluster 33 is class 0
Cluster 34 is class 9
Cluster 35 is class 0
Cluster 36 is class 8
Cluster 37 is class 0
Cluster 38 is class 7
Cluster 39 is class 4
Cluster 40 is class 9
Cluster 41 is class 0
Cluster 42 is class 0
Cluster 43 is class 7
Cluster 44 is class 0
Cluster 45 is class 9
Cluster 46 is class 0
Cluster 47 is class 4
Cluster 48 is class 5
Cluster 49 is class 7
Cluster 50 is class 0
Cluster 51 is class 0
Cluster 52 is class 0
Cluster 53 is class 0
Cluster 54 is class 9
Cluster 55 is class 0
Cluster 56 is class 0
Cluster 57 is class 0
Cluster 58 is class 0
Cluster 59 is class 0
Cluster 60 is class 9
Cluster 61 is class 0
Cluster 62 is class 8
Cluster 63 is class 0
Cluster 64 is class 0
Cluster 65 is class 0
Cluster 66 is class 0
Cluster 67 is class 0
Cluster 68 is class 0
Cluster 69 is class 4
Cluster 70 is class 0
Cluster 71 is class 0
Cluster 72 is class 8
Cluster 73 is class 0

Overall Accuracy is 0.301011

