----------------------------For Number of clusters 67----------------------------
Avg Clusters:
2.513215 3.831181 2.508820 10.431715 2.479693 9.957871 2.502637 4.087076 2.480118 10.604292 
2.513471 9.569359 2.468835 9.687477 2.526725 4.048342 2.503789 9.062364 2.483357 11.381965 
2.498203 4.552023 2.537612 10.470541 2.505003 10.296140 2.494263 10.608353 2.521114 10.247576 
2.507937 4.388413 2.494686 3.951024 2.524210 3.431055 2.483450 4.042403 2.525243 10.063711 
2.502003 3.552357 2.514864 6.078993 2.493941 3.018648 2.497354 10.360044 2.492605 10.948756 
2.505185 10.843331 2.509744 3.516315 2.480601 3.817495 2.515823 3.819194 2.504068 11.045325 
2.500790 3.098651 2.497427 4.549893 2.502775 3.146376 2.499534 5.862051 2.492363 3.456914 
2.498882 10.690128 2.523406 10.109278 2.477180 10.534367 2.512189 4.057957 2.513948 10.254701 
2.496735 10.596038 2.498276 3.589582 2.519222 3.682098 2.514343 10.527513 2.497469 3.421900 
2.491068 10.404488 2.483712 11.360317 2.508444 4.378556 2.492231 4.497561 2.481686 3.911431 
2.446781 11.022532 2.498821 10.298991 2.524565 9.861896 2.514528 8.757716 2.497817 5.968535 
2.508325 9.798027 2.474976 10.815303 2.498460 3.144514 2.464485 3.126949 2.502358 10.388547 
2.479860 10.626541 2.484209 3.432613 2.508951 10.504391 2.508022 3.886421 2.505067 3.318063 
2.510346 10.832149 2.509625 3.340694 2.475499 3.326385 2.472668 10.692454 2.523471 10.393144 
2.494744 3.870602 2.503006 10.523215 2.513246 7.035879 2.521159 8.824173 2.525115 3.223459 
2.502847 3.321564 2.486766 10.028266 2.491910 2.744906 2.472733 10.968987 2.504744 3.767779 
2.508946 3.788361 2.494714 3.245346 2.472303 9.208883 2.501943 3.286418 2.491731 10.759308 
2.524983 10.723343 2.472521 3.910766 2.521972 10.804058 2.502001 10.042834 2.512264 10.024012 
2.531631 9.537504 2.452743 9.647376 2.512178 10.146729 2.505065 11.522524 2.494288 2.748141 
2.498087 3.028445 2.480775 10.290093 2.507357 3.591368 2.536930 3.221726 2.476410 6.858803 
2.480685 10.477070 2.509432 3.297583 2.518864 10.891223 2.497628 3.552750 2.502937 10.707557 
2.497145 4.490187 2.499376 10.181621 2.511126 4.015294 2.531342 3.024746 2.454217 2.326026 
2.497246 3.022325 2.484982 10.557538 2.482559 11.266211 2.477785 11.193067 2.487405 4.065947 
2.493430 4.223872 2.545135 3.065296 2.472016 5.791474 2.496590 10.982397 2.484052 3.347492 
2.496838 3.182912 2.508936 11.323962 2.499725 3.812345 2.481235 10.929887 2.505224 10.176175 
2.502126 10.567844 2.500354 10.597544 2.488427 3.412789 2.490021 10.764289 2.503779 3.042336 
2.508241 11.290398 2.492386 10.622626 2.469635 2.883823 2.546937 10.800699 2.516213 7.997850 
2.494094 6.079314 2.491163 5.712941 2.482192 11.550315 2.510614 3.322053 2.481481 8.802736 
2.518457 4.713774 2.503423 3.092125 2.459855 6.344700 2.471435 2.710447 2.480200 3.651654 
2.504355 7.153714 2.550674 3.461142 2.554834 11.051756 2.476341 9.509458 2.502912 4.054307 
2.529870 10.926801 2.498687 6.529542 2.483916 6.867143 2.527326 6.191860 2.493271 2.837765 
2.540738 10.766669 2.491616 10.682201 2.504605 10.302448 2.503739 10.931985 2.483980 10.886169 
2.444669 10.896397 2.477492 3.370954 2.505088 7.390758 2.471807 2.781150 2.450995 6.825250 
2.489621 11.546132 2.511226 3.048123 2.454207 10.298653 2.520207 11.049225 2.495721 3.519444 
2.482877 2.917054 2.506711 6.075718 2.554294 11.185940 2.548184 7.271898 2.528308 10.861298 
2.527900 3.477411 2.485338 6.205495 2.476718 7.758254 2.466328 10.262757 2.494343 7.354576 
2.507937 7.209957 2.513971 8.799751 2.535747 10.106323 2.499213 2.653745 2.508724 3.235078 
2.471937 2.970455 2.468182 2.055237 2.481423 10.969269 2.495553 7.030534 2.505237 8.300198 
2.484270 6.155092 2.518358 3.165692 2.495209 10.376495 2.516323 10.903163 2.481218 11.244976 
2.503077 11.360186 2.522171 10.878886 2.478618 10.873915 2.513098 3.286808 2.498422 3.363895 
2.516211 3.218457 2.495631 10.764639 2.490323 3.724214 2.512127 6.187423 2.500776 11.198938 
2.495872 10.363256 2.543839 6.222385 2.438708 6.629324 2.515414 11.124569 2.457206 7.630264 
2.494253 6.912261 2.503448 11.619668 2.479055 6.447637 2.514943 10.810217 2.494125 7.040102 
2.483325 10.547228 2.485607 4.993521 2.495693 2.379887 2.469042 3.982625 2.534418 6.462637 
2.518107 10.268692 2.519373 2.790206 2.483158 3.239097 2.504576 3.476636 2.461546 2.417445 
2.522078 2.283685 2.508360 7.735795 2.483604 10.453653 2.504058 3.098701 2.473782 5.237744 
2.476714 7.910318 2.504896 6.600310 2.478744 2.448889 2.510150 7.078696 2.504538 2.900525 
2.493750 2.535516 2.487996 3.339881 2.494742 10.183730 2.490079 6.829266 2.507639 2.714583 
2.487677 6.372167 2.532515 10.968128 2.523706 11.659012 2.493814 6.811739 2.545086 3.966347 
2.486088 2.579846 2.487024 11.550035 2.440379 10.666589 2.512743 3.364157 2.519289 2.801263 
2.465520 3.671362 2.469668 2.589440 2.503802 2.684411 2.508296 10.884635 2.527826 7.409177 
2.478816 10.913368 2.472746 8.074112 2.539395 3.379031 2.487669 2.080435 2.491843 3.226382 
2.483727 2.722655 2.463689 3.127377 2.533886 11.268283 2.461902 11.721378 2.500447 6.513210 
2.495555 6.340120 2.531689 2.329796 2.489676 11.172354 2.465730 3.006453 2.486665 5.687697 
2.527027 3.615580 2.514626 4.516216 2.492687 10.702862 2.523211 11.778060 2.496502 1.938633 
2.531838 3.774240 2.433611 3.527496 2.535275 11.475217 2.547395 2.552279 2.497648 2.183249 
2.538016 2.851110 2.493819 2.505853 2.509900 6.374029 2.541297 10.661306 2.503008 11.211246 
2.521165 2.689219 2.472685 7.518452 2.538169 11.532742 2.495658 8.084298 2.501628 3.026411 
2.526580 6.743230 2.582372 11.063315 2.465898 2.381143 2.470411 6.928034 2.560682 6.591399 
2.464147 7.919699 2.485223 2.712822 2.550100 5.831037 2.496409 9.265277 2.467915 11.399388 
2.504359 6.320641 2.514103 11.927949 2.538333 9.550769 2.467436 2.511795 2.529359 6.703590 
2.454413 3.927128 2.562430 10.094768 2.525825 4.140804 2.550079 2.013362 2.471368 11.689984 
2.512670 9.930096 2.502684 2.293846 2.494570 6.126576 2.536387 7.320060 2.508551 6.694919 
2.435554 7.156360 2.460065 6.795042 2.526694 2.502888 2.490210 11.497957 2.510635 6.043668 
2.547636 2.179187 2.516673 6.051850 2.533895 10.882191 2.470319 11.593258 2.485892 11.410224 
2.497597 11.196852 2.478376 6.673405 2.520298 11.926595 2.438940 7.388401 2.554598 3.143165 
2.526996 10.987190 2.491107 7.874127 2.497036 6.815477 2.491531 2.721575 2.481580 10.088821 

Avg Classes:
2.501062 6.987991 2.500831 7.004122 2.500320 6.993248 2.501601 6.996249 2.500578 6.990609 
2.499498 7.005723 2.498374 7.006795 2.501292 7.002107 2.499690 7.004367 2.498954 6.983451 
2.499895 6.977804 2.500798 6.985700 2.497879 6.992608 2.496556 7.012830 2.497165 6.990719 
2.505279 7.053359 2.508546 7.025330 2.503622 7.027224 2.496757 7.017660 2.492969 7.021495 
2.515058 7.299356 2.473616 7.259717 2.514286 7.283912 2.472844 7.284170 2.470785 7.327413 
2.523547 7.069138 2.523547 7.098196 2.523547 7.013026 2.523547 6.972445 2.523547 6.891283 
2.484551 7.143258 2.502809 7.093399 2.549157 7.078652 2.497893 7.214185 2.465590 7.115169 
2.417391 6.704348 2.482609 6.821739 2.565217 6.452174 2.560870 6.960870 2.504348 6.700000 
2.416667 8.583333 2.416667 7.583333 2.416667 8.166667 2.416667 7.083333 2.416667 7.333333 
3.333333 7.666667 3.333333 7.666667 3.333333 12.000000 3.333333 8.000000 3.333333 11.666667 

Cluster 0 is class 9
Cluster 1 is class 0
Cluster 2 is class 9
Cluster 3 is class 0
Cluster 4 is class 0
Cluster 5 is class 0
Cluster 6 is class 7
Cluster 7 is class 8
Cluster 8 is class 0
Cluster 9 is class 0
Cluster 10 is class 8
Cluster 11 is class 0
Cluster 12 is class 0
Cluster 13 is class 0
Cluster 14 is class 0
Cluster 15 is class 7
Cluster 16 is class 0
Cluster 17 is class 9
Cluster 18 is class 0
Cluster 19 is class 7
Cluster 20 is class 8
Cluster 21 is class 0
Cluster 22 is class 0
Cluster 23 is class 7
Cluster 24 is class 0
Cluster 25 is class 0
Cluster 26 is class 0
Cluster 27 is class 0
Cluster 28 is class 7
Cluster 29 is class 0
Cluster 30 is class 0
Cluster 31 is class 9
Cluster 32 is class 0
Cluster 33 is class 0
Cluster 34 is class 9
Cluster 35 is class 0
Cluster 36 is class 0
Cluster 37 is class 0
Cluster 38 is class 9
Cluster 39 is class 8
Cluster 40 is class 0
Cluster 41 is class 8
Cluster 42 is class 3
Cluster 43 is class 0
Cluster 44 is class 0
Cluster 45 is class 0
Cluster 46 is class 7
Cluster 47 is class 0
Cluster 48 is class 0
Cluster 49 is class 0
Cluster 50 is class 2
Cluster 51 is class 0
Cluster 52 is class 0
Cluster 53 is class 0
Cluster 54 is class 0
Cluster 55 is class 0
Cluster 56 is class 0
Cluster 57 is class 0
Cluster 58 is class 7
Cluster 59 is class 0
Cluster 60 is class 8
Cluster 61 is class 0
Cluster 62 is class 0
Cluster 63 is class 0
Cluster 64 is class 9
Cluster 65 is class 8
Cluster 66 is class 8

Overall Accuracy is 0.335036

