----------------------------For Number of clusters 81----------------------------
Avg Clusters:
2.526059 10.284658 2.457100 10.776280 2.488976 7.087145 2.526353 9.485574 2.507287 3.164042 
2.507128 3.176334 2.476212 3.641059 2.528228 3.326965 2.506762 3.556253 2.528187 9.586599 
2.506788 2.678277 2.520971 9.443147 2.486908 8.173105 2.515880 3.541498 2.483999 3.878091 
2.469074 3.554818 2.507859 4.093524 2.477601 3.379323 2.500786 10.668186 2.535681 6.068689 
2.497376 10.735642 2.534871 3.596156 2.505154 10.750708 2.490239 9.487445 2.499301 3.667560 
2.506175 2.721428 2.496287 3.445062 2.491321 10.474812 2.492807 10.414718 2.496966 4.473879 
2.509911 3.199113 2.483576 3.873716 2.492448 3.780336 2.498175 6.417710 2.491268 2.701948 
2.486565 5.427894 2.544496 3.004437 2.488414 5.558671 2.459078 2.279921 2.470541 3.527363 
2.513664 3.702921 2.500176 10.637091 2.476769 10.411449 2.501510 3.641953 2.484376 10.755813 
2.511406 2.988844 2.521566 11.156041 2.500249 10.050553 2.486602 10.279311 2.500548 3.748381 
2.490623 2.692489 2.512934 10.804416 2.518016 3.462260 2.544161 4.401377 2.500739 9.731984 
2.460025 10.853417 2.494780 4.712960 2.492135 9.234653 2.532319 2.952810 2.485314 6.716162 
2.498005 10.571660 2.528113 8.978277 2.531851 10.975145 2.483354 4.568174 2.507754 3.015559 
2.526486 3.385491 2.451437 3.698549 2.476017 10.901053 2.488364 2.842731 2.482105 6.076700 
2.483213 4.848919 2.492718 10.559865 2.493945 11.681435 2.526522 3.076499 2.528591 3.022076 
2.522222 11.019795 2.505340 4.146602 2.477670 2.630798 2.499838 4.308037 2.471090 6.042772 
2.493593 11.148091 2.494817 11.357350 2.495589 8.334106 2.464748 2.799240 2.518447 5.430687 
2.534030 9.990338 2.517948 11.049532 2.497890 8.790436 2.506941 3.446707 2.482236 11.103161 
2.511789 3.640251 2.505837 7.083780 2.466740 9.048620 2.496223 10.832761 2.498192 10.614980 
2.464247 11.043241 2.516055 10.676268 2.497774 10.935375 2.522059 10.566986 2.501686 7.029749 
2.485186 4.901409 2.509708 2.389400 2.536962 10.619661 2.516468 10.984251 2.452682 10.675464 
2.525634 4.533516 2.526546 7.820272 2.499642 2.896098 2.466028 8.953032 2.526024 11.252948 
2.527966 7.513628 2.538522 10.791476 2.535529 11.026706 2.484087 10.227273 2.534820 11.290846 
2.490106 7.063083 2.470129 4.544051 2.474792 7.965087 2.481031 3.434900 2.494517 11.321465 
2.503057 10.683726 2.515342 10.658865 2.483144 2.845648 2.503348 5.636274 2.503057 6.083086 
2.471715 6.346160 2.513337 11.184578 2.506745 5.817109 2.477311 11.079411 2.476928 9.783535 
2.483061 10.994752 2.521124 8.595656 2.519928 2.508436 2.470108 10.409459 2.490036 3.180417 
2.521459 3.049219 2.497515 10.875236 2.496184 3.032066 2.530421 10.492124 2.525940 6.104460 
2.485364 10.251862 2.528482 6.744977 2.498156 3.026639 2.509820 3.014298 2.535104 11.103620 
2.553015 3.023467 2.490236 2.610397 2.484327 6.837187 2.536228 7.453494 2.507023 10.739551 
2.497615 11.355485 2.480922 2.592925 2.527424 6.644595 2.495072 5.495866 2.507631 10.996184 
2.498218 10.800050 2.485671 3.049435 2.511317 3.639749 2.515182 10.955734 2.502334 4.935759 
2.503173 11.053296 2.491202 3.344223 2.446993 3.051926 2.503245 10.111928 2.575941 10.844800 
2.456766 6.814327 2.489486 3.270832 2.507024 3.989442 2.459297 11.364715 2.459995 10.555187 
2.474821 6.996290 2.489381 10.986367 2.483539 3.255402 2.505889 2.636187 2.454790 10.814059 
2.522087 4.722517 2.468695 3.812092 2.530383 10.834601 2.491972 5.346470 2.509257 2.127679 
2.482350 2.223941 2.547550 11.479859 2.503841 10.504672 2.526059 10.023671 2.495951 10.348941 
2.485336 10.799848 2.460391 10.396174 2.492752 3.157087 2.527979 11.316619 2.515591 8.121861 
2.548281 10.247599 2.489636 10.666456 2.526668 2.500000 2.526036 9.765546 2.452477 12.061047 
2.486645 10.313069 2.486118 7.556843 2.543902 3.994884 2.517944 3.016327 2.482657 2.420510 
2.493462 8.099140 2.525255 5.055257 2.545764 10.292137 2.486208 11.321422 2.541196 6.855096 
2.447249 8.913995 2.541486 2.625325 2.529463 11.800910 2.496534 3.007257 2.489926 10.804376 
2.517280 2.187863 2.461156 3.367570 2.505115 3.052530 2.506912 11.180260 2.489079 11.130357 
2.472292 6.728904 2.483413 11.226708 2.516307 5.843192 2.531352 3.277918 2.490235 3.129988 
2.502084 10.737950 2.453564 6.375227 2.452495 7.490114 2.554237 11.372876 2.488939 2.739446 
2.494360 3.403830 2.532847 7.711916 2.508010 11.038771 2.492369 7.056688 2.468386 6.747180 
2.472882 2.510972 2.518931 7.019443 2.518818 7.144059 2.528709 2.781580 2.508584 10.905742 
2.455894 5.723976 2.483065 7.405281 2.538175 3.000765 2.467949 11.111845 2.442116 2.567930 
2.550029 9.379897 2.515106 4.063642 2.534520 9.302355 2.489259 10.429179 2.550144 11.923952 
2.530864 11.938998 2.468168 7.068385 2.458364 9.938272 2.555556 10.323529 2.414185 10.460300 
2.528388 10.760570 2.496859 7.940082 2.547234 4.903237 2.463518 7.054361 2.512201 10.750060 
2.482469 6.299053 2.536674 2.573005 2.488817 6.686297 2.513624 11.050005 2.433538 2.553277 
2.500965 2.498808 2.484962 8.113041 2.536488 6.195778 2.546249 11.120758 2.489048 2.807400 
2.482961 6.601384 2.434913 10.415720 2.533882 11.280585 2.477216 11.604648 2.447578 5.067894 
2.479614 10.306693 2.498615 2.994653 2.488112 11.092428 2.485916 3.094051 2.519813 2.610522 
2.480928 5.620432 2.471192 6.889170 2.545079 11.237663 2.469325 10.683249 2.576687 1.956788 
2.630184 6.893822 2.424712 11.891585 2.506970 2.993461 2.415763 7.115299 2.491998 10.202031 
2.569510 11.334518 2.453528 2.724724 2.530411 11.613876 2.501580 7.262902 2.484597 9.752106 
2.535850 10.205925 2.546599 7.982042 2.451042 11.709398 2.489972 6.052169 2.546992 10.839428 
2.487253 11.826641 2.466699 11.467814 2.485819 3.194232 2.488368 2.832218 2.509879 10.380178 
2.515302 3.320176 2.486217 9.668238 2.505873 2.271195 2.530643 3.484379 2.460408 3.400719 
2.475546 11.645256 2.458754 11.797359 2.510760 7.907075 2.508803 8.467395 2.493479 10.670688 
2.494557 9.226758 2.541150 3.150991 2.486610 3.032223 2.478554 6.778032 2.525800 2.333333 
2.467150 2.514877 2.471530 10.862559 2.506721 3.355233 2.517596 11.643407 2.446760 11.112219 
2.498682 2.852399 2.515156 3.017791 2.494465 10.999077 2.476805 2.874012 2.521086 11.327623 
2.509591 6.022198 2.497044 6.963084 2.457232 3.054651 2.460731 3.310170 2.545904 6.707202 
2.487907 9.192494 2.512260 11.901418 2.479900 2.211843 2.474729 3.182319 2.478232 2.969641 
2.462785 6.301080 2.507881 2.463222 2.446877 11.238908 2.510508 6.744308 2.561442 7.744600 
2.529449 7.094589 2.541935 2.683567 2.519107 2.489217 2.473200 6.068609 2.444192 10.795182 
2.492408 5.280336 2.502949 11.526791 2.501945 8.141549 2.499686 6.280462 2.505459 7.184465 
2.463193 10.648293 2.516714 2.163051 2.493954 2.778627 2.523826 2.365754 2.506579 10.541430 
2.544056 7.584016 2.470712 9.324150 2.515513 11.716307 2.500372 2.737032 2.496401 7.634897 
2.470066 2.413719 2.471903 4.536671 2.572653 11.787016 2.504823 7.232889 2.521666 11.123411 
2.506492 3.214689 2.476328 11.499148 2.459410 3.762492 2.462295 7.786098 2.521049 2.429770 
2.511278 7.724172 2.555556 3.051935 2.535366 6.864662 2.510721 6.605402 2.480507 6.081175 
2.481061 6.973485 2.470170 12.029830 2.491951 2.986900 2.456282 10.910669 2.569287 3.255051 
2.528708 11.734028 2.431607 2.687166 2.511962 6.216437 2.523220 3.889811 2.484661 2.646918 
2.500000 11.784402 2.482529 7.233970 2.473523 10.969561 2.479647 2.257385 2.492976 10.941463 
2.505047 8.505499 2.570890 11.693084 2.503239 11.587163 2.500829 7.991110 2.544523 2.533374 
2.457537 11.705813 2.464236 2.191527 2.498128 10.168670 2.507586 11.860099 2.477044 9.509360 
2.523096 11.125436 2.516937 7.094026 2.535208 5.079655 2.427428 11.942106 2.494560 11.100801 

Avg Classes:
2.501062 6.987991 2.500831 7.004122 2.500320 6.993248 2.501601 6.996249 2.500578 6.990609 
2.499498 7.005723 2.498374 7.006795 2.501292 7.002107 2.499690 7.004367 2.498954 6.983451 
2.499895 6.977804 2.500798 6.985700 2.497879 6.992608 2.496556 7.012830 2.497165 6.990719 
2.505279 7.053359 2.508546 7.025330 2.503622 7.027224 2.496757 7.017660 2.492969 7.021495 
2.515058 7.299356 2.473616 7.259717 2.514286 7.283912 2.472844 7.284170 2.470785 7.327413 
2.523547 7.069138 2.523547 7.098196 2.523547 7.013026 2.523547 6.972445 2.523547 6.891283 
2.484551 7.143258 2.502809 7.093399 2.549157 7.078652 2.497893 7.214185 2.465590 7.115169 
2.417391 6.704348 2.482609 6.821739 2.565217 6.452174 2.560870 6.960870 2.504348 6.700000 
2.416667 8.583333 2.416667 7.583333 2.416667 8.166667 2.416667 7.083333 2.416667 7.333333 
3.333333 7.666667 3.333333 7.666667 3.333333 12.000000 3.333333 8.000000 3.333333 11.666667 

Cluster 0 is class 0
Cluster 1 is class 0
Cluster 2 is class 0
Cluster 3 is class 0
Cluster 4 is class 8
Cluster 5 is class 0
Cluster 6 is class 7
Cluster 7 is class 0
Cluster 8 is class 0
Cluster 9 is class 0
Cluster 10 is class 0
Cluster 11 is class 8
Cluster 12 is class 8
Cluster 13 is class 0
Cluster 14 is class 0
Cluster 15 is class 7
Cluster 16 is class 8
Cluster 17 is class 8
Cluster 18 is class 0
Cluster 19 is class 8
Cluster 20 is class 9
Cluster 21 is class 0
Cluster 22 is class 9
Cluster 23 is class 0
Cluster 24 is class 0
Cluster 25 is class 0
Cluster 26 is class 5
Cluster 27 is class 0
Cluster 28 is class 0
Cluster 29 is class 7
Cluster 30 is class 0
Cluster 31 is class 0
Cluster 32 is class 0
Cluster 33 is class 0
Cluster 34 is class 0
Cluster 35 is class 0
Cluster 36 is class 9
Cluster 37 is class 0
Cluster 38 is class 0
Cluster 39 is class 0
Cluster 40 is class 0
Cluster 41 is class 9
Cluster 42 is class 0
Cluster 43 is class 0
Cluster 44 is class 8
Cluster 45 is class 0
Cluster 46 is class 0
Cluster 47 is class 7
Cluster 48 is class 9
Cluster 49 is class 8
Cluster 50 is class 0
Cluster 51 is class 0
Cluster 52 is class 0
Cluster 53 is class 8
Cluster 54 is class 0
Cluster 55 is class 0
Cluster 56 is class 4
Cluster 57 is class 8
Cluster 58 is class 9
Cluster 59 is class 8
Cluster 60 is class 7
Cluster 61 is class 8
Cluster 62 is class 0
Cluster 63 is class 0
Cluster 64 is class 9
Cluster 65 is class 0
Cluster 66 is class 5
Cluster 67 is class 0
Cluster 68 is class 0
Cluster 69 is class 4
Cluster 70 is class 0
Cluster 71 is class 8
Cluster 72 is class 9
Cluster 73 is class 7
Cluster 74 is class 7
Cluster 75 is class 0
Cluster 76 is class 0
Cluster 77 is class 8
Cluster 78 is class 4
Cluster 79 is class 4
Cluster 80 is class 0

Overall Accuracy is 0.321798

