----------------------------For Number of clusters 77----------------------------
Avg Clusters:
2.520135 4.333919 2.491699 2.655376 2.494543 4.267804 2.490863 11.144022 2.530297 9.230126 
2.494944 10.483192 2.523639 4.556050 2.488348 10.360376 2.506462 10.401326 2.493672 3.260765 
2.509345 5.375190 2.517724 6.493366 2.474964 10.931978 2.467488 10.735100 2.516574 10.153050 
2.510211 10.731790 2.498308 5.583459 2.504097 9.518078 2.514002 6.129784 2.505972 10.910243 
2.533930 3.321311 2.476084 3.908854 2.488948 10.568451 2.503318 3.074008 2.463668 4.208020 
2.506449 3.417771 2.514197 3.312970 2.523827 3.379165 2.494133 3.733653 2.492118 4.408814 
2.505680 10.413937 2.497667 10.808601 2.515367 10.365199 2.512983 10.910285 2.489502 9.873669 
2.488019 10.823360 2.509778 7.063705 2.529200 9.633008 2.525199 3.221643 2.488243 3.983141 
2.495472 11.304504 2.498664 3.556708 2.475925 3.525831 2.490685 9.880999 2.523796 9.991463 
2.500513 10.989944 2.477130 3.614352 2.499243 4.544350 2.509690 2.666048 2.496266 10.159336 
2.491958 4.365723 2.523720 2.718111 2.469867 5.512573 2.528046 10.539601 2.482337 3.057671 
2.502142 7.283389 2.530271 10.832937 2.466683 3.053641 2.463398 9.509805 2.502761 7.163494 
2.527827 3.036723 2.513758 4.201097 2.508017 11.157857 2.487431 10.911865 2.506879 3.774387 
2.509692 3.224937 2.486522 3.580824 2.487694 8.590966 2.480572 3.341372 2.498648 10.914308 
2.497782 6.774648 2.515582 10.667184 2.502384 10.760674 2.482478 10.319508 2.485139 3.742043 
2.483442 7.510948 2.515623 10.744181 2.504994 3.010530 2.544211 4.091325 2.446194 3.610589 
2.469587 11.452627 2.552028 6.946315 2.502359 3.270467 2.513581 7.565226 2.527225 3.231382 
2.523176 10.558972 2.501778 3.024725 2.482217 3.697912 2.501721 3.609683 2.476939 3.018644 
2.503160 10.790996 2.476774 2.937520 2.518861 3.501466 2.519382 10.933416 2.508828 3.597498 
2.482998 2.635291 2.501597 10.617414 2.522102 5.842452 2.536631 6.518393 2.489078 6.805719 
2.501694 11.228220 2.479067 10.693275 2.506346 3.735600 2.513008 6.338712 2.487222 10.551485 
2.490615 10.200538 2.518923 7.668462 2.506615 2.935692 2.451308 2.916231 2.503462 7.416462 
2.494917 7.697827 2.548535 2.614710 2.499402 2.670321 2.466315 5.491329 2.466713 7.860076 
2.486203 3.659416 2.466868 2.363142 2.534206 11.108359 2.530916 9.154481 2.489560 10.772340 
2.493875 4.086973 2.503246 9.044512 2.495046 10.612426 2.515594 3.232857 2.502855 11.049392 
2.506273 10.821257 2.479866 2.957958 2.528871 10.554490 2.494712 11.047297 2.501675 10.245287 
2.526755 3.222387 2.477418 10.822373 2.502928 2.963586 2.493168 10.392811 2.517668 3.075856 
2.512888 11.718930 2.423576 10.553604 2.524134 9.631095 2.535708 10.466508 2.512806 3.062305 
2.519422 3.244365 2.520655 10.365144 2.507365 3.261492 2.474687 6.991300 2.521066 11.491950 
2.478994 7.238174 2.512543 3.146970 2.470833 11.418468 2.511486 3.148103 2.501133 9.705985 
2.528713 10.857132 2.458560 11.372885 2.505355 7.635729 2.452119 2.785736 2.504579 7.391277 
2.526993 2.968373 2.490733 11.431083 2.484628 10.525007 2.478008 3.396587 2.480803 7.519197 
2.514150 10.516126 2.513043 10.264743 2.461265 11.127194 2.507194 2.978972 2.492332 11.093913 
2.537248 6.800801 2.540191 10.390302 2.542726 11.355385 2.495707 3.047592 2.550740 4.505193 
2.469361 3.909396 2.521812 10.889335 2.499416 7.428217 2.496790 11.500438 2.496863 10.538445 
2.476505 7.346470 2.527393 3.551971 2.518731 2.803270 2.471524 4.034322 2.521979 12.026743 
2.501827 2.592211 2.465731 9.988163 2.499635 3.515636 2.512495 3.000877 2.474061 3.309075 
2.533510 3.996860 2.496984 7.744649 2.448889 3.779688 2.516073 2.700769 2.499959 8.665895 
2.491008 2.695346 2.513664 6.816643 2.508463 2.747003 2.526975 10.945874 2.483692 8.059238 
2.516575 7.834438 2.466990 10.708189 2.526473 5.737324 2.490522 11.021571 2.539359 2.658418 
2.501854 2.566904 2.475794 6.189837 2.511176 6.900672 2.482810 9.660319 2.521600 11.291470 
2.573661 7.103424 2.519146 7.048193 2.488369 3.003579 2.488608 7.489562 2.485864 11.239175 
2.510777 10.859113 2.466430 2.492609 2.518457 8.885292 2.525394 6.446775 2.506731 5.969031 
2.513731 11.751516 2.455608 10.773575 2.488695 3.735524 2.465755 3.061652 2.533914 2.691629 
2.512722 11.501296 2.499088 10.609313 2.505905 2.614018 2.517331 11.335574 2.477292 4.235622 
2.507350 2.601543 2.512976 10.785753 2.511071 11.241924 2.538113 10.492922 2.494737 6.853630 
2.428343 2.440210 2.479690 5.587061 2.491214 2.809448 2.479347 9.566294 2.537198 2.881789 
2.470956 3.932320 2.505335 11.814851 2.532924 3.478823 2.541007 2.396487 2.478069 10.599203 
2.504916 6.899033 2.510782 3.084607 2.504173 10.957944 2.453276 6.646121 2.488309 3.041229 
2.495307 2.383290 2.500361 10.044868 2.454874 10.549046 2.521815 3.327695 2.494791 2.618257 
2.469069 6.375961 2.518458 11.275671 2.484440 7.497795 2.504599 3.375709 2.532191 2.594305 
2.523298 10.633014 2.471645 10.226838 2.504244 3.571338 2.497833 11.574950 2.496388 11.186924 
2.468623 6.445836 2.454545 5.913505 2.523145 6.893939 2.472441 3.451921 2.521713 2.766404 
2.462502 7.012105 2.465841 6.068596 2.495339 2.976624 2.486712 11.827327 2.449283 11.229581 
2.505099 3.572513 2.588262 11.016655 2.480512 11.402561 2.478813 8.053932 2.481985 11.581917 
2.535315 6.831743 2.468230 5.494410 2.482002 2.727025 2.470548 7.432779 2.465094 2.969185 
2.468439 11.352027 2.544307 11.418548 2.460670 10.946225 2.522336 4.171401 2.472566 2.658291 
2.457804 7.699557 2.497644 2.499786 2.505498 7.557047 2.536913 2.262459 2.474939 5.919606 
2.458809 11.694648 2.522910 3.249308 2.529525 11.361395 2.475045 2.612628 2.485268 9.740469 
2.483746 10.071810 2.460820 10.717855 2.496604 2.953178 2.488476 2.273654 2.512373 11.411936 
2.483107 2.436238 2.497631 4.400803 2.488875 9.671096 2.533478 6.990214 2.524516 6.819736 
2.470056 10.691175 2.510963 6.931712 2.496455 6.942620 2.502018 11.135922 2.465583 7.294971 
2.493086 2.420700 2.460507 2.841190 2.507961 2.869998 2.526084 6.182904 2.487220 10.770794 
2.493654 2.733856 2.515677 6.172266 2.538261 3.117581 2.517544 2.369168 2.512691 11.919560 
2.528095 7.103965 2.538791 11.296207 2.514689 7.198374 2.535796 3.300342 2.477039 11.123360 
2.475180 10.985601 2.546419 10.416825 2.496021 11.444108 2.481117 6.619427 2.545156 7.478969 
2.461877 2.895146 2.540712 6.947055 2.573851 8.211909 2.462006 7.609450 2.507443 2.334110 
2.468893 11.048403 2.476219 2.596325 2.467091 11.075907 2.455681 3.067860 2.553927 2.720634 
2.494040 3.027062 2.454736 11.540271 2.529961 2.540271 2.525129 11.614046 2.487597 10.372423 
2.485604 7.076178 2.509232 2.468173 2.563977 9.304584 2.460555 11.551840 2.498773 6.304842 
2.413047 7.392632 2.479969 6.511128 2.481197 3.413507 2.504068 12.005065 2.464313 3.054643 
2.531965 7.010063 2.452249 9.703039 2.521705 11.542423 2.562747 6.392463 2.560182 2.059787 
2.494313 7.853555 2.485150 11.222749 2.506319 7.921169 2.522749 7.621801 2.516746 10.867299 
2.496132 11.213181 2.465192 11.519338 2.530941 6.145885 2.476176 7.735149 2.514851 4.628558 
2.537915 2.511303 2.497868 10.607803 2.478362 7.948069 2.491797 11.562330 2.556130 3.054902 
2.520839 7.145318 2.524590 2.478883 2.515699 7.017505 2.506391 7.548069 2.517644 11.171437 
2.484848 2.503739 2.443133 11.107241 2.487997 11.548209 2.469303 8.312475 2.464974 2.444904 

Avg Classes:
2.501062 6.987991 2.500831 7.004122 2.500320 6.993248 2.501601 6.996249 2.500578 6.990609 
2.499498 7.005723 2.498374 7.006795 2.501292 7.002107 2.499690 7.004367 2.498954 6.983451 
2.499895 6.977804 2.500798 6.985700 2.497879 6.992608 2.496556 7.012830 2.497165 6.990719 
2.505279 7.053359 2.508546 7.025330 2.503622 7.027224 2.496757 7.017660 2.492969 7.021495 
2.515058 7.299356 2.473616 7.259717 2.514286 7.283912 2.472844 7.284170 2.470785 7.327413 
2.523547 7.069138 2.523547 7.098196 2.523547 7.013026 2.523547 6.972445 2.523547 6.891283 
2.484551 7.143258 2.502809 7.093399 2.549157 7.078652 2.497893 7.214185 2.465590 7.115169 
2.417391 6.704348 2.482609 6.821739 2.565217 6.452174 2.560870 6.960870 2.504348 6.700000 
2.416667 8.583333 2.416667 7.583333 2.416667 8.166667 2.416667 7.083333 2.416667 7.333333 
3.333333 7.666667 3.333333 7.666667 3.333333 12.000000 3.333333 8.000000 3.333333 11.666667 

Cluster 0 is class 0
Cluster 1 is class 8
Cluster 2 is class 9
Cluster 3 is class 8
Cluster 4 is class 0
Cluster 5 is class 7
Cluster 6 is class 9
Cluster 7 is class 8
Cluster 8 is class 0
Cluster 9 is class 0
Cluster 10 is class 0
Cluster 11 is class 4
Cluster 12 is class 0
Cluster 13 is class 0
Cluster 14 is class 3
Cluster 15 is class 5
Cluster 16 is class 0
Cluster 17 is class 7
Cluster 18 is class 0
Cluster 19 is class 0
Cluster 20 is class 8
Cluster 21 is class 0
Cluster 22 is class 0
Cluster 23 is class 9
Cluster 24 is class 9
Cluster 25 is class 9
Cluster 26 is class 0
Cluster 27 is class 8
Cluster 28 is class 0
Cluster 29 is class 0
Cluster 30 is class 8
Cluster 31 is class 0
Cluster 32 is class 9
Cluster 33 is class 8
Cluster 34 is class 0
Cluster 35 is class 0
Cluster 36 is class 7
Cluster 37 is class 0
Cluster 38 is class 7
Cluster 39 is class 0
Cluster 40 is class 0
Cluster 41 is class 0
Cluster 42 is class 8
Cluster 43 is class 5
Cluster 44 is class 0
Cluster 45 is class 0
Cluster 46 is class 0
Cluster 47 is class 0
Cluster 48 is class 0
Cluster 49 is class 0
Cluster 50 is class 0
Cluster 51 is class 0
Cluster 52 is class 0
Cluster 53 is class 0
Cluster 54 is class 9
Cluster 55 is class 7
Cluster 56 is class 8
Cluster 57 is class 0
Cluster 58 is class 4
Cluster 59 is class 4
Cluster 60 is class 0
Cluster 61 is class 8
Cluster 62 is class 0
Cluster 63 is class 0
Cluster 64 is class 3
Cluster 65 is class 8
Cluster 66 is class 0
Cluster 67 is class 8
Cluster 68 is class 0
Cluster 69 is class 0
Cluster 70 is class 7
Cluster 71 is class 8
Cluster 72 is class 0
Cluster 73 is class 8
Cluster 74 is class 0
Cluster 75 is class 0
Cluster 76 is class 0

Overall Accuracy is 0.277984

