----------------------------For Number of clusters 78----------------------------
Avg Clusters:
2.510311 3.632883 2.474143 11.220566 2.500879 9.200623 2.483055 3.471785 2.498282 6.839142 
2.501297 11.188114 2.503722 3.217467 2.487599 3.887906 2.519420 9.274216 2.521632 3.454120 
2.507493 3.026455 2.468537 3.762138 2.524811 10.598478 2.512769 10.747878 2.502408 9.431990 
2.493543 3.947325 2.521631 3.494070 2.509507 3.482021 2.473738 3.767988 2.486652 4.484167 
2.504138 9.745621 2.526004 8.284713 2.519998 11.354814 2.539015 3.727990 2.492320 3.534049 
2.533981 4.189958 2.518535 3.299304 2.515495 11.195254 2.444003 8.303128 2.476366 3.530499 
2.483559 6.224602 2.523625 10.691996 2.490559 3.746937 2.470250 11.164410 2.503086 6.659759 
2.476547 10.966502 2.522734 3.434209 2.517278 10.981305 2.497610 10.360233 2.503489 4.985873 
2.477564 7.546274 2.482772 4.250280 2.490745 7.807292 2.503886 3.249319 2.519511 10.862620 
2.509752 11.249677 2.504672 4.046581 2.510040 11.061628 2.494752 3.987780 2.495423 10.340681 
2.460835 3.406221 2.481916 3.584427 2.484499 2.789346 2.500103 10.409579 2.527023 6.591351 
2.499273 11.227397 2.520263 10.946160 2.500552 3.717251 2.501425 10.140008 2.481423 3.122507 
2.506541 4.737078 2.518434 10.369683 2.476535 2.845668 2.513585 3.239411 2.471960 6.085628 
2.503525 2.782827 2.485419 3.049906 2.482426 10.386367 2.483948 3.458285 2.480550 9.257595 
2.477603 2.984227 2.504543 7.668076 2.548707 9.403281 2.511230 3.487129 2.497161 11.421893 
2.502959 10.982371 2.492307 11.215162 2.511867 8.223260 2.449262 2.860275 2.512116 4.933470 
2.498039 11.160502 2.492847 9.344161 2.529409 3.220008 2.445740 2.888989 2.517062 8.276176 
2.493704 10.220195 2.485524 10.934389 2.496999 7.396728 2.531482 4.041309 2.505884 11.389667 
2.527578 10.897368 2.491173 3.773582 2.493367 8.385198 2.508096 10.700146 2.487674 11.077980 
2.463526 3.669963 2.534359 10.812772 2.492911 10.912646 2.506917 6.501829 2.543277 2.861365 
2.478763 10.534605 2.476089 10.739442 2.509935 8.396731 2.470377 11.219906 2.486784 9.302242 
2.550595 6.518325 2.545755 10.717096 2.457165 11.321936 2.523473 3.436343 2.456166 10.895813 
2.522266 10.417724 2.509008 3.547196 2.485029 2.549734 2.501586 3.324981 2.476275 5.143174 
2.484547 6.299820 2.558485 3.200297 2.474141 3.981066 2.527658 10.774118 2.451608 2.682184 
2.554727 3.544969 2.485317 7.057719 2.499678 11.297892 2.514223 2.748044 2.516248 5.571297 
2.539448 8.700447 2.487469 5.804995 2.506033 11.880601 2.496329 10.267404 2.495570 10.571175 
2.500958 10.415903 2.484416 10.198154 2.499894 3.040256 2.539013 3.627192 2.486262 2.458218 
2.501310 10.337966 2.484305 10.594990 2.515268 11.168587 2.511001 10.519656 2.509600 3.654050 
2.512624 2.657599 2.517294 10.926915 2.517782 3.962426 2.510669 9.455340 2.537330 10.714720 
2.540736 6.804713 2.579602 3.241544 2.504130 7.363621 2.461786 10.970959 2.516912 7.117903 
2.496323 7.726137 2.532780 9.639146 2.452115 2.511665 2.522815 3.366311 2.471253 11.681613 
2.437016 2.560588 2.516894 10.694065 2.534308 4.186437 2.560987 3.196022 2.482946 11.045371 
2.537065 3.638626 2.474234 5.389589 2.506237 2.683887 2.498792 4.603684 2.506433 10.723793 
2.498741 4.432390 2.521697 8.870557 2.503036 10.980820 2.439129 10.457568 2.517624 7.255628 
2.468781 4.292954 2.537690 1.830189 2.516817 3.646158 2.484277 3.722906 2.516726 10.525932 
2.481966 8.159192 2.534951 2.743696 2.498723 10.730769 2.486435 3.388446 2.505985 5.914539 
2.524661 2.333733 2.461418 10.672779 2.454457 3.041090 2.530050 8.998802 2.545019 3.679889 
2.509750 3.064450 2.448481 6.485324 2.451765 9.195915 2.483990 3.280993 2.479577 2.085796 
2.491588 3.292484 2.515480 7.761274 2.570831 4.652763 2.482728 11.610254 2.471379 2.672076 
2.501635 10.277788 2.441923 7.023558 2.467115 7.669423 2.544712 11.083173 2.495962 2.718269 
2.484942 2.216120 2.481621 2.983835 2.487157 6.361492 2.526683 9.521811 2.510850 2.819973 
2.508364 11.062332 2.488007 3.273237 2.499132 3.286887 2.500473 3.208695 2.505760 11.045368 
2.487186 10.307142 2.484454 2.688439 2.480999 3.457460 2.494818 8.001044 2.529525 10.429260 
2.462551 8.665280 2.516354 7.097252 2.473873 6.365105 2.484324 5.992259 2.498839 3.334333 
2.502371 6.263751 2.448080 11.274775 2.500948 3.367236 2.483167 7.261854 2.496799 2.458393 
2.505021 2.565479 2.476165 11.858260 2.476271 9.567593 2.561991 11.132016 2.474474 7.377233 
2.489004 10.393891 2.511654 7.270207 2.485996 2.839286 2.523402 8.354417 2.493515 8.033083 
2.507394 4.482589 2.468357 8.407537 2.457545 7.866115 2.519478 10.275720 2.459533 11.766020 
2.506897 4.443955 2.474093 2.274719 2.497392 10.123450 2.562188 2.978672 2.524052 2.576446 
2.550287 2.953367 2.495737 2.836436 2.499130 4.563946 2.522011 9.672960 2.491213 11.503741 
2.482326 2.750835 2.499021 6.932988 2.515026 7.004836 2.502015 7.267703 2.533679 6.428785 
2.490067 8.250927 2.464880 7.922536 2.521814 2.873111 2.475810 11.447486 2.461363 11.544340 
2.473363 11.625576 2.430102 2.998898 2.474364 7.637292 2.528440 3.279792 2.457541 5.784298 
2.542987 11.134716 2.450282 11.717542 2.482740 2.816109 2.510096 9.877225 2.505102 10.669670 
2.477704 11.308165 2.518311 10.344464 2.456269 11.799117 2.472533 3.967686 2.515080 9.415446 
2.512268 3.614176 2.509412 11.539920 2.499026 7.686875 2.475918 11.094379 2.532520 2.613008 
2.449527 11.136684 2.477238 2.907521 2.497911 10.969760 2.451067 4.538267 2.539587 2.159996 
2.504092 10.968798 2.567136 3.051535 2.496419 2.701279 2.475831 11.958312 2.501790 9.087340 
2.501627 2.589139 2.589813 11.030517 2.500056 11.303826 2.508246 7.411870 2.492988 11.222147 
2.524537 11.353704 2.464352 7.241358 2.519599 4.221914 2.493673 7.149074 2.532716 11.954321 
2.471762 6.717099 2.490674 4.197991 2.541281 10.239468 2.524716 11.601409 2.502674 2.128081 
2.494628 11.612520 2.484744 7.405959 2.520986 8.896147 2.486750 7.531872 2.466982 7.170749 
2.515839 6.872656 2.561229 11.458629 2.512214 11.372734 2.525768 11.008511 2.543262 11.135225 
2.517865 2.576827 2.510513 6.720776 2.476695 2.830760 2.507866 11.507572 2.483605 10.734010 
2.567221 6.446959 2.454050 11.568721 2.528361 3.614126 2.449550 7.037633 2.509408 10.276657 
2.538289 11.238169 2.518155 10.861642 2.554121 11.548787 2.526071 8.706419 2.501291 10.950439 
2.512480 2.796347 2.470275 8.381212 2.551963 3.524847 2.523372 3.593941 2.464034 2.182777 
2.455054 5.818949 2.535240 2.515721 2.502110 10.721671 2.482908 7.345959 2.525216 11.447246 
2.460142 6.785109 2.467605 2.525950 2.509498 4.065807 2.454885 11.412483 2.485923 11.469301 
2.490035 11.248776 2.444406 7.288462 2.501923 3.223601 2.502797 12.121503 2.504895 6.087238 
2.483877 8.115291 2.448162 7.189494 2.544209 2.213592 2.515430 10.708564 2.529300 2.493759 
2.466580 5.489552 2.521999 11.375990 2.459572 7.269825 2.536145 2.436470 2.490201 2.463335 
2.502894 10.733441 2.504662 11.840675 2.473633 4.669936 2.534084 6.625563 2.420900 6.878617 
2.526218 10.110315 2.494126 11.698138 2.526074 8.894269 2.522636 7.062178 2.557307 2.496418 
2.510834 5.157665 2.475744 10.409767 2.542691 11.611255 2.451326 11.386966 2.466527 2.450032 
2.533661 7.693077 2.480311 2.316450 2.508892 6.474913 2.475865 5.913306 2.486980 2.839790 
2.522784 1.981091 2.523094 6.282393 2.485896 10.711717 2.545102 11.429014 2.503255 3.199938 
2.506050 10.826830 2.496370 4.595886 2.548094 5.433454 2.484574 2.270871 2.499698 2.002571 

Avg Classes:
2.501062 6.987991 2.500831 7.004122 2.500320 6.993248 2.501601 6.996249 2.500578 6.990609 
2.499498 7.005723 2.498374 7.006795 2.501292 7.002107 2.499690 7.004367 2.498954 6.983451 
2.499895 6.977804 2.500798 6.985700 2.497879 6.992608 2.496556 7.012830 2.497165 6.990719 
2.505279 7.053359 2.508546 7.025330 2.503622 7.027224 2.496757 7.017660 2.492969 7.021495 
2.515058 7.299356 2.473616 7.259717 2.514286 7.283912 2.472844 7.284170 2.470785 7.327413 
2.523547 7.069138 2.523547 7.098196 2.523547 7.013026 2.523547 6.972445 2.523547 6.891283 
2.484551 7.143258 2.502809 7.093399 2.549157 7.078652 2.497893 7.214185 2.465590 7.115169 
2.417391 6.704348 2.482609 6.821739 2.565217 6.452174 2.560870 6.960870 2.504348 6.700000 
2.416667 8.583333 2.416667 7.583333 2.416667 8.166667 2.416667 7.083333 2.416667 7.333333 
3.333333 7.666667 3.333333 7.666667 3.333333 12.000000 3.333333 8.000000 3.333333 11.666667 

Cluster 0 is class 0
Cluster 1 is class 0
Cluster 2 is class 0
Cluster 3 is class 7
Cluster 4 is class 8
Cluster 5 is class 0
Cluster 6 is class 0
Cluster 7 is class 8
Cluster 8 is class 0
Cluster 9 is class 8
Cluster 10 is class 7
Cluster 11 is class 0
Cluster 12 is class 0
Cluster 13 is class 0
Cluster 14 is class 0
Cluster 15 is class 8
Cluster 16 is class 0
Cluster 17 is class 8
Cluster 18 is class 8
Cluster 19 is class 0
Cluster 20 is class 8
Cluster 21 is class 9
Cluster 22 is class 0
Cluster 23 is class 0
Cluster 24 is class 0
Cluster 25 is class 9
Cluster 26 is class 0
Cluster 27 is class 8
Cluster 28 is class 0
Cluster 29 is class 0
Cluster 30 is class 0
Cluster 31 is class 0
Cluster 32 is class 7
Cluster 33 is class 4
Cluster 34 is class 7
Cluster 35 is class 0
Cluster 36 is class 7
Cluster 37 is class 0
Cluster 38 is class 0
Cluster 39 is class 0
Cluster 40 is class 0
Cluster 41 is class 0
Cluster 42 is class 0
Cluster 43 is class 0
Cluster 44 is class 7
Cluster 45 is class 4
Cluster 46 is class 0
Cluster 47 is class 0
Cluster 48 is class 0
Cluster 49 is class 7
Cluster 50 is class 0
Cluster 51 is class 0
Cluster 52 is class 8
Cluster 53 is class 0
Cluster 54 is class 8
Cluster 55 is class 0
Cluster 56 is class 0
Cluster 57 is class 0
Cluster 58 is class 9
Cluster 59 is class 4
Cluster 60 is class 0
Cluster 61 is class 8
Cluster 62 is class 9
Cluster 63 is class 0
Cluster 64 is class 0
Cluster 65 is class 9
Cluster 66 is class 7
Cluster 67 is class 9
Cluster 68 is class 0
Cluster 69 is class 0
Cluster 70 is class 0
Cluster 71 is class 0
Cluster 72 is class 8
Cluster 73 is class 8
Cluster 74 is class 0
Cluster 75 is class 0
Cluster 76 is class 0
Cluster 77 is class 0

Overall Accuracy is 0.322968

