----------------------------For Number of clusters 70----------------------------
Avg Clusters:
2.462663 3.631403 2.506220 6.047352 2.505957 3.752076 2.470442 10.541433 2.509978 6.391634 
2.491269 10.799255 2.509244 10.212942 2.518168 9.939237 2.487385 3.925949 2.502343 3.408230 
2.512331 10.331382 2.502321 9.801039 2.489054 3.109110 2.504295 8.578975 2.494077 3.144648 
2.498762 11.215286 2.519711 3.937871 2.480517 9.909168 2.521014 10.125432 2.487783 3.941161 
2.495724 4.236367 2.525292 3.574040 2.487519 4.986532 2.475851 3.386871 2.487519 3.560780 
2.491558 3.534261 2.489103 10.426208 2.512603 10.193936 2.477813 9.293325 2.513865 3.430574 
2.485583 4.519148 2.474559 10.586607 2.483526 3.255851 2.532969 3.150302 2.451894 3.843404 
2.515570 2.980213 2.481344 4.050393 2.491012 10.697314 2.503764 3.340491 2.485952 5.177342 
2.490431 2.814833 2.525000 9.193142 2.531140 4.859370 2.521691 3.327990 2.482376 10.906938 
2.520215 3.914735 2.476678 10.907131 2.498887 3.789132 2.487203 11.038854 2.505007 3.439679 
2.475483 3.871692 2.478150 3.703869 2.506134 9.784662 2.507529 3.053834 2.494030 10.965451 
2.530290 3.494709 2.466793 3.140438 2.529089 2.847091 2.521480 3.866541 2.514959 8.772439 
2.476913 10.277046 2.506459 3.607560 2.506209 3.220745 2.512835 11.025046 2.483122 3.978788 
2.491262 10.630627 2.495322 3.585172 2.516681 10.474581 2.519550 3.614695 2.480936 6.922727 
2.507828 4.046969 2.526896 10.938288 2.512214 10.484679 2.507341 11.095035 2.495401 7.978922 
2.494076 10.739529 2.491492 3.670535 2.486762 7.441952 2.514603 10.449559 2.508118 10.605637 
2.525527 10.827322 2.465886 10.951288 2.483060 3.800520 2.478584 3.145251 2.512464 7.347801 
2.502046 10.114308 2.464031 10.692846 2.520195 3.046661 2.494654 5.906679 2.497954 11.352693 
2.490077 3.357522 2.564965 9.969803 2.483311 11.048478 2.507196 6.652931 2.481947 10.846033 
2.501514 3.324887 2.496787 3.392775 2.496639 4.113319 2.497969 7.562163 2.506168 11.432740 
2.489828 5.499059 2.517874 2.929563 2.539981 10.813382 2.468427 10.924800 2.486183 3.325259 
2.511057 9.097395 2.504739 10.926208 2.504202 10.140907 2.505812 10.441020 2.519044 11.045419 
2.469908 10.134497 2.516379 10.516171 2.472747 3.669437 2.501143 11.580373 2.510492 6.613685 
2.499046 4.229169 2.458275 10.953632 2.482318 10.897723 2.464763 2.371263 2.504707 9.364839 
2.530447 10.712735 2.422160 10.675470 2.518864 8.447379 2.490800 11.052886 2.501324 3.255295 
2.515907 10.596601 2.504600 6.482197 2.489992 2.819159 2.488517 10.483531 2.527987 10.501229 
2.490996 11.872686 2.515119 9.273557 2.508083 11.050004 2.524583 9.239802 2.499037 8.959796 
2.506066 3.598202 2.485681 5.063189 2.503788 10.984541 2.507976 11.177065 2.479214 10.519061 
2.547512 3.826632 2.471451 11.385563 2.479410 5.018410 2.491868 8.652156 2.499273 10.085473 
2.519542 3.297998 2.512234 2.734731 2.458977 4.186209 2.516428 10.440928 2.540324 2.958310 
2.503651 6.514300 2.495335 10.548479 2.525355 2.698479 2.514300 11.201724 2.474848 11.135294 
2.545789 7.226132 2.540885 9.021633 2.494664 9.806821 2.537424 3.312734 2.514854 6.173493 
2.494670 9.117164 2.532910 10.571638 2.525966 12.122347 2.500929 9.782200 2.516381 3.092714 
2.505891 10.365736 2.500377 4.652545 2.487029 4.027160 2.449190 2.887702 2.461088 7.040915 
2.474430 10.337398 2.501562 3.961588 2.500343 11.370627 2.492493 3.879582 2.487082 11.604451 
2.525369 10.005906 2.460850 3.583177 2.527606 11.975928 2.468546 10.612617 2.502371 10.357405 
2.455831 2.729060 2.499865 10.147724 2.480070 7.668866 2.507541 11.700512 2.522354 11.506868 
2.554045 2.262528 2.523003 5.547033 2.485719 10.182230 2.532495 10.191808 2.497435 2.918505 
2.532311 5.320595 2.534263 2.260065 2.533054 6.802417 2.544119 10.864900 2.468619 8.212831 
2.520630 8.076592 2.559535 2.991391 2.507635 3.665773 2.471248 3.369314 2.484243 11.465562 
2.485876 10.676954 2.466313 2.663800 2.477781 3.084240 2.493043 6.561177 2.552239 6.048824 
2.444504 10.980426 2.516133 10.892773 2.492256 7.018499 2.501506 7.074425 2.483437 8.281028 
2.494302 3.516448 2.492654 10.472300 2.472372 10.870207 2.524475 2.975202 2.519172 2.600229 
2.520761 11.712142 2.469644 11.473308 2.542394 3.952547 2.495987 10.906315 2.463364 11.220691 
2.506276 5.554342 2.503419 3.008164 2.469334 2.438922 2.457087 11.347893 2.476987 10.931830 
2.472740 6.540767 2.531105 10.391107 2.482599 6.711427 2.503796 6.244799 2.583654 2.689737 
2.468099 3.410756 2.462028 6.832016 2.499229 2.702583 2.527082 6.847726 2.467810 2.827679 
2.513768 2.959345 2.534801 11.170100 2.538703 2.257480 2.514419 6.285343 2.570360 7.772116 
2.528055 10.744274 2.508762 3.455342 2.495311 4.090008 2.517525 3.608993 2.464796 2.208532 
2.430261 11.951760 2.483203 4.744424 2.484816 2.751411 2.560064 3.104004 2.584117 11.199678 
2.552422 6.965322 2.479692 6.793550 2.516395 7.029416 2.433410 10.321279 2.424234 11.114559 
2.520252 4.840505 2.539071 2.185542 2.497418 10.861847 2.488698 7.860241 2.532645 11.310614 
2.529840 8.534013 2.512276 11.315187 2.488598 7.831829 2.543037 3.166618 2.453178 11.548569 
2.475777 10.625011 2.497238 9.024178 2.540976 3.284252 2.500136 2.723626 2.504845 2.566513 
2.466762 10.701578 2.480791 3.468436 2.498804 10.354615 2.487247 3.389845 2.530846 2.296987 
2.490692 7.642394 2.533992 3.393294 2.533889 6.951867 2.455209 8.230690 2.446159 2.711920 
2.497139 11.686934 2.509418 7.956128 2.499523 7.910706 2.515618 2.926204 2.501550 11.055675 
2.519207 7.161836 2.485924 6.244488 2.459298 8.698377 2.498544 5.419775 2.557204 11.037165 
2.516419 2.057180 2.491423 3.525241 2.538311 6.558569 2.578010 11.144748 2.503676 11.430975 
2.497274 2.112659 2.509388 9.158086 2.509085 2.357965 2.508177 11.054967 2.533767 10.904603 
2.531281 6.603663 2.466402 4.854243 2.529185 11.516937 2.498621 4.577403 2.481849 2.300232 
2.497889 11.298151 2.485660 2.229145 2.482166 2.793565 2.489591 9.397583 2.535740 11.182559 
2.479514 5.788886 2.509814 3.483317 2.443817 11.154441 2.492763 6.854760 2.551644 6.856722 
2.462772 7.595241 2.475471 7.263066 2.512498 10.140489 2.513835 11.502206 2.532549 5.959631 
2.555062 11.278123 2.468769 2.195530 2.547217 7.211072 2.455891 4.550326 2.494671 10.996448 
2.501749 6.621065 2.472289 7.127522 2.464084 2.371536 2.516411 5.791364 2.535378 10.354049 
2.492251 10.847959 2.519974 10.810740 2.469985 11.958852 2.492360 3.409518 2.521065 9.974678 
2.494823 7.025680 2.552533 9.950849 2.486953 2.553224 2.508629 1.942841 2.487367 10.776888 
2.455368 1.885456 2.416042 2.744226 2.546192 11.125468 2.489076 9.759988 2.543071 6.825531 
2.538553 2.179230 2.549445 10.638197 2.540063 7.296021 2.487005 3.619109 2.438046 5.484201 

Avg Classes:
2.501062 6.987991 2.500831 7.004122 2.500320 6.993248 2.501601 6.996249 2.500578 6.990609 
2.499498 7.005723 2.498374 7.006795 2.501292 7.002107 2.499690 7.004367 2.498954 6.983451 
2.499895 6.977804 2.500798 6.985700 2.497879 6.992608 2.496556 7.012830 2.497165 6.990719 
2.505279 7.053359 2.508546 7.025330 2.503622 7.027224 2.496757 7.017660 2.492969 7.021495 
2.515058 7.299356 2.473616 7.259717 2.514286 7.283912 2.472844 7.284170 2.470785 7.327413 
2.523547 7.069138 2.523547 7.098196 2.523547 7.013026 2.523547 6.972445 2.523547 6.891283 
2.484551 7.143258 2.502809 7.093399 2.549157 7.078652 2.497893 7.214185 2.465590 7.115169 
2.417391 6.704348 2.482609 6.821739 2.565217 6.452174 2.560870 6.960870 2.504348 6.700000 
2.416667 8.583333 2.416667 7.583333 2.416667 8.166667 2.416667 7.083333 2.416667 7.333333 
3.333333 7.666667 3.333333 7.666667 3.333333 12.000000 3.333333 8.000000 3.333333 11.666667 

Cluster 0 is class 0
Cluster 1 is class 8
Cluster 2 is class 7
Cluster 3 is class 8
Cluster 4 is class 0
Cluster 5 is class 0
Cluster 6 is class 0
Cluster 7 is class 0
Cluster 8 is class 0
Cluster 9 is class 0
Cluster 10 is class 0
Cluster 11 is class 0
Cluster 12 is class 0
Cluster 13 is class 0
Cluster 14 is class 0
Cluster 15 is class 4
Cluster 16 is class 0
Cluster 17 is class 0
Cluster 18 is class 9
Cluster 19 is class 0
Cluster 20 is class 0
Cluster 21 is class 9
Cluster 22 is class 0
Cluster 23 is class 0
Cluster 24 is class 8
Cluster 25 is class 0
Cluster 26 is class 8
Cluster 27 is class 9
Cluster 28 is class 0
Cluster 29 is class 7
Cluster 30 is class 4
Cluster 31 is class 8
Cluster 32 is class 4
Cluster 33 is class 0
Cluster 34 is class 9
Cluster 35 is class 9
Cluster 36 is class 0
Cluster 37 is class 0
Cluster 38 is class 0
Cluster 39 is class 0
Cluster 40 is class 0
Cluster 41 is class 8
Cluster 42 is class 0
Cluster 43 is class 4
Cluster 44 is class 0
Cluster 45 is class 0
Cluster 46 is class 0
Cluster 47 is class 0
Cluster 48 is class 0
Cluster 49 is class 0
Cluster 50 is class 4
Cluster 51 is class 9
Cluster 52 is class 8
Cluster 53 is class 0
Cluster 54 is class 0
Cluster 55 is class 0
Cluster 56 is class 8
Cluster 57 is class 0
Cluster 58 is class 0
Cluster 59 is class 6
Cluster 60 is class 0
Cluster 61 is class 4
Cluster 62 is class 0
Cluster 63 is class 0
Cluster 64 is class 0
Cluster 65 is class 0
Cluster 66 is class 9
Cluster 67 is class 0
Cluster 68 is class 0
Cluster 69 is class 7

Overall Accuracy is 0.335061

