Avg Clusters:
2.513921 3.970294 2.486638 3.820698 2.515944 3.702779 2.497099 3.892329 2.522759 10.005297 
2.481413 9.966968 2.485609 3.174091 2.517323 9.805439 2.503497 4.102754 2.497552 3.525097 
2.477056 3.584485 2.513256 10.604723 2.519772 3.632477 2.529012 3.629167 2.490571 10.438717 
2.498470 11.383995 2.509162 9.868318 2.470787 3.520321 2.508730 10.195075 2.483387 4.691638 
2.495983 10.908357 2.506026 7.316248 2.487303 8.444010 2.514634 3.922776 2.492575 10.569512 
2.512903 3.954335 2.521930 10.264434 2.475946 11.222167 2.497788 4.182803 2.483486 10.322135 
2.499578 10.313240 2.507828 4.119465 2.493766 3.105653 2.481454 3.664417 2.490610 4.455736 
2.499687 4.059000 2.524682 9.903147 2.498936 10.194895 2.497310 10.811362 2.520053 10.017237 
2.507222 10.644880 2.473358 10.926193 2.508446 3.380253 2.483435 3.489882 2.500734 9.950877 
2.486177 3.265519 2.499455 10.010723 2.474156 11.039122 2.504356 4.082433 2.514744 3.336056 
2.539889 2.978601 2.501419 11.490503 2.465112 4.884107 2.514691 10.346814 2.527723 3.925655 
2.530511 3.338383 2.497489 3.417787 2.475915 7.860723 2.475447 3.231021 2.469745 3.615447 
2.501629 4.793823 2.482969 9.797201 2.514457 11.133993 2.496521 10.548438 2.506495 3.124020 
2.483677 4.511074 2.494020 2.986612 2.506632 10.466592 2.506166 9.838661 2.492685 10.167894 
2.479696 10.549742 2.527815 3.809687 2.502132 10.150913 2.500382 10.806696 2.494017 4.111610 
2.499828 11.137751 2.501063 3.595870 2.494718 4.079646 2.506963 10.134150 2.511525 10.063799 
2.549829 10.646799 2.475416 4.483026 2.488221 10.700023 2.505628 10.274322 2.514240 10.795534 
2.473674 11.213106 2.515669 10.590191 2.504338 10.266352 2.508062 4.110851 2.506913 3.794699 
2.487076 10.858919 2.490381 10.566693 2.505574 10.632646 2.513171 10.484461 2.514799 4.969071 
2.536318 2.693620 2.487133 4.030455 2.490889 4.198467 2.530024 10.483021 2.482514 10.888534 
2.492170 9.952406 2.507655 3.194794 2.493832 3.463823 2.518110 10.324803 2.501487 3.198294 
2.501185 10.301527 2.504738 11.363253 2.490063 11.077849 2.490524 3.788892 2.513161 10.172151 
2.491625 3.299214 2.483040 3.431650 2.496068 11.680014 2.515099 6.089152 2.541754 4.474695 
2.514681 10.299127 2.467513 10.630741 2.520682 4.064081 2.497173 10.671412 2.493503 10.963148 
2.522014 4.099746 2.500300 9.020698 2.504643 2.613352 2.535690 3.685747 2.482190 3.609656 
2.493004 10.390432 2.497068 2.965226 2.499280 4.052829 2.486626 3.208848 2.494496 10.803755 
2.515262 5.302607 2.518504 8.096434 2.498379 2.785319 2.463736 10.564492 2.484063 10.641748 
2.553682 7.509494 2.520319 8.704791 2.552884 11.044809 2.483851 4.300444 2.513487 2.664685 
2.488512 3.823615 2.495990 3.227040 2.489960 2.763131 2.496834 6.222336 2.472592 3.533378 
2.515931 10.376461 2.509374 10.969651 2.512652 10.502564 2.523245 10.442791 2.476755 11.003951 
2.486915 8.331991 2.449015 10.655755 2.517374 6.327177 2.482801 11.052516 2.531729 2.708096 
2.490424 2.733211 2.498530 11.594055 2.487404 4.335214 2.474529 10.259636 2.497656 10.643567 
2.536846 9.175592 2.557677 6.883691 2.473570 2.629806 2.503515 6.121083 2.539884 10.419582 
2.540243 4.088936 2.519878 2.997751 2.532219 10.112340 2.484863 10.992523 2.460243 2.942857 
2.476545 3.204291 2.552834 2.924191 2.440682 4.885207 2.547550 10.995197 2.528979 3.883846 
2.484691 7.516205 2.520277 11.196254 2.490961 6.351384 2.518811 5.551547 2.483062 5.741612 
2.474249 5.035128 2.500437 2.978428 2.504664 10.433874 2.508600 3.201875 2.498931 10.789428 
2.503539 6.588235 2.510740 11.543813 2.489016 2.164877 2.491945 8.814987 2.526971 7.628021 
2.515621 2.028342 2.502528 5.934449 2.510400 9.367200 2.515207 3.794812 2.492417 10.272396 
2.550752 11.121156 2.460647 6.435492 2.488847 6.558416 2.511939 6.804461 2.499951 2.695981 
2.568831 6.749442 2.459282 10.821062 2.515283 7.318273 2.507363 6.321397 2.481035 11.475680 
2.490663 6.893913 2.488140 7.495508 2.473705 7.344100 2.493691 2.169072 2.538407 6.730292 
2.502214 11.033476 2.481014 10.716222 2.504294 3.061653 2.483631 3.479673 2.502214 3.191668 
2.488028 2.432456 2.486649 5.912996 2.495024 9.659474 2.443492 11.305646 2.516603 6.629619 
2.450179 3.548737 2.441071 7.145831 2.547544 5.526510 2.490513 10.217933 2.481947 2.195056 
2.436894 6.945655 2.473895 2.306591 2.488393 3.996353 2.470248 10.312639 2.516677 10.388686 
2.462731 6.876416 2.498211 11.116428 2.505814 2.247615 2.492248 8.028623 2.520572 2.353011 
2.520259 7.750539 2.529526 6.324246 2.549784 6.786530 2.470474 10.850970 2.436099 7.254849 
2.527936 8.946114 2.555104 5.445708 2.481000 11.861720 2.466919 4.620634 2.473689 7.600686 
2.508434 3.924337 2.460723 3.274538 2.563695 1.859598 2.384739 11.440482 2.534458 6.061847 
2.480695 2.435648 2.514327 8.084264 2.528898 7.021734 2.459811 6.717946 2.491986 6.031326 
2.414278 2.331709 2.497993 8.060493 2.532683 2.503297 2.512615 10.605648 2.520499 6.504157 
2.527182 2.421136 2.494515 11.803876 2.554486 7.916382 2.540224 3.330449 2.475256 7.088250 
2.467281 11.297033 2.481235 2.436648 2.518444 10.719086 2.506496 3.641941 2.494387 10.250361 
2.465817 6.665287 2.522927 7.706174 2.535673 2.084423 2.515146 11.617613 2.445953 3.221321 
2.488113 2.772967 2.500000 11.097593 2.496038 5.899178 2.487672 3.102436 2.449369 2.287496 
2.491761 7.839095 2.463974 10.734249 2.534572 6.701131 2.525202 2.080937 2.512763 2.470275 

Avg Classes:
2.501062 6.987991 2.500831 7.004122 2.500320 6.993248 2.501601 6.996249 2.500578 6.990609 
2.499498 7.005723 2.498374 7.006795 2.501292 7.002107 2.499690 7.004367 2.498954 6.983451 
2.499895 6.977804 2.500798 6.985700 2.497879 6.992608 2.496556 7.012830 2.497165 6.990719 
2.505279 7.053359 2.508546 7.025330 2.503622 7.027224 2.496757 7.017660 2.492969 7.021495 
2.515058 7.299356 2.473616 7.259717 2.514286 7.283912 2.472844 7.284170 2.470785 7.327413 
2.523547 7.069138 2.523547 7.098196 2.523547 7.013026 2.523547 6.972445 2.523547 6.891283 
2.484551 7.143258 2.502809 7.093399 2.549157 7.078652 2.497893 7.214185 2.465590 7.115169 
2.417391 6.704348 2.482609 6.821739 2.565217 6.452174 2.560870 6.960870 2.504348 6.700000 
2.416667 8.583333 2.416667 7.583333 2.416667 8.166667 2.416667 7.083333 2.416667 7.333333 
3.333333 7.666667 3.333333 7.666667 3.333333 12.000000 3.333333 8.000000 3.333333 11.666667 

Cluster 0 is class 0
Cluster 1 is class 8
Cluster 2 is class 0
Cluster 3 is class 0
Cluster 4 is class 8
Cluster 5 is class 9
Cluster 6 is class 7
Cluster 7 is class 9
Cluster 8 is class 0
Cluster 9 is class 0
Cluster 10 is class 0
Cluster 11 is class 7
Cluster 12 is class 0
Cluster 13 is class 9
Cluster 14 is class 8
Cluster 15 is class 0
Cluster 16 is class 9
Cluster 17 is class 8
Cluster 18 is class 8
Cluster 19 is class 0
Cluster 20 is class 0
Cluster 21 is class 8
Cluster 22 is class 0
Cluster 23 is class 0
Cluster 24 is class 7
Cluster 25 is class 0
Cluster 26 is class 0
Cluster 27 is class 0
Cluster 28 is class 7
Cluster 29 is class 9
Cluster 30 is class 5
Cluster 31 is class 0
Cluster 32 is class 7
Cluster 33 is class 0
Cluster 34 is class 0
Cluster 35 is class 0
Cluster 36 is class 0
Cluster 37 is class 0
Cluster 38 is class 0
Cluster 39 is class 1
Cluster 40 is class 0
Cluster 41 is class 0
Cluster 42 is class 0
Cluster 43 is class 0
Cluster 44 is class 0
Cluster 45 is class 0
Cluster 46 is class 0
Cluster 47 is class 1
Cluster 48 is class 8
Cluster 49 is class 7
Cluster 50 is class 0
Cluster 51 is class 0
Cluster 52 is class 0
Cluster 53 is class 8
Cluster 54 is class 0
Cluster 55 is class 0
Cluster 56 is class 0

Overall Accuracy is 0.306040

