----------------------------For Number of clusters 60----------------------------
Avg Clusters:
2.523169 8.397273 2.434453 8.571433 2.497934 8.482822 2.515698 11.207140 2.497452 3.441924 
2.486951 10.055415 2.512537 3.823378 2.501214 10.504767 2.501930 3.738619 2.503719 9.964829 
2.483976 9.886763 2.502054 4.417809 2.500411 3.324064 2.470138 3.236334 2.501233 9.941755 
2.518484 4.199955 2.492539 10.536697 2.492443 3.808384 2.491517 10.282839 2.516088 3.468447 
2.523623 9.765450 2.464382 10.199444 2.488627 2.934213 2.497075 10.329957 2.527536 9.991882 
2.482852 4.841556 2.505069 9.112480 2.509050 3.776027 2.539637 3.235744 2.454750 2.950939 
2.501783 10.335784 2.521395 10.084798 2.517579 10.080200 2.513700 3.121239 2.504160 4.028714 
2.529984 3.726757 2.533129 3.632843 2.518668 10.152206 2.497059 9.957312 2.478595 2.668015 
2.506078 3.944381 2.514267 9.876102 2.491623 10.629031 2.497197 3.434240 2.484064 10.404604 
2.475773 4.468627 2.525011 10.626492 2.518780 3.346187 2.531373 3.775076 2.481220 11.018998 
2.491833 10.956145 2.460964 3.462270 2.509800 9.445815 2.526419 3.883340 2.502981 3.188608 
2.524260 3.537252 2.469482 3.700994 2.488137 9.989860 2.486117 2.960708 2.489524 3.829643 
2.494200 3.943079 2.539477 11.022639 2.520128 10.234439 2.485369 10.242317 2.501472 7.297290 
2.468399 11.223994 2.507924 8.672414 2.493709 2.892421 2.485352 4.062146 2.502497 3.586399 
2.490645 10.920045 2.538139 3.217558 2.494803 9.911010 2.499440 10.671464 2.480691 4.195291 
2.498546 11.064791 2.481303 9.554133 2.489395 6.590363 2.526895 3.637965 2.489660 10.712276 
2.491633 3.597774 2.503014 3.155503 2.527126 10.593390 2.515871 8.724487 2.484719 11.026177 
2.487089 3.512807 2.484502 3.421423 2.489573 9.333972 2.505821 2.752859 2.494230 10.719845 
2.512034 11.161689 2.486258 3.882356 2.488277 7.428394 2.497438 9.607733 2.514570 10.819782 
2.480583 3.736026 2.549822 10.686592 2.464502 10.209215 2.488960 6.019805 2.528156 2.892549 
2.519263 8.819781 2.519865 3.333997 2.481478 3.473606 2.486988 7.546166 2.518568 2.967262 
2.469647 5.992660 2.522903 3.049945 2.528256 3.147903 2.488797 11.198896 2.495695 6.036755 
2.496123 10.400129 2.493127 11.345553 2.543532 8.197215 2.475091 9.799084 2.457996 10.319998 
2.524154 3.508669 2.445548 10.338327 2.499411 10.773691 2.510015 1.962380 2.500505 3.835381 
2.488988 3.283035 2.509694 3.130664 2.508957 3.214384 2.484194 3.843309 2.484299 4.717176 
2.522121 10.647040 2.483653 2.893461 2.502196 3.607840 2.512850 2.551155 2.466737 3.927537 
2.524184 3.461561 2.491939 3.920665 2.494691 2.998968 2.467558 10.062672 2.502409 11.171697 
2.546621 2.707210 2.482673 6.579237 2.523518 3.339449 2.485844 3.421593 2.528124 9.807852 
2.527418 8.976097 2.522567 8.870149 2.436445 11.745641 2.522919 9.792463 2.545768 11.083943 
2.511398 10.086882 2.448430 3.404903 2.547011 11.757247 2.478452 10.858409 2.484559 10.202925 
2.494042 3.113639 2.517550 10.808742 2.500542 3.616455 2.491496 10.673383 2.506446 10.470913 
2.524565 9.770915 2.493964 11.722698 2.510598 3.321800 2.469891 3.775337 2.458731 7.473049 
2.485970 10.953810 2.506691 10.300130 2.489640 3.338819 2.497086 10.864073 2.478793 3.445392 
2.519948 3.455480 2.470429 11.323461 2.475941 8.240493 2.551714 7.380641 2.510511 11.303560 
2.502199 8.307053 2.556850 6.631536 2.533637 11.363659 2.477521 6.812022 2.539583 3.921974 
2.473216 6.488172 2.519746 2.744086 2.513881 7.055523 2.549658 11.430987 2.458749 10.314858 
2.512126 2.725292 2.512947 8.552243 2.481856 10.817743 2.473012 11.251641 2.512764 11.240974 
2.517205 3.754858 2.503555 6.192246 2.461086 6.364395 2.501659 7.551142 2.543748 10.061143 
2.506305 10.418944 2.519546 10.790248 2.484237 11.273294 2.493204 3.439821 2.494676 10.363178 
2.545573 2.671389 2.483970 11.330196 2.524138 6.006151 2.527679 3.175116 2.502144 6.671202 
2.540813 6.198567 2.453133 2.408233 2.488346 7.216527 2.523963 5.885077 2.499445 7.356372 
2.469553 11.413778 2.568978 6.403988 2.484911 4.888899 2.499551 8.532603 2.434435 6.674421 
2.500982 10.459018 2.486994 10.679018 2.508344 2.399632 2.499264 4.487117 2.512025 11.960000 
2.515434 11.487468 2.470055 3.395919 2.504177 3.117668 2.527746 11.397063 2.522118 3.864480 
2.517768 3.282513 2.473511 10.465448 2.531927 10.799812 2.493858 11.369339 2.516643 2.517112 
2.505141 4.489094 2.467089 3.505141 2.511771 11.513308 2.454982 11.261555 2.550783 6.838955 
2.516600 10.403827 2.478416 2.921317 2.470138 2.514909 2.508589 7.689097 2.535559 10.938051 
2.431455 2.547411 2.475343 6.589966 2.540080 2.697163 2.486101 10.338252 2.519421 5.827780 
2.512661 3.512883 2.498112 11.184807 2.475455 2.356508 2.479343 6.492781 2.544425 6.321080 
2.465356 7.218500 2.523897 7.209696 2.463298 7.278070 2.466613 2.686943 2.540819 6.741825 
2.442006 7.542298 2.520628 1.969857 2.490624 11.288096 2.422281 5.783859 2.455202 3.318239 
2.498871 9.928706 2.473476 11.711719 2.538187 5.385910 2.482788 6.058879 2.507524 2.524078 
2.500167 2.099811 2.489274 3.636434 2.486051 6.999778 2.540514 11.076803 2.505502 6.089030 
2.472653 3.874277 2.508980 2.282090 2.509995 3.198681 2.513343 3.682902 2.513445 11.190766 
2.433070 11.277719 2.497105 10.701404 2.527544 11.165965 2.536228 10.307895 2.517456 6.251140 
2.498067 6.247809 2.475773 7.921778 2.517139 6.218686 2.531186 11.628737 2.408119 10.849485 
2.473159 2.225821 2.479148 6.448425 2.501886 10.787045 2.530280 6.632875 2.505657 6.199645 
2.542881 11.032677 2.481184 11.114191 2.486493 11.093075 2.480241 8.379497 2.524242 2.217648 
2.480634 2.908991 2.520470 3.912001 2.435782 3.792294 2.528597 9.722657 2.513546 1.939193 
2.506958 10.792358 2.539185 4.076538 2.506836 2.860596 2.492188 11.983887 2.501831 10.613770 

Avg Classes:
2.501062 6.987991 2.500831 7.004122 2.500320 6.993248 2.501601 6.996249 2.500578 6.990609 
2.499498 7.005723 2.498374 7.006795 2.501292 7.002107 2.499690 7.004367 2.498954 6.983451 
2.499895 6.977804 2.500798 6.985700 2.497879 6.992608 2.496556 7.012830 2.497165 6.990719 
2.505279 7.053359 2.508546 7.025330 2.503622 7.027224 2.496757 7.017660 2.492969 7.021495 
2.515058 7.299356 2.473616 7.259717 2.514286 7.283912 2.472844 7.284170 2.470785 7.327413 
2.523547 7.069138 2.523547 7.098196 2.523547 7.013026 2.523547 6.972445 2.523547 6.891283 
2.484551 7.143258 2.502809 7.093399 2.549157 7.078652 2.497893 7.214185 2.465590 7.115169 
2.417391 6.704348 2.482609 6.821739 2.565217 6.452174 2.560870 6.960870 2.504348 6.700000 
2.416667 8.583333 2.416667 7.583333 2.416667 8.166667 2.416667 7.083333 2.416667 7.333333 
3.333333 7.666667 3.333333 7.666667 3.333333 12.000000 3.333333 8.000000 3.333333 11.666667 

Cluster 0 is class 4
Cluster 1 is class 8
Cluster 2 is class 0
Cluster 3 is class 7
Cluster 4 is class 0
Cluster 5 is class 5
Cluster 6 is class 8
Cluster 7 is class 0
Cluster 8 is class 9
Cluster 9 is class 0
Cluster 10 is class 0
Cluster 11 is class 0
Cluster 12 is class 0
Cluster 13 is class 0
Cluster 14 is class 0
Cluster 15 is class 8
Cluster 16 is class 9
Cluster 17 is class 0
Cluster 18 is class 0
Cluster 19 is class 0
Cluster 20 is class 0
Cluster 21 is class 7
Cluster 22 is class 8
Cluster 23 is class 0
Cluster 24 is class 0
Cluster 25 is class 0
Cluster 26 is class 7
Cluster 27 is class 7
Cluster 28 is class 9
Cluster 29 is class 9
Cluster 30 is class 0
Cluster 31 is class 0
Cluster 32 is class 0
Cluster 33 is class 4
Cluster 34 is class 8
Cluster 35 is class 2
Cluster 36 is class 9
Cluster 37 is class 0
Cluster 38 is class 8
Cluster 39 is class 0
Cluster 40 is class 0
Cluster 41 is class 8
Cluster 42 is class 0
Cluster 43 is class 0
Cluster 44 is class 0
Cluster 45 is class 0
Cluster 46 is class 6
Cluster 47 is class 7
Cluster 48 is class 7
Cluster 49 is class 0
Cluster 50 is class 0
Cluster 51 is class 0
Cluster 52 is class 7
Cluster 53 is class 0
Cluster 54 is class 8
Cluster 55 is class 4
Cluster 56 is class 0
Cluster 57 is class 8
Cluster 58 is class 7
Cluster 59 is class 0

Overall Accuracy is 0.265317

