----------------------------For Number of clusters 65----------------------------
Avg Clusters:
2.503207 3.119299 2.529825 9.520133 2.512044 9.668793 2.491626 3.699580 2.489203 10.850520 
2.503158 10.700571 2.492315 3.738168 2.497855 10.664865 2.491741 7.459041 2.480762 4.385704 
2.481885 2.900189 2.511717 4.929401 2.490045 3.418728 2.510934 9.986912 2.506528 4.341569 
2.484516 3.716585 2.501912 9.570347 2.488760 9.828835 2.473008 11.270340 2.505658 7.420554 
2.506148 10.735142 2.498591 3.216168 2.480127 3.391487 2.499122 8.882848 2.522323 10.826927 
2.503412 3.648368 2.507870 10.268241 2.486043 2.798480 2.522408 4.049430 2.495115 6.594867 
2.507351 10.317871 2.526316 9.843985 2.514266 10.605028 2.514870 3.063306 2.510137 3.883962 
2.479344 2.999589 2.516909 9.365232 2.474362 10.529659 2.497349 6.092085 2.518965 2.903345 
2.520714 4.257844 2.467086 3.454497 2.499390 10.344215 2.501488 2.913775 2.495340 3.103450 
2.494270 4.018121 2.503760 3.911796 2.501862 10.323736 2.507091 9.537889 2.478262 11.275748 
2.510682 4.992314 2.519557 3.736767 2.502493 3.169495 2.485338 3.523949 2.491011 3.382863 
2.475342 10.040324 2.534543 4.048478 2.510584 10.370790 2.512985 11.889919 2.539347 3.759676 
2.479662 4.682455 2.526713 8.039912 2.506330 3.380803 2.487564 3.964937 2.516611 11.516162 
2.498899 4.823242 2.489926 10.410681 2.508945 4.186106 2.546822 3.772148 2.467523 2.139150 
2.461441 11.036532 2.487697 10.760017 2.520317 10.078816 2.521778 10.214952 2.483266 6.793674 
2.520067 7.369783 2.484259 10.888288 2.527598 4.148882 2.487783 10.080229 2.472923 10.208443 
2.513091 4.433416 2.477704 10.961270 2.487039 3.307064 2.475793 10.801963 2.525249 3.624028 
2.479504 10.960416 2.465154 3.414794 2.502843 8.380571 2.525315 2.753506 2.494829 3.468078 
2.493969 11.144860 2.467009 9.634907 2.489003 6.880765 2.528484 3.679980 2.473645 10.523726 
2.493763 10.874912 2.504436 10.110770 2.490381 3.107475 2.485506 10.177969 2.486472 3.534434 
2.490077 7.911809 2.521227 3.137001 2.523363 4.223993 2.500078 10.632182 2.457207 3.034068 
2.519888 3.310455 2.476115 3.643773 2.495911 3.375651 2.496887 10.209619 2.499303 10.871608 
2.496569 10.133414 2.507179 3.651059 2.504113 3.961889 2.472329 2.751472 2.509321 10.676515 
2.518933 3.543050 2.471976 10.811044 2.486551 10.671300 2.503456 2.126446 2.502029 4.316003 
2.542545 3.824945 2.443536 9.395486 2.551117 8.823687 2.508651 11.409641 2.514077 2.338550 
2.496976 11.207271 2.501733 3.731702 2.467346 3.228270 2.530887 6.517431 2.519810 3.012776 
2.523516 10.598013 2.487658 3.845394 2.492277 10.988627 2.496648 10.050807 2.528830 10.659747 
2.458200 11.844027 2.491225 3.697113 2.488960 3.454708 2.493867 11.507643 2.502642 5.062465 
2.541121 9.709005 2.503074 10.727378 2.499168 10.742712 2.514647 9.758843 2.523978 11.612152 
2.476638 10.825093 2.482571 8.504203 2.513103 3.419036 2.473857 2.624413 2.493325 3.854079 
2.455203 2.572253 2.514006 9.754362 2.480851 3.944186 2.538125 11.227706 2.511364 10.630430 
2.514425 10.236588 2.481607 12.119203 2.502521 3.382409 2.504092 4.379929 2.483260 4.551376 
2.533548 11.677301 2.458457 10.223781 2.472723 2.972958 2.503057 10.267518 2.539975 10.630663 
2.508777 10.436342 2.531673 8.147089 2.450357 11.677444 2.478318 3.336085 2.515507 10.507875 
2.467234 3.241204 2.489751 3.244692 2.499847 10.498684 2.519060 6.828673 2.556630 6.933794 
2.471303 6.996203 2.485351 3.143707 2.481807 9.645637 2.509081 3.498829 2.509397 11.191609 
2.515203 2.770491 2.493556 2.916471 2.499751 5.650858 2.534715 3.359966 2.516343 10.547177 
2.477162 7.651503 2.523206 11.424777 2.456943 8.283154 2.493797 7.656190 2.537359 3.244371 
2.483987 4.308521 2.496312 3.051242 2.541731 1.952252 2.490877 4.108405 2.465450 9.244565 
2.510097 7.244898 2.514371 6.009082 2.578053 8.135057 2.451544 6.464366 2.519393 3.169142 
2.500996 7.365411 2.526300 3.451385 2.476290 5.072026 2.498705 7.401674 2.486651 8.231022 
2.534978 10.265899 2.563377 6.589912 2.483333 6.708553 2.489912 11.179276 2.429276 7.543092 
2.508532 9.789966 2.499725 11.161595 2.479987 2.453016 2.472045 3.320988 2.497916 10.727216 
2.550022 10.839053 2.408031 9.263010 2.513908 8.552266 2.518394 11.464109 2.491140 2.117541 
2.510304 3.290980 2.545101 10.860970 2.494927 10.638951 2.499604 9.694832 2.506579 11.547717 
2.493258 11.700573 2.489634 2.811394 2.546014 10.532193 2.490561 3.575678 2.475645 9.938480 
2.494694 11.096314 2.562022 7.206436 2.555632 2.727376 2.504736 6.232455 2.522652 7.510442 
2.485048 7.187989 2.481822 5.499193 2.494602 2.353270 2.466559 11.735947 2.510733 7.863134 
2.540745 2.805845 2.476103 11.738223 2.536390 3.192206 2.517593 6.892493 2.530086 10.780172 
2.489340 6.826978 2.513735 11.161952 2.528905 7.253588 2.459820 2.728065 2.493952 7.726015 
2.547824 4.843455 2.506242 2.845732 2.504217 10.982034 2.465756 10.394315 2.455297 2.643050 
2.516628 10.789743 2.494214 2.615666 2.492508 3.002071 2.489706 2.517481 2.477646 5.648313 
2.495820 6.829819 2.530505 11.079601 2.522645 12.060012 2.473862 10.588147 2.480474 2.939863 
2.505837 2.408509 2.510665 11.078693 2.494275 7.448698 2.563538 6.677256 2.468006 7.042995 
2.526122 7.115558 2.494983 11.744551 2.478376 11.309422 2.566140 3.524161 2.473763 10.454273 
2.525405 2.575011 2.469229 3.898051 2.490692 11.477004 2.477770 2.674004 2.476566 10.363228 
2.479478 2.914030 2.470657 6.310126 2.490415 6.868635 2.487593 2.498883 2.499941 6.130072 
2.526938 6.478436 2.523310 10.061937 2.518071 11.752250 2.463120 6.980653 2.506919 7.082628 
2.494754 3.654919 2.474218 3.018025 2.560219 9.344364 2.486414 11.829163 2.492333 7.128957 
2.519628 7.859084 2.479743 2.628460 2.507172 6.670735 2.512833 11.627202 2.476472 11.163437 
2.531501 12.063682 2.474214 10.508368 2.526330 7.969111 2.485236 6.543475 2.545925 2.749354 
2.514388 2.552884 2.484461 2.671825 2.481519 6.750224 2.481136 6.935797 2.508377 2.764548 
2.468750 11.120473 2.513873 6.864924 2.557097 6.940713 2.476489 10.030082 2.517523 11.910193 
2.490658 1.743141 2.564888 5.082646 2.475677 10.884531 2.537620 10.994782 2.510688 3.019525 
2.481258 7.589648 2.562261 3.424278 2.478357 11.165951 2.516073 2.832308 2.461762 6.730301 

Avg Classes:
2.501062 6.987991 2.500831 7.004122 2.500320 6.993248 2.501601 6.996249 2.500578 6.990609 
2.499498 7.005723 2.498374 7.006795 2.501292 7.002107 2.499690 7.004367 2.498954 6.983451 
2.499895 6.977804 2.500798 6.985700 2.497879 6.992608 2.496556 7.012830 2.497165 6.990719 
2.505279 7.053359 2.508546 7.025330 2.503622 7.027224 2.496757 7.017660 2.492969 7.021495 
2.515058 7.299356 2.473616 7.259717 2.514286 7.283912 2.472844 7.284170 2.470785 7.327413 
2.523547 7.069138 2.523547 7.098196 2.523547 7.013026 2.523547 6.972445 2.523547 6.891283 
2.484551 7.143258 2.502809 7.093399 2.549157 7.078652 2.497893 7.214185 2.465590 7.115169 
2.417391 6.704348 2.482609 6.821739 2.565217 6.452174 2.560870 6.960870 2.504348 6.700000 
2.416667 8.583333 2.416667 7.583333 2.416667 8.166667 2.416667 7.083333 2.416667 7.333333 
3.333333 7.666667 3.333333 7.666667 3.333333 12.000000 3.333333 8.000000 3.333333 11.666667 

Cluster 0 is class 0
Cluster 1 is class 8
Cluster 2 is class 7
Cluster 3 is class 0
Cluster 4 is class 0
Cluster 5 is class 0
Cluster 6 is class 8
Cluster 7 is class 0
Cluster 8 is class 0
Cluster 9 is class 9
Cluster 10 is class 7
Cluster 11 is class 0
Cluster 12 is class 7
Cluster 13 is class 0
Cluster 14 is class 8
Cluster 15 is class 0
Cluster 16 is class 0
Cluster 17 is class 0
Cluster 18 is class 8
Cluster 19 is class 0
Cluster 20 is class 7
Cluster 21 is class 0
Cluster 22 is class 0
Cluster 23 is class 0
Cluster 24 is class 0
Cluster 25 is class 0
Cluster 26 is class 9
Cluster 27 is class 0
Cluster 28 is class 9
Cluster 29 is class 0
Cluster 30 is class 0
Cluster 31 is class 0
Cluster 32 is class 0
Cluster 33 is class 9
Cluster 34 is class 0
Cluster 35 is class 0
Cluster 36 is class 0
Cluster 37 is class 1
Cluster 38 is class 0
Cluster 39 is class 0
Cluster 40 is class 0
Cluster 41 is class 4
Cluster 42 is class 0
Cluster 43 is class 4
Cluster 44 is class 9
Cluster 45 is class 8
Cluster 46 is class 0
Cluster 47 is class 0
Cluster 48 is class 0
Cluster 49 is class 5
Cluster 50 is class 0
Cluster 51 is class 0
Cluster 52 is class 8
Cluster 53 is class 0
Cluster 54 is class 9
Cluster 55 is class 0
Cluster 56 is class 7
Cluster 57 is class 8
Cluster 58 is class 0
Cluster 59 is class 0
Cluster 60 is class 8
Cluster 61 is class 0
Cluster 62 is class 4
Cluster 63 is class 0
Cluster 64 is class 0

Overall Accuracy is 0.331150

