----------------------------For Number of clusters 34----------------------------
Avg Clusters:
2.501368 4.475864 2.482843 3.949652 2.506838 4.208900 2.499613 4.447379 2.519062 10.048084 
2.496637 10.332102 2.499361 4.142844 2.500237 10.106114 2.497348 3.768684 2.504523 10.142749 
2.499151 3.967568 2.510957 10.154836 2.487242 10.059667 2.511674 3.964355 2.507213 4.172679 
2.491259 4.976323 2.504001 3.781508 2.494015 3.785675 2.497321 10.140958 2.489804 4.066246 
2.495900 3.314120 2.512300 4.580459 2.504040 10.658959 2.495840 3.593543 2.479621 10.202731 
2.519341 4.320986 2.517126 10.965009 2.497471 9.649299 2.500396 4.494902 2.488860 10.692163 
2.497501 4.066222 2.527708 9.660414 2.492502 9.196239 2.483028 10.922447 2.511235 9.772578 
2.499187 11.173138 2.505988 4.593169 2.483911 4.360577 2.522014 9.851539 2.493462 3.964222 
2.493673 4.065178 2.497025 4.529629 2.485561 3.667251 2.502756 10.946661 2.492326 10.732273 
2.493898 9.951119 2.490716 10.197893 2.503227 4.102963 2.500944 3.977722 2.495786 4.039860 
2.510282 10.086617 2.466600 10.207730 2.506257 3.759940 2.494337 9.945481 2.503341 10.176974 
2.499260 4.471971 2.478801 10.278988 2.520957 10.004714 2.494032 10.464175 2.502070 3.286181 
2.514962 3.288824 2.516664 10.840732 2.504113 3.146788 2.501666 8.638207 2.513828 9.600482 
2.495955 9.547397 2.491506 10.831005 2.498823 3.802839 2.495551 10.662377 2.508384 3.469076 
2.501609 10.923312 2.512693 4.097196 2.507383 3.380488 2.484885 3.770300 2.499851 9.814701 
2.505609 3.830870 2.525980 4.068129 2.509812 4.292140 2.459489 3.541223 2.467467 3.357028 
2.500908 3.475138 2.486922 10.530889 2.489935 3.318897 2.528069 4.102847 2.488120 3.879419 
2.489249 10.656077 2.524040 4.230544 2.508551 10.849101 2.489777 9.773622 2.496406 4.344451 
2.499363 10.624371 2.521229 9.675168 2.518287 10.649906 2.508158 3.692970 2.510281 4.025444 
2.525418 9.834070 2.500374 4.160154 2.501597 10.022020 2.504791 10.595249 2.500170 10.914061 
2.468297 9.667431 2.475141 3.110906 2.521530 9.725178 2.496338 3.389982 2.489420 3.273750 
2.510100 10.522802 2.500867 3.571708 2.475127 3.146215 2.507582 3.460131 2.493145 3.321750 
2.485752 4.257003 2.502937 10.145395 2.519734 3.297684 2.536579 2.728045 2.480557 10.717753 
2.500274 10.570300 2.488124 3.173442 2.488946 3.618034 2.491641 10.413850 2.519139 10.423716 
2.517062 3.232323 2.452667 3.568550 2.490227 10.753285 2.503366 4.442685 2.527694 3.402294 
2.501350 5.371476 2.523383 3.268928 2.518739 10.662167 2.466627 11.078950 2.492224 3.523491 
2.492992 10.845629 2.505117 10.554807 2.467387 9.763964 2.508528 4.112737 2.496116 10.589783 
2.512097 10.543810 2.491827 10.783620 2.505994 3.299095 2.472265 3.394126 2.493189 10.543265 
2.479425 10.449017 2.514574 10.867322 2.518558 10.637368 2.516994 10.561271 2.493091 9.225668 
2.506247 3.094712 2.479016 3.226993 2.514825 10.599639 2.514165 10.312027 2.489662 9.952974 
2.529754 1.781245 2.521264 4.690990 2.517133 9.219137 2.529065 10.257993 2.507037 3.786370 
2.495838 6.917346 2.512735 2.932079 2.474696 9.977443 2.526719 6.491094 2.504162 7.526053 
2.517006 10.779545 2.449638 10.591906 2.504035 10.250224 2.518441 10.208201 2.503856 2.960129 
2.496461 2.938147 2.484893 9.984365 2.498838 3.377667 2.487798 10.960860 2.509508 3.637281 

Avg Classes:
2.501062 6.987991 2.500831 7.004122 2.500320 6.993248 2.501601 6.996249 2.500578 6.990609 
2.499498 7.005723 2.498374 7.006795 2.501292 7.002107 2.499690 7.004367 2.498954 6.983451 
2.499895 6.977804 2.500798 6.985700 2.497879 6.992608 2.496556 7.012830 2.497165 6.990719 
2.505279 7.053359 2.508546 7.025330 2.503622 7.027224 2.496757 7.017660 2.492969 7.021495 
2.515058 7.299356 2.473616 7.259717 2.514286 7.283912 2.472844 7.284170 2.470785 7.327413 
2.523547 7.069138 2.523547 7.098196 2.523547 7.013026 2.523547 6.972445 2.523547 6.891283 
2.484551 7.143258 2.502809 7.093399 2.549157 7.078652 2.497893 7.214185 2.465590 7.115169 
2.417391 6.704348 2.482609 6.821739 2.565217 6.452174 2.560870 6.960870 2.504348 6.700000 
2.416667 8.583333 2.416667 7.583333 2.416667 8.166667 2.416667 7.083333 2.416667 7.333333 
3.333333 7.666667 3.333333 7.666667 3.333333 12.000000 3.333333 8.000000 3.333333 11.666667 

Cluster 0 is class 7
Cluster 1 is class 3
Cluster 2 is class 0
Cluster 3 is class 0
Cluster 4 is class 0
Cluster 5 is class 4
Cluster 6 is class 0
Cluster 7 is class 0
Cluster 8 is class 0
Cluster 9 is class 0
Cluster 10 is class 3
Cluster 11 is class 0
Cluster 12 is class 0
Cluster 13 is class 0
Cluster 14 is class 0
Cluster 15 is class 7
Cluster 16 is class 0
Cluster 17 is class 4
Cluster 18 is class 8
Cluster 19 is class 9
Cluster 20 is class 0
Cluster 21 is class 7
Cluster 22 is class 0
Cluster 23 is class 0
Cluster 24 is class 0
Cluster 25 is class 0
Cluster 26 is class 8
Cluster 27 is class 8
Cluster 28 is class 9
Cluster 29 is class 0
Cluster 30 is class 0
Cluster 31 is class 0
Cluster 32 is class 8
Cluster 33 is class 7

Overall Accuracy is 0.318444

