----------------------------For Number of clusters 82----------------------------
Avg Clusters:
2.503034 9.925891 2.524276 10.684289 2.511069 3.326182 2.503846 6.822250 2.462946 7.467732 
2.524174 2.880466 2.434493 3.645303 2.537606 4.723783 2.484276 6.156762 2.546136 9.394715 
2.464797 9.128376 2.506458 6.853764 2.556531 10.297786 2.511956 4.598819 2.507786 3.791993 
2.486308 10.158480 2.488162 3.116564 2.516711 3.706240 2.480141 10.175514 2.485834 6.504722 
2.537497 3.443463 2.524532 4.119104 2.470472 7.185957 2.522722 11.466853 2.495800 9.389877 
2.521092 3.661120 2.511215 4.529363 2.512431 11.024571 2.492532 10.835353 2.513988 3.003309 
2.486593 3.138858 2.500394 3.270561 2.482143 2.786165 2.519829 9.816697 2.569851 3.780419 
2.470698 6.777468 2.494884 10.191783 2.495245 4.938605 2.536434 2.451783 2.498088 4.068630 
2.498497 11.139008 2.464554 10.340234 2.498034 4.098994 2.501619 2.626229 2.513762 10.532728 
2.495591 3.123823 2.525445 10.863287 2.493872 10.118106 2.482402 4.994844 2.473621 9.633687 
2.492974 2.777261 2.521226 10.654850 2.533516 3.362337 2.534691 5.683249 2.505313 10.137541 
2.496989 11.191832 2.515280 3.851451 2.482773 10.599221 2.508263 10.351655 2.497306 3.653371 
2.494585 7.250453 2.493655 10.748431 2.523544 10.225352 2.499233 10.516014 2.519453 4.174778 
2.512309 3.716240 2.468476 3.514257 2.483043 9.666209 2.507173 2.740857 2.485389 3.812937 
2.474861 10.619341 2.517034 10.731752 2.513582 11.101406 2.498124 5.641203 2.527790 9.310021 
2.515691 5.108162 2.527909 2.887249 2.477859 3.420739 2.482449 3.358038 2.482759 3.461672 
2.499660 10.832332 2.452726 2.425972 2.492858 9.102539 2.518932 3.676454 2.526981 3.658882 
2.504041 9.843355 2.474155 3.991766 2.476747 10.750343 2.538856 7.238272 2.529962 10.429581 
2.503450 10.962611 2.534643 4.160259 2.462822 3.462963 2.524011 7.039924 2.495282 2.624208 
2.497533 2.990662 2.505638 10.788818 2.508574 6.529598 2.473338 10.823996 2.490075 5.525546 
2.492962 4.069989 2.524550 10.175056 2.498367 9.992736 2.487613 10.736486 2.531250 11.383896 
2.514159 9.990705 2.498176 10.754083 2.509121 11.018068 2.543433 11.148888 2.482019 10.419910 
2.513796 5.529564 2.504491 11.048465 2.480969 11.238191 2.506107 3.079483 2.551922 3.316963 
2.497187 11.175023 2.497019 10.712270 2.511296 6.521206 2.454103 11.165701 2.469220 9.435626 
2.514841 11.296470 2.472949 10.377096 2.499263 2.880780 2.478984 4.116343 2.515262 2.903445 
2.503884 3.671349 2.472809 6.009495 2.518088 11.669230 2.466923 10.475712 2.472652 8.494075 
2.492875 10.035652 2.487846 10.787762 2.494943 3.247555 2.491143 11.213523 2.498351 3.401062 
2.505723 4.400972 2.496739 6.542393 2.503927 2.501464 2.484294 10.817450 2.485891 10.918475 
2.516091 10.532355 2.486470 2.673057 2.513530 4.856599 2.486885 7.158350 2.494359 10.940065 
2.466437 3.617435 2.518067 2.938895 2.531948 10.918258 2.503452 7.927365 2.492142 11.551851 
2.520643 2.391775 2.533974 8.124586 2.472893 10.731680 2.477822 5.069322 2.458916 3.634483 
2.488618 10.967327 2.507206 6.296020 2.516623 6.427203 2.397478 2.947674 2.475188 7.372175 
2.522045 10.988745 2.456038 8.988068 2.486164 2.410764 2.519337 10.919692 2.527291 10.873995 
2.523037 10.131767 2.552777 5.514568 2.504688 2.053937 2.520516 5.926001 2.561044 11.023692 
2.492009 3.575647 2.503763 7.394682 2.470006 4.815022 2.548771 2.215366 2.507418 10.999355 
2.513399 2.178116 2.511697 11.430880 2.524139 7.429817 2.521374 3.086346 2.484900 4.240961 
2.503824 4.415221 2.468756 10.887614 2.499347 2.193621 2.499067 10.787726 2.540851 6.848442 
2.506756 9.797694 2.477369 3.192101 2.481810 4.633941 2.507890 11.778513 2.505622 11.403288 
2.540197 3.046077 2.456140 10.568922 2.463081 2.815404 2.519954 9.501157 2.520628 2.320320 
2.523097 7.354492 2.532181 5.890661 2.514678 2.398582 2.495070 2.926886 2.449208 7.953141 
2.518910 3.672572 2.470678 5.643286 2.488249 11.095307 2.501049 2.895943 2.491286 9.509437 
2.464083 7.490143 2.531301 2.668910 2.500337 10.953169 2.492740 2.814309 2.488701 10.437061 
2.534395 6.745223 2.486943 7.826645 2.522718 6.760297 2.495860 7.234183 2.450212 11.323885 
2.539060 11.671338 2.449693 10.485509 2.502120 10.936067 2.512674 10.217060 2.522623 3.442599 
2.530540 9.031226 2.425607 6.914056 2.491778 6.605325 2.520067 11.106989 2.459280 2.749804 
2.461834 2.556597 2.491476 2.289510 2.520965 8.689449 2.496698 2.651513 2.484411 11.125480 
2.474974 2.601584 2.490707 7.251320 2.541499 4.321964 2.488068 4.603801 2.487962 2.733897 
2.557111 11.021966 2.520181 4.471856 2.521417 2.510434 2.501647 11.628089 2.536930 2.579901 
2.504288 3.709611 2.506161 2.541449 2.502711 7.749828 2.492164 7.867028 2.451848 3.817940 
2.453706 7.515360 2.524597 2.340494 2.523631 10.724382 2.501396 11.410741 2.547905 7.469173 
2.447037 11.058732 2.469726 2.994425 2.483210 3.545183 2.495008 2.159212 2.506288 10.939064 
2.449283 7.082050 2.548327 2.432023 2.476500 6.307488 2.523500 11.342273 2.462958 2.656399 
2.469276 2.827144 2.508015 6.959391 2.533663 6.614480 2.568127 10.839968 2.411168 2.484772 
2.517091 2.555761 2.534776 11.323743 2.536096 11.623466 2.538868 10.443447 2.500066 6.415204 
2.516134 3.051741 2.462829 11.137456 2.465103 11.088557 2.461549 9.543426 2.515565 1.996873 
2.439073 5.967066 2.531155 11.513108 2.422869 6.182716 2.511263 7.019233 2.524700 2.982479 
2.539120 6.651261 2.513079 11.688563 2.489736 3.733959 2.464751 10.272375 2.459003 11.454311 
2.493353 11.097933 2.488614 2.514150 2.499803 2.780571 2.498618 3.179545 2.494406 5.902067 
2.567941 9.369423 2.492778 5.451489 2.481912 10.861434 2.465295 11.657804 2.497252 11.560527 
2.515939 6.510052 2.507386 11.585916 2.468510 2.952238 2.486838 3.050872 2.490614 10.998445 
2.505997 11.289721 2.498662 11.316880 2.494995 8.486074 2.451184 2.615324 2.508574 4.246407 
2.498384 11.508850 2.475758 9.520086 2.501616 6.477143 2.543328 6.699708 2.514083 11.763121 
2.458950 6.896677 2.503770 7.213767 2.507679 2.469701 2.499860 6.979475 2.528204 3.302709 
2.438599 1.995175 2.538054 10.791595 2.473152 4.249494 2.516887 11.252763 2.527160 11.077821 
2.524643 7.047227 2.500956 3.343093 2.459615 6.445932 2.496101 2.564955 2.564220 10.743122 
2.538508 2.421382 2.472320 7.719689 2.461339 2.297240 2.506787 2.945097 2.455239 6.336282 
2.525995 11.309817 2.508287 10.986967 2.523445 7.214336 2.548661 7.340841 2.529820 2.709307 
2.447825 2.792475 2.462375 2.397854 2.479130 11.654027 2.495150 7.122575 2.526455 6.586861 
2.446961 4.607747 2.532896 1.982837 2.483909 2.505125 2.454589 10.223123 2.465435 10.449583 
2.545085 7.447852 2.521382 11.247098 2.466622 9.580302 2.532314 2.497001 2.460720 10.991776 
2.484009 5.031829 2.559143 2.383780 2.505279 2.200918 2.511859 3.265647 2.495027 11.161744 
2.490902 11.456602 2.575609 3.821490 2.493607 11.712810 2.492132 2.820015 2.451561 7.636587 
2.504208 4.109820 2.486573 9.023046 2.532265 11.548497 2.537675 2.519439 2.555110 11.993988 
2.516921 3.390217 2.470730 11.844908 2.525742 2.119968 2.478428 3.705213 2.459182 3.484042 
2.516887 7.347272 2.545837 2.883212 2.518496 11.556229 2.400965 6.722009 2.473339 2.910677 
2.422915 5.223648 2.536389 6.624565 2.544455 2.383135 2.427681 12.003850 2.430797 4.229514 
2.503732 10.689758 2.486862 4.749179 2.502687 3.901911 2.512093 2.176769 2.436250 2.146014 
2.541191 11.277816 2.502544 7.538991 2.458396 10.675285 2.494430 2.600880 2.474763 11.520286 
2.476666 11.326067 2.529321 10.217685 2.482499 12.118821 2.541910 3.350629 2.496930 3.021339 
2.487319 12.087574 2.482693 2.534695 2.567555 9.968895 2.513320 11.082469 2.460999 9.820386 
2.467917 11.073982 2.557427 6.721799 2.500586 7.103428 2.480076 10.823176 2.494873 7.165544 
2.494438 11.803461 2.444788 2.439637 2.537083 8.758756 2.524928 3.167285 2.503502 11.474454 

Avg Classes:
2.501062 6.987991 2.500831 7.004122 2.500320 6.993248 2.501601 6.996249 2.500578 6.990609 
2.499498 7.005723 2.498374 7.006795 2.501292 7.002107 2.499690 7.004367 2.498954 6.983451 
2.499895 6.977804 2.500798 6.985700 2.497879 6.992608 2.496556 7.012830 2.497165 6.990719 
2.505279 7.053359 2.508546 7.025330 2.503622 7.027224 2.496757 7.017660 2.492969 7.021495 
2.515058 7.299356 2.473616 7.259717 2.514286 7.283912 2.472844 7.284170 2.470785 7.327413 
2.523547 7.069138 2.523547 7.098196 2.523547 7.013026 2.523547 6.972445 2.523547 6.891283 
2.484551 7.143258 2.502809 7.093399 2.549157 7.078652 2.497893 7.214185 2.465590 7.115169 
2.417391 6.704348 2.482609 6.821739 2.565217 6.452174 2.560870 6.960870 2.504348 6.700000 
2.416667 8.583333 2.416667 7.583333 2.416667 8.166667 2.416667 7.083333 2.416667 7.333333 
3.333333 7.666667 3.333333 7.666667 3.333333 12.000000 3.333333 8.000000 3.333333 11.666667 

Cluster 0 is class 0
Cluster 1 is class 7
Cluster 2 is class 8
Cluster 3 is class 0
Cluster 4 is class 0
Cluster 5 is class 2
Cluster 6 is class 7
Cluster 7 is class 0
Cluster 8 is class 8
Cluster 9 is class 0
Cluster 10 is class 0
Cluster 11 is class 0
Cluster 12 is class 0
Cluster 13 is class 0
Cluster 14 is class 8
Cluster 15 is class 0
Cluster 16 is class 0
Cluster 17 is class 8
Cluster 18 is class 0
Cluster 19 is class 0
Cluster 20 is class 9
Cluster 21 is class 9
Cluster 22 is class 5
Cluster 23 is class 4
Cluster 24 is class 0
Cluster 25 is class 0
Cluster 26 is class 0
Cluster 27 is class 0
Cluster 28 is class 0
Cluster 29 is class 9
Cluster 30 is class 0
Cluster 31 is class 0
Cluster 32 is class 0
Cluster 33 is class 0
Cluster 34 is class 0
Cluster 35 is class 7
Cluster 36 is class 0
Cluster 37 is class 0
Cluster 38 is class 0
Cluster 39 is class 7
Cluster 40 is class 0
Cluster 41 is class 3
Cluster 42 is class 0
Cluster 43 is class 8
Cluster 44 is class 0
Cluster 45 is class 0
Cluster 46 is class 7
Cluster 47 is class 7
Cluster 48 is class 0
Cluster 49 is class 0
Cluster 50 is class 0
Cluster 51 is class 0
Cluster 52 is class 7
Cluster 53 is class 0
Cluster 54 is class 0
Cluster 55 is class 0
Cluster 56 is class 0
Cluster 57 is class 0
Cluster 58 is class 9
Cluster 59 is class 0
Cluster 60 is class 5
Cluster 61 is class 8
Cluster 62 is class 0
Cluster 63 is class 4
Cluster 64 is class 0
Cluster 65 is class 0
Cluster 66 is class 8
Cluster 67 is class 0
Cluster 68 is class 0
Cluster 69 is class 0
Cluster 70 is class 0
Cluster 71 is class 8
Cluster 72 is class 9
Cluster 73 is class 7
Cluster 74 is class 0
Cluster 75 is class 0
Cluster 76 is class 0
Cluster 77 is class 9
Cluster 78 is class 8
Cluster 79 is class 8
Cluster 80 is class 8
Cluster 81 is class 4

Overall Accuracy is 0.329623

