----------------------------For Number of clusters 7----------------------------
Avg Clusters:
2.503832 9.294776 2.487924 9.388448 2.500695 7.786038 2.507613 9.581114 2.496535 4.233560 
2.499318 5.322337 2.503681 3.227997 2.504028 7.561082 2.483002 9.683083 2.502894 8.234173 
2.489390 9.751445 2.495548 7.080776 2.500906 5.701168 2.503446 4.146496 2.506838 10.296889 
2.508738 4.014909 2.505224 8.558846 2.495612 10.415109 2.505350 3.756900 2.498624 6.869123 
2.489113 4.294229 2.505867 7.977196 2.509866 3.035551 2.505518 5.322263 2.489977 4.327074 
2.504987 10.124731 2.504379 3.389457 2.492657 8.175307 2.504410 5.052171 2.496259 3.597112 
2.514164 5.213720 2.503999 10.283866 2.499700 5.452701 2.499202 10.334687 2.500197 10.455571 

Avg Classes:
2.501062 6.987991 2.500831 7.004122 2.500320 6.993248 2.501601 6.996249 2.500578 6.990609 
2.499498 7.005723 2.498374 7.006795 2.501292 7.002107 2.499690 7.004367 2.498954 6.983451 
2.499895 6.977804 2.500798 6.985700 2.497879 6.992608 2.496556 7.012830 2.497165 6.990719 
2.505279 7.053359 2.508546 7.025330 2.503622 7.027224 2.496757 7.017660 2.492969 7.021495 
2.515058 7.299356 2.473616 7.259717 2.514286 7.283912 2.472844 7.284170 2.470785 7.327413 
2.523547 7.069138 2.523547 7.098196 2.523547 7.013026 2.523547 6.972445 2.523547 6.891283 
2.484551 7.143258 2.502809 7.093399 2.549157 7.078652 2.497893 7.214185 2.465590 7.115169 
2.417391 6.704348 2.482609 6.821739 2.565217 6.452174 2.560870 6.960870 2.504348 6.700000 
2.416667 8.583333 2.416667 7.583333 2.416667 8.166667 2.416667 7.083333 2.416667 7.333333 
3.333333 7.666667 3.333333 7.666667 3.333333 12.000000 3.333333 8.000000 3.333333 11.666667 

Cluster 0 is class 4
Cluster 1 is class 0
Cluster 2 is class 0
Cluster 3 is class 0
Cluster 4 is class 0
Cluster 5 is class 0
Cluster 6 is class 4

Overall Accuracy is 0.364916

