Avg Clusters:
2.492507 3.507587 2.486946 9.756951 2.501838 4.341588 2.519557 4.526979 2.496890 3.565410 
2.498719 10.241693 2.488066 3.694925 2.486417 3.904415 2.505427 9.913352 2.510820 9.912884 
2.512457 10.159422 2.465167 10.729512 2.508634 3.808925 2.495597 10.306309 2.499326 10.123664 
2.518394 5.374435 2.513129 2.901189 2.496315 4.024339 2.468384 4.521738 2.486344 3.831672 
2.503445 9.113955 2.513725 10.596949 2.468258 10.227280 2.506288 3.700787 2.501722 10.262084 
2.513654 10.281376 2.485836 4.412270 2.501085 10.684266 2.501946 10.387577 2.499234 10.161839 
2.465763 10.874697 2.469483 3.047094 2.514862 9.015525 2.502022 3.622473 2.494615 4.013908 
2.503285 2.780569 2.483879 6.186306 2.469339 9.896307 2.499787 9.735278 2.524547 8.776159 
2.508052 2.827547 2.512675 10.054555 2.508878 9.778594 2.497520 3.707629 2.492775 10.066801 
2.497002 11.089508 2.527056 5.308573 2.503979 2.780427 2.497656 4.443871 2.472835 3.937857 
2.519843 4.120326 2.523372 3.802408 2.522257 10.028387 2.494056 10.483686 2.487803 3.019533 
2.478269 3.234958 2.515619 9.161623 2.505412 2.894484 2.503527 9.941001 2.508370 10.037805 
2.499674 9.964354 2.474188 10.607748 2.516560 10.071463 2.508245 9.939889 2.515453 3.923457 
2.513982 4.570664 2.474695 3.239904 2.473598 7.577492 2.506742 3.655653 2.528530 10.780100 
2.470969 4.216619 2.506245 3.853410 2.509485 11.863914 2.501960 3.219336 2.447086 8.919467 
2.492806 10.443909 2.510919 4.063577 2.501169 3.663599 2.492879 3.235831 2.502155 10.600679 
2.494849 10.414467 2.470411 11.218437 2.502068 4.511091 2.493421 3.672945 2.503384 3.662569 
2.505033 4.196532 2.488969 10.338045 2.504930 3.942119 2.491623 10.938258 2.504482 3.396787 
2.499262 3.930048 2.500451 10.392919 2.499303 3.221876 2.526422 3.333757 2.495241 10.665299 
2.510581 9.554148 2.511122 10.818477 2.510364 10.580505 2.519348 10.471884 2.483899 10.748498 
2.489907 9.998860 2.496882 3.748659 2.497955 4.116685 2.513378 10.905714 2.497217 3.334160 
2.506033 10.838268 2.501927 10.480075 2.491787 3.336088 2.495893 10.494220 2.497921 3.420452 
2.500439 3.982536 2.517552 10.322042 2.488668 10.777013 2.513405 3.824063 2.512492 3.428476 
2.495062 3.464553 2.489477 10.721806 2.504731 10.510678 2.476757 10.429133 2.510213 3.268783 
2.455825 10.772867 2.535397 3.581779 2.508856 10.893887 2.490469 10.699787 2.486625 3.555238 
2.522635 7.586708 2.530735 10.763523 2.468108 3.216300 2.491467 6.473315 2.482065 7.515765 
2.485027 3.397599 2.530256 11.324527 2.493627 7.800396 2.467455 10.418203 2.505012 10.834860 
2.527717 3.899649 2.522221 10.919928 2.548754 11.690515 2.509144 10.594712 2.485454 8.276130 
2.528014 6.137306 2.468421 4.487434 2.508882 10.837680 2.510308 3.328679 2.501040 2.778445 
2.506498 10.956864 2.477667 10.634815 2.505788 3.724855 2.500874 3.213607 2.511030 10.692366 
2.506411 3.604195 2.491295 2.875056 2.509811 3.969112 2.497440 10.518905 2.487075 10.142067 
2.491247 3.443993 2.481121 3.737300 2.534668 2.493078 2.487128 3.956808 2.512872 10.098169 
2.487609 10.846405 2.511675 3.589392 2.513413 10.750651 2.507588 3.508354 2.506566 10.647642 
2.481572 2.925386 2.493133 3.871984 2.477913 3.220290 2.521398 10.333192 2.528292 3.672641 
2.497123 4.126056 2.502020 2.401310 2.544814 10.744704 2.496878 10.206869 2.479797 10.742439 
2.501335 1.958389 2.490135 3.572096 2.462914 9.107477 2.476932 3.994140 2.496143 3.767171 
2.471276 10.722296 2.546201 10.326442 2.515492 10.957603 2.517312 3.228857 2.502205 3.369115 
2.486994 6.509827 2.537380 8.060694 2.506551 3.638632 2.500482 2.052890 2.484586 6.030154 
2.531377 7.095057 2.524250 6.956127 2.484820 6.713069 2.503610 10.937708 2.490744 6.727231 
2.520284 7.579968 2.520097 3.212627 2.497435 10.960739 2.497529 7.179800 2.535391 6.314371 
2.527203 8.082982 2.528119 7.249679 2.544788 6.619894 2.474537 6.959791 2.453655 11.594156 
2.540697 11.528069 2.524609 7.616296 2.512672 9.700372 2.497621 4.458611 2.486117 7.210276 
2.543325 10.924737 2.492354 6.822362 2.454181 8.763149 2.479774 7.257130 2.502006 2.336514 

Avg Classes:
2.501062 6.987991 2.500831 7.004122 2.500320 6.993248 2.501601 6.996249 2.500578 6.990609 
2.499498 7.005723 2.498374 7.006795 2.501292 7.002107 2.499690 7.004367 2.498954 6.983451 
2.499895 6.977804 2.500798 6.985700 2.497879 6.992608 2.496556 7.012830 2.497165 6.990719 
2.505279 7.053359 2.508546 7.025330 2.503622 7.027224 2.496757 7.017660 2.492969 7.021495 
2.515058 7.299356 2.473616 7.259717 2.514286 7.283912 2.472844 7.284170 2.470785 7.327413 
2.523547 7.069138 2.523547 7.098196 2.523547 7.013026 2.523547 6.972445 2.523547 6.891283 
2.484551 7.143258 2.502809 7.093399 2.549157 7.078652 2.497893 7.214185 2.465590 7.115169 
2.417391 6.704348 2.482609 6.821739 2.565217 6.452174 2.560870 6.960870 2.504348 6.700000 
2.416667 8.583333 2.416667 7.583333 2.416667 8.166667 2.416667 7.083333 2.416667 7.333333 
3.333333 7.666667 3.333333 7.666667 3.333333 12.000000 3.333333 8.000000 3.333333 11.666667 

Cluster 0 is class 0
Cluster 1 is class 0
Cluster 2 is class 0
Cluster 3 is class 0
Cluster 4 is class 8
Cluster 5 is class 9
Cluster 6 is class 0
Cluster 7 is class 0
Cluster 8 is class 0
Cluster 9 is class 7
Cluster 10 is class 0
Cluster 11 is class 0
Cluster 12 is class 8
Cluster 13 is class 0
Cluster 14 is class 0
Cluster 15 is class 0
Cluster 16 is class 0
Cluster 17 is class 0
Cluster 18 is class 0
Cluster 19 is class 9
Cluster 20 is class 0
Cluster 21 is class 5
Cluster 22 is class 0
Cluster 23 is class 4
Cluster 24 is class 8
Cluster 25 is class 0
Cluster 26 is class 0
Cluster 27 is class 9
Cluster 28 is class 0
Cluster 29 is class 8
Cluster 30 is class 0
Cluster 31 is class 0
Cluster 32 is class 4
Cluster 33 is class 0
Cluster 34 is class 9
Cluster 35 is class 0
Cluster 36 is class 8
Cluster 37 is class 7
Cluster 38 is class 0
Cluster 39 is class 0
Cluster 40 is class 0
Cluster 41 is class 8
Cluster 42 is class 8

Overall Accuracy is 0.348709

