----------------------------For Number of clusters 19----------------------------
Avg Clusters:
2.493631 10.132208 2.497992 4.590847 2.502885 4.200783 2.492296 4.241447 2.505381 9.974843 
2.509270 10.279340 2.483338 10.267549 2.496715 4.168190 2.490251 10.073815 2.487633 8.744497 
2.497457 4.393791 2.487654 3.554756 2.489013 9.827872 2.498164 4.319931 2.500490 9.743990 
2.496978 9.377111 2.493119 9.582500 2.497227 10.221959 2.516384 9.402907 2.512165 3.525388 
2.505468 3.854893 2.496104 10.024981 2.507858 4.364028 2.504616 9.739056 2.502799 3.705464 
2.501334 10.436448 2.521886 9.999383 2.490460 10.007062 2.510466 3.867250 2.503894 9.646521 
2.510469 4.044594 2.505827 3.859288 2.515309 10.401840 2.480625 10.127033 2.505696 4.453052 
2.503700 5.016617 2.488584 3.529063 2.501187 4.141735 2.502793 10.232903 2.493873 10.411765 
2.500089 10.591050 2.508104 3.822397 2.487293 4.284257 2.508033 9.512388 2.502630 3.596239 
2.492174 9.774821 2.485637 3.954776 2.518450 10.090889 2.504880 3.604681 2.492358 3.647087 
2.500703 3.774314 2.503772 9.945954 2.495267 9.674617 2.505436 3.660805 2.503901 3.699893 
2.505930 4.159105 2.508453 9.813597 2.514384 3.427668 2.506476 3.599217 2.496291 9.748287 
2.501024 4.352219 2.527806 9.834102 2.496884 10.464341 2.500384 10.502347 2.508579 10.035083 
2.495279 3.217179 2.517811 3.250423 2.484599 3.706922 2.495669 8.753777 2.504721 3.761526 
2.490601 5.174073 2.514706 4.746851 2.497081 3.460099 2.491969 2.798665 2.482975 3.722633 
2.496266 10.392168 2.486144 10.620070 2.510808 4.023267 2.501245 3.876637 2.487029 3.659811 
2.507189 3.274633 2.502070 10.382951 2.499172 10.311630 2.502785 3.659503 2.482424 10.627249 
2.489985 3.385183 2.500513 10.343900 2.498975 3.515417 2.489472 10.411600 2.510370 10.660555 
2.505701 10.558915 2.494147 3.903802 2.509212 10.254281 2.499220 10.180821 2.491828 9.845992 

Avg Classes:
2.501062 6.987991 2.500831 7.004122 2.500320 6.993248 2.501601 6.996249 2.500578 6.990609 
2.499498 7.005723 2.498374 7.006795 2.501292 7.002107 2.499690 7.004367 2.498954 6.983451 
2.499895 6.977804 2.500798 6.985700 2.497879 6.992608 2.496556 7.012830 2.497165 6.990719 
2.505279 7.053359 2.508546 7.025330 2.503622 7.027224 2.496757 7.017660 2.492969 7.021495 
2.515058 7.299356 2.473616 7.259717 2.514286 7.283912 2.472844 7.284170 2.470785 7.327413 
2.523547 7.069138 2.523547 7.098196 2.523547 7.013026 2.523547 6.972445 2.523547 6.891283 
2.484551 7.143258 2.502809 7.093399 2.549157 7.078652 2.497893 7.214185 2.465590 7.115169 
2.417391 6.704348 2.482609 6.821739 2.565217 6.452174 2.560870 6.960870 2.504348 6.700000 
2.416667 8.583333 2.416667 7.583333 2.416667 8.166667 2.416667 7.083333 2.416667 7.333333 
3.333333 7.666667 3.333333 7.666667 3.333333 12.000000 3.333333 8.000000 3.333333 11.666667 

Cluster 0 is class 0
Cluster 1 is class 0
Cluster 2 is class 0
Cluster 3 is class 8
Cluster 4 is class 0
Cluster 5 is class 8
Cluster 6 is class 0
Cluster 7 is class 0
Cluster 8 is class 0
Cluster 9 is class 5
Cluster 10 is class 0
Cluster 11 is class 0
Cluster 12 is class 9
Cluster 13 is class 7
Cluster 14 is class 7
Cluster 15 is class 0
Cluster 16 is class 0
Cluster 17 is class 0
Cluster 18 is class 4

Overall Accuracy is 0.355942

