Avg Clusters:
2.518956 9.776821 2.496509 3.814189 2.515297 9.608746 2.509966 9.569163 2.493900 10.081175 
2.493240 4.220756 2.490119 9.947594 2.507418 9.481187 2.505556 9.783908 2.506986 3.841316 
2.495778 4.044877 2.508483 9.870548 2.511630 3.857336 2.517884 4.145948 2.499609 9.841738 
2.501604 9.905761 2.508293 4.175469 2.486951 3.969205 2.489059 4.147091 2.495747 4.076300 
2.493947 10.137203 2.510891 4.792340 2.488282 10.259042 2.493070 3.134797 2.500163 9.853523 
2.494471 4.109327 2.512308 9.436034 2.498005 4.060313 2.522163 3.931322 2.479543 3.200288 
2.497272 10.030007 2.483583 4.539108 2.495859 3.196111 2.500918 10.093394 2.517359 9.921064 
2.503112 10.238201 2.511572 10.103042 2.517842 10.060133 2.499033 3.894045 2.508356 3.851276 
2.504662 9.678203 2.512689 10.986107 2.477092 9.730411 2.515869 4.538654 2.486601 10.565514 
2.482062 3.285490 2.504340 4.147869 2.492791 10.066062 2.496817 9.757088 2.501133 9.758680 
2.510426 3.295434 2.496684 9.830411 2.482623 10.759629 2.509374 3.255771 2.506983 4.542086 
2.489747 10.210178 2.522603 3.956364 2.490442 9.931330 2.493426 10.068413 2.495768 3.458461 
2.502822 3.209818 2.513998 9.536235 2.507705 10.390037 2.495843 3.702838 2.492257 10.983866 
2.485474 4.191600 2.499099 9.876049 2.498029 3.021086 2.489415 10.762232 2.504758 4.499521 
2.519776 10.068204 2.467280 10.978480 2.505796 4.003581 2.488957 9.951305 2.489114 10.077063 
2.476528 9.886097 2.511876 10.266074 2.512863 10.655800 2.514539 10.917837 2.502856 9.407808 
2.497947 3.773512 2.479568 3.038876 2.494483 9.414870 2.499583 3.321497 2.488068 9.687484 
2.477877 9.586241 2.497573 3.965954 2.505522 3.324669 2.511853 10.795020 2.496729 3.280283 
2.468551 9.413775 2.480426 3.225197 2.525396 10.637248 2.513215 3.458285 2.493909 3.441469 
2.499262 10.665118 2.478624 10.790960 2.513992 3.283198 2.489789 4.267243 2.490582 4.173456 
2.503637 3.362821 2.505033 9.636297 2.492101 4.184938 2.487803 10.641036 2.516569 10.868920 
2.506276 3.119644 2.512257 3.206526 2.475946 4.009037 2.504436 8.986297 2.501282 3.913808 
2.503127 10.011901 2.508524 3.754512 2.495265 3.532040 2.495979 3.411922 2.496087 10.735964 
2.504322 10.458967 2.488544 10.528848 2.503072 3.336128 2.476724 3.175640 2.509894 10.648667 
2.506462 3.316990 2.490748 3.284413 2.518196 3.055964 2.490625 4.040947 2.521397 9.411275 
2.527778 3.226738 2.477761 3.408316 2.492715 9.384543 2.472222 4.239392 2.503664 2.967536 
2.503576 3.720430 2.483221 3.092273 2.516679 3.596549 2.498425 10.829557 2.488672 10.468717 
2.525291 10.805630 2.487831 10.528296 2.485376 4.720466 2.507217 10.707640 2.501630 3.337608 
2.524578 10.373107 2.474621 10.597479 2.527113 11.249917 2.501767 10.385113 2.512839 3.192290 
2.516268 3.585947 2.513818 3.447178 2.520776 10.663612 2.488436 10.923069 2.480547 3.492699 
2.517283 3.331211 2.539266 10.866990 2.496361 10.597888 2.498787 10.228017 2.508945 10.282090 

Avg Classes:
2.501062 6.987991 2.500831 7.004122 2.500320 6.993248 2.501601 6.996249 2.500578 6.990609 
2.499498 7.005723 2.498374 7.006795 2.501292 7.002107 2.499690 7.004367 2.498954 6.983451 
2.499895 6.977804 2.500798 6.985700 2.497879 6.992608 2.496556 7.012830 2.497165 6.990719 
2.505279 7.053359 2.508546 7.025330 2.503622 7.027224 2.496757 7.017660 2.492969 7.021495 
2.515058 7.299356 2.473616 7.259717 2.514286 7.283912 2.472844 7.284170 2.470785 7.327413 
2.523547 7.069138 2.523547 7.098196 2.523547 7.013026 2.523547 6.972445 2.523547 6.891283 
2.484551 7.143258 2.502809 7.093399 2.549157 7.078652 2.497893 7.214185 2.465590 7.115169 
2.417391 6.704348 2.482609 6.821739 2.565217 6.452174 2.560870 6.960870 2.504348 6.700000 
2.416667 8.583333 2.416667 7.583333 2.416667 8.166667 2.416667 7.083333 2.416667 7.333333 
3.333333 7.666667 3.333333 7.666667 3.333333 12.000000 3.333333 8.000000 3.333333 11.666667 

Cluster 0 is class 8
Cluster 1 is class 0
Cluster 2 is class 0
Cluster 3 is class 0
Cluster 4 is class 0
Cluster 5 is class 0
Cluster 6 is class 0
Cluster 7 is class 8
Cluster 8 is class 8
Cluster 9 is class 0
Cluster 10 is class 0
Cluster 11 is class 6
Cluster 12 is class 9
Cluster 13 is class 7
Cluster 14 is class 4
Cluster 15 is class 8
Cluster 16 is class 0
Cluster 17 is class 0
Cluster 18 is class 0
Cluster 19 is class 0
Cluster 20 is class 0
Cluster 21 is class 7
Cluster 22 is class 0
Cluster 23 is class 8
Cluster 24 is class 0
Cluster 25 is class 0
Cluster 26 is class 2
Cluster 27 is class 0
Cluster 28 is class 4
Cluster 29 is class 0
Cluster 30 is class 9

Overall Accuracy is 0.318280

