Avg Clusters:
2.509593 2.755763 2.472672 4.088629 2.491036 3.288745 2.499299 10.472044 2.495095 10.310153 
2.512474 10.341859 2.461803 10.779005 2.499927 3.205687 2.471152 3.452744 2.519643 10.378094 
2.490553 3.760954 2.500692 11.022690 2.478494 9.796507 2.509536 3.434454 2.527893 3.354549 
2.506868 11.270965 2.497677 3.346636 2.489636 3.599720 2.495180 10.395784 2.515259 10.358074 
2.470031 9.065809 2.501012 10.929635 2.525109 4.187051 2.510783 2.917688 2.498228 3.396173 
2.502019 4.555107 2.498661 3.363900 2.514588 3.018195 2.484232 3.442398 2.504787 10.151050 
2.503290 3.893181 2.472657 3.550715 2.488938 9.307012 2.492172 2.594395 2.470501 9.778194 
2.487402 10.579444 2.476204 2.577672 2.477404 4.002971 2.478147 3.333029 2.485174 6.610067 
2.501516 3.946490 2.507095 10.690370 2.502600 7.320299 2.496101 10.966800 2.503304 4.333135 
2.472988 10.256283 2.565254 4.185687 2.498422 10.899174 2.548076 10.559973 2.496176 2.469710 
2.494849 4.815154 2.580919 10.450543 2.486071 11.265650 2.483853 9.503765 2.512359 10.672673 
2.501714 10.881117 2.540166 6.574246 2.487357 11.122510 2.507377 3.566794 2.490884 9.218292 
2.507258 10.088239 2.515457 4.506788 2.497177 3.441532 2.501546 3.900403 2.484476 2.193011 
2.531812 2.952293 2.490813 2.932502 2.514855 9.254546 2.494072 10.565821 2.489774 3.775873 
2.505680 3.410606 2.488428 3.594437 2.524472 10.975050 2.505521 10.864370 2.465920 10.161535 
2.511133 3.391863 2.456739 3.311605 2.475346 10.924270 2.496062 3.638405 2.514482 3.104013 
2.481674 6.807024 2.520372 2.558387 2.483549 4.098534 2.487300 10.756393 2.508609 10.036652 
2.487750 6.537816 2.497603 9.462716 2.493409 2.988815 2.494674 7.588349 2.537017 3.344940 
2.472052 10.978413 2.482405 10.558841 2.525029 10.525855 2.523652 10.309764 2.505865 6.552123 
2.515004 9.660762 2.503114 11.012618 2.517027 8.104586 2.492842 10.974844 2.472054 11.369409 
2.478001 10.749272 2.515589 3.305798 2.488199 7.250000 2.500437 9.624053 2.465253 6.374490 
2.551818 6.418616 2.510999 10.559067 2.499682 3.015259 2.476793 8.358850 2.475203 10.880786 
2.526635 11.462249 2.464558 10.322103 2.500043 3.132535 2.471313 10.977683 2.513895 10.411543 
2.539130 7.521865 2.526780 11.281033 2.479269 10.848330 2.514367 3.341336 2.465532 8.761248 
2.443402 2.837173 2.498680 10.969584 2.503597 4.544395 2.514252 11.415627 2.470267 10.813769 
2.508850 3.881082 2.509028 7.098194 2.450147 11.530286 2.463222 10.861603 2.575380 3.511963 
2.510282 7.617180 2.546898 10.931020 2.525380 11.101258 2.501866 7.201475 2.536486 2.842343 
2.487188 3.266621 2.527539 2.932664 2.522006 4.036179 2.464118 2.910615 2.475100 3.941176 
2.439701 8.498662 2.531488 3.538955 2.544449 10.539659 2.525218 2.534305 2.493308 4.038743 
2.479090 11.896391 2.458922 2.618982 2.485517 10.164212 2.507266 4.087593 2.521206 3.344538 
2.471899 4.132168 2.515738 3.277349 2.528833 2.557706 2.511346 9.486702 2.528264 5.295161 
2.554161 10.720940 2.493935 6.292958 2.478521 10.943649 2.512298 10.320755 2.496715 11.133844 
2.479751 4.222508 2.503660 8.446573 2.535981 10.466433 2.537305 3.215654 2.517212 11.660125 
2.507062 10.775285 2.490596 3.641514 2.502908 6.781328 2.531385 2.812297 2.503059 11.315960 
2.504356 6.792239 2.491422 2.976017 2.485134 11.161771 2.519447 6.533639 2.519896 7.852600 
2.468484 2.610922 2.490157 6.602877 2.490725 3.385671 2.482207 11.072307 2.494605 2.835699 
2.438102 11.188076 2.490416 11.123054 2.494864 9.793498 2.478661 6.024674 2.564651 11.115959 
2.493435 2.228211 2.519320 3.617982 2.456546 11.737652 2.487183 5.200575 2.521195 10.670501 
2.503075 11.152590 2.428909 2.299030 2.515850 10.964987 2.517625 6.729832 2.477289 11.230423 
2.502112 2.098280 2.484290 11.602555 2.498300 9.886268 2.471309 3.814155 2.450088 10.082518 
2.487512 11.152091 2.502498 6.538507 2.501752 3.076568 2.491091 10.973906 2.502274 3.507045 
2.541162 9.218087 2.416620 8.026553 2.493390 7.641706 2.532052 11.409954 2.472281 2.797800 
2.523094 11.757789 2.466238 10.596921 2.462965 2.833071 2.505758 6.291550 2.450843 2.995757 
2.502268 9.206039 2.507710 2.396786 2.501879 9.673967 2.488013 11.654270 2.523779 11.137877 
2.536058 2.459980 2.415714 8.227443 2.475150 8.689234 2.514095 11.168006 2.542624 10.710404 
2.482196 6.707683 2.485441 7.505350 2.476495 5.551044 2.498772 3.492194 2.503245 7.391949 
2.527434 2.824651 2.507566 7.923299 2.470717 11.573178 2.517038 3.932194 2.497863 6.346194 
2.469219 6.408984 2.504271 5.177025 2.461708 9.705744 2.478645 7.511635 2.536082 11.891753 
2.518266 7.544507 2.530100 5.883844 2.516208 10.622974 2.449061 6.556470 2.542835 3.049267 
2.430057 8.069862 2.511617 2.760682 2.542648 11.361007 2.477335 2.301056 2.515841 11.244192 
2.498794 9.325784 2.524064 9.578903 2.517668 10.882353 2.505610 2.122470 2.501206 2.737129 
2.461067 2.824332 2.492442 10.660511 2.460904 2.683144 2.533295 4.739358 2.493913 6.935044 
2.518366 3.211971 2.479365 10.473207 2.539218 3.643150 2.487684 2.911841 2.439067 2.385804 
2.546763 2.689407 2.506698 2.995162 2.526172 6.699578 2.569586 7.340486 2.489333 11.339866 
2.528936 11.555536 2.498922 3.058231 2.538102 11.707764 2.429008 8.291337 2.457764 6.208124 
2.533595 2.266459 2.462341 11.551612 2.451368 3.322677 2.533866 8.743295 2.544432 3.283798 
2.465657 8.207909 2.504394 11.551110 2.479302 3.859968 2.538737 11.281452 2.534806 6.168016 
2.448762 2.941781 2.550711 6.667545 2.514226 6.744073 2.491965 6.019889 2.535959 2.619204 
2.502895 5.733679 2.489519 10.994210 2.538630 2.682971 2.458375 11.821721 2.479337 2.325215 
2.545441 11.216045 2.504825 10.945989 2.489702 8.469394 2.490998 1.932594 2.472850 10.672188 
2.530968 2.047312 2.429032 7.780430 2.606022 10.735914 2.475914 7.609462 2.438065 2.582581 
2.489558 5.326413 2.529484 11.387592 2.497912 5.640909 2.532187 3.112039 2.416953 11.487715 
2.511470 3.972443 2.507719 7.216996 2.490405 7.106190 2.459385 8.336459 2.421873 7.590968 
2.487975 7.229060 2.485819 11.278653 2.534583 11.558302 2.465583 11.827666 2.467408 3.412340 
2.466025 6.899007 2.490847 2.635588 2.562985 11.277226 2.460285 11.480143 2.523581 5.710984 
2.501692 11.547644 2.537751 7.916819 2.476438 7.448060 2.494012 4.911221 2.475137 3.390133 
2.511659 10.681602 2.491027 2.258454 2.484068 2.783177 2.552802 8.436088 2.530094 3.253205 
2.526555 2.732879 2.553110 9.995807 2.525681 2.231307 2.529525 11.290531 2.508036 7.274284 
2.525395 11.368114 2.497928 11.640786 2.505447 6.473224 2.454810 10.694645 2.525088 2.703084 
2.494766 2.056249 2.524909 7.383529 2.518855 4.702611 2.504477 3.136335 2.521503 11.119687 
2.450124 7.058258 2.542457 2.816983 2.498076 3.465787 2.506046 11.908491 2.489695 2.979253 
2.498984 10.375482 2.534227 4.430530 2.485375 2.069876 2.509039 4.058501 2.529860 11.449218 
2.504891 11.164471 2.505152 7.044476 2.544542 5.729620 2.519108 7.194861 2.507239 10.955393 
2.541673 6.767515 2.470346 2.252412 2.481575 6.860509 2.455954 5.631188 2.469081 2.831567 
2.489532 11.935156 2.478482 11.685810 2.476156 10.405787 2.494475 3.330038 2.497383 4.406804 
2.514039 11.050083 2.513280 11.173623 2.519502 5.773258 2.508271 6.429959 2.446502 7.273334 
2.559078 2.648090 2.466522 11.380662 2.545096 4.946829 2.521465 1.934817 2.502363 7.874557 
2.571742 3.095544 2.501350 11.897873 2.539500 7.217252 2.537643 7.499494 2.518062 8.528697 
2.563203 3.344114 2.503057 2.951883 2.426149 2.671268 2.522777 7.026819 2.489450 2.160718 
2.544723 4.069231 2.524150 6.501968 2.488909 2.062433 2.538104 2.667800 2.441145 3.937567 
2.518256 11.842061 2.411642 7.635301 2.467140 11.831838 2.482996 6.293553 2.535781 2.727311 
2.523260 7.210830 2.510234 6.661891 2.531076 7.452549 2.491068 11.940268 2.507815 8.079084 
2.478133 11.045094 2.506005 10.908679 2.448901 1.801269 2.608883 8.265806 2.497394 7.169046 
2.521263 2.362258 2.528768 11.443871 2.513915 11.625547 2.517824 9.395872 2.487336 5.962789 
2.458817 11.330003 2.456927 11.602214 2.506076 8.602755 2.534161 7.015393 2.531731 2.217931 
2.448175 6.924759 2.463499 7.217803 2.545455 3.681474 2.465048 11.470386 2.484504 11.883437 
2.502431 11.123820 2.480698 11.310266 2.589076 2.005719 2.495854 11.430941 2.487847 2.746068 
2.474875 5.049002 2.456165 9.713115 2.491981 1.803279 2.559515 2.674982 2.529045 11.412687 
2.570400 11.697226 2.464535 2.531230 2.513021 5.896041 2.531865 11.585010 2.531018 2.770273 
2.507584 2.394005 2.479957 2.485554 2.479415 6.698989 2.510112 6.574756 2.535211 6.742867 
2.438160 7.417273 2.487444 3.639287 2.542830 6.687163 2.481577 9.599859 2.423844 2.187045 
2.505457 11.124571 2.562519 7.514188 2.512317 2.471936 2.452448 2.460087 2.486436 6.495323 
2.554220 2.759296 2.469606 6.437319 2.457582 7.911378 2.545313 1.954130 2.451347 5.120240 
2.532844 11.059477 2.552607 5.873141 2.474120 2.409373 2.502541 7.421796 2.505176 7.385470 
2.468085 11.446561 2.486145 4.938397 2.474270 11.441118 2.505938 12.093023 2.501732 6.931470 
2.443797 7.253506 2.475728 7.005178 2.451780 2.180798 2.483711 11.501402 2.461273 7.459763 
2.488441 7.785093 2.545959 2.357500 2.553912 5.642316 2.392824 6.363048 2.556871 10.854078 
2.543338 11.836057 2.468796 6.091382 2.561912 7.330609 2.488856 1.797920 2.473997 4.937345 
2.513278 2.114378 2.504932 9.972307 2.556715 2.807473 2.475721 6.927542 2.585546 11.595220 
2.503123 2.382453 2.463657 11.453719 2.533220 10.889267 2.527825 11.170642 2.447757 2.017320 

Avg Classes:
2.501062 6.987991 2.500831 7.004122 2.500320 6.993248 2.501601 6.996249 2.500578 6.990609 
2.499498 7.005723 2.498374 7.006795 2.501292 7.002107 2.499690 7.004367 2.498954 6.983451 
2.499895 6.977804 2.500798 6.985700 2.497879 6.992608 2.496556 7.012830 2.497165 6.990719 
2.505279 7.053359 2.508546 7.025330 2.503622 7.027224 2.496757 7.017660 2.492969 7.021495 
2.515058 7.299356 2.473616 7.259717 2.514286 7.283912 2.472844 7.284170 2.470785 7.327413 
2.523547 7.069138 2.523547 7.098196 2.523547 7.013026 2.523547 6.972445 2.523547 6.891283 
2.484551 7.143258 2.502809 7.093399 2.549157 7.078652 2.497893 7.214185 2.465590 7.115169 
2.417391 6.704348 2.482609 6.821739 2.565217 6.452174 2.560870 6.960870 2.504348 6.700000 
2.416667 8.583333 2.416667 7.583333 2.416667 8.166667 2.416667 7.083333 2.416667 7.333333 
3.333333 7.666667 3.333333 7.666667 3.333333 12.000000 3.333333 8.000000 3.333333 11.666667 

Cluster 0 is class 0
Cluster 1 is class 0
Cluster 2 is class 0
Cluster 3 is class 4
Cluster 4 is class 0
Cluster 5 is class 0
Cluster 6 is class 0
Cluster 7 is class 0
Cluster 8 is class 0
Cluster 9 is class 8
Cluster 10 is class 9
Cluster 11 is class 8
Cluster 12 is class 0
Cluster 13 is class 0
Cluster 14 is class 4
Cluster 15 is class 0
Cluster 16 is class 0
Cluster 17 is class 0
Cluster 18 is class 8
Cluster 19 is class 8
Cluster 20 is class 0
Cluster 21 is class 0
Cluster 22 is class 0
Cluster 23 is class 4
Cluster 24 is class 0
Cluster 25 is class 0
Cluster 26 is class 4
Cluster 27 is class 7
Cluster 28 is class 0
Cluster 29 is class 0
Cluster 30 is class 7
Cluster 31 is class 9
Cluster 32 is class 9
Cluster 33 is class 0
Cluster 34 is class 0
Cluster 35 is class 7
Cluster 36 is class 8
Cluster 37 is class 9
Cluster 38 is class 9
Cluster 39 is class 0
Cluster 40 is class 0
Cluster 41 is class 0
Cluster 42 is class 0
Cluster 43 is class 9
Cluster 44 is class 0
Cluster 45 is class 0
Cluster 46 is class 0
Cluster 47 is class 9
Cluster 48 is class 0
Cluster 49 is class 9
Cluster 50 is class 8
Cluster 51 is class 0
Cluster 52 is class 0
Cluster 53 is class 0
Cluster 54 is class 8
Cluster 55 is class 0
Cluster 56 is class 4
Cluster 57 is class 7
Cluster 58 is class 5
Cluster 59 is class 8
Cluster 60 is class 0
Cluster 61 is class 0
Cluster 62 is class 0
Cluster 63 is class 0
Cluster 64 is class 0
Cluster 65 is class 8
Cluster 66 is class 0
Cluster 67 is class 7
Cluster 68 is class 8
Cluster 69 is class 0
Cluster 70 is class 7
Cluster 71 is class 0
Cluster 72 is class 0
Cluster 73 is class 0
Cluster 74 is class 8
Cluster 75 is class 0
Cluster 76 is class 0
Cluster 77 is class 0
Cluster 78 is class 7
Cluster 79 is class 0
Cluster 80 is class 8
Cluster 81 is class 4
Cluster 82 is class 0
Cluster 83 is class 0
Cluster 84 is class 4
Cluster 85 is class 0
Cluster 86 is class 0
Cluster 87 is class 0
Cluster 88 is class 6
Cluster 89 is class 0
Cluster 90 is class 0
Cluster 91 is class 0
Cluster 92 is class 0
Cluster 93 is class 0
Cluster 94 is class 4
Cluster 95 is class 0
Cluster 96 is class 0
Cluster 97 is class 8
Cluster 98 is class 0
Cluster 99 is class 0

Overall Accuracy is 0.328325

