----------------------------For Number of clusters 99----------------------------
Avg Clusters:
2.508765 10.843277 2.482016 3.091569 2.519943 6.594841 2.494961 4.672749 2.491712 10.518796 
2.514193 9.941117 2.492284 3.652719 2.493019 3.484292 2.472901 11.170127 2.480204 7.077209 
2.535409 2.799083 2.465592 6.197755 2.504005 4.438929 2.559490 3.009379 2.528296 10.664664 
2.484349 7.169649 2.513326 3.374331 2.483538 10.332919 2.498513 4.099692 2.524788 3.046764 
2.510141 10.265239 2.513503 3.529501 2.506670 6.965401 2.538178 10.294848 2.478905 2.724458 
2.526437 7.487769 2.511330 10.141164 2.499925 3.005402 2.490321 10.769596 2.471512 10.615327 
2.475442 9.467881 2.545971 11.055574 2.513521 11.025055 2.537528 3.783554 2.513797 2.916832 
2.479274 6.686423 2.518572 5.467754 2.493217 10.364287 2.494025 7.888620 2.496555 11.184270 
2.506590 9.074947 2.495050 7.493896 2.525721 11.230367 2.504282 10.667112 2.485454 3.028849 
2.473145 5.668132 2.516222 10.666233 2.485731 2.767958 2.511556 2.924425 2.461697 8.887424 
2.499880 2.906620 2.503472 7.327667 2.547468 11.126122 2.517179 3.368610 2.466180 10.282653 
2.507972 11.551968 2.456710 7.572217 2.506963 3.525732 2.519812 9.159368 2.557349 11.068012 
2.497196 2.830891 2.528295 5.953164 2.514206 7.415634 2.511191 9.945154 2.477642 3.656646 
2.480823 10.472404 2.516083 2.799021 2.512341 11.454774 2.523350 3.320573 2.489242 9.661078 
2.526733 3.626172 2.482753 2.660882 2.493802 6.642988 2.538267 10.491969 2.514929 9.476663 
2.476284 3.224970 2.461259 8.168643 2.513475 2.597628 2.473656 11.357229 2.492589 3.913152 
2.475041 6.351756 2.489783 10.195344 2.537822 2.866640 2.564289 3.405089 2.471285 2.836929 
2.514198 11.156780 2.516605 10.420407 2.519552 2.727891 2.491577 7.878956 2.469197 3.702563 
2.480772 2.668151 2.479362 4.839792 2.476466 11.529993 2.488864 10.592947 2.547587 6.568300 
2.481361 2.455085 2.520014 11.012523 2.472023 4.189504 2.540499 10.579008 2.515744 10.471010 
2.543424 4.668374 2.502762 2.415913 2.534699 10.630033 2.472985 10.761867 2.474586 2.703834 
2.503316 11.892158 2.446038 8.270225 2.516330 9.034566 2.469745 4.508538 2.472812 3.194131 
2.522207 8.441692 2.428816 11.782006 2.509575 9.321571 2.501100 10.990302 2.527585 3.423437 
2.484592 3.278429 2.482249 7.029555 2.503154 3.450171 2.447919 7.290593 2.511353 11.123356 
2.535605 3.382036 2.508901 11.290236 2.509441 7.120842 2.470509 11.025985 2.514656 3.109153 
2.504281 2.431935 2.509917 10.540668 2.502568 5.909033 2.519692 3.575057 2.508918 6.087186 
2.508970 7.164424 2.465902 3.124522 2.482192 3.033373 2.495779 3.602097 2.506529 4.059293 
2.512504 11.420050 2.472618 9.752604 2.500815 3.306766 2.479632 2.665746 2.524973 5.415374 
2.498971 2.343423 2.527268 5.464672 2.513806 2.917081 2.474447 3.764792 2.473504 3.585663 
2.501119 10.804447 2.510503 2.822349 2.500830 8.797372 2.502490 11.161698 2.522558 10.710460 
2.486548 11.407175 2.486239 2.905989 2.495207 11.359035 2.463045 10.877848 2.487991 5.156479 
2.479442 3.325401 2.487261 2.425629 2.495081 10.817708 2.511814 5.201883 2.487850 7.421340 
2.508764 11.479174 2.474575 3.015186 2.496789 6.926501 2.517615 3.150816 2.468153 3.826362 
2.469593 11.038805 2.474111 2.390710 2.448743 2.665238 2.488243 8.807599 2.554269 11.190085 
2.552330 10.571505 2.542294 7.180197 2.490681 10.937366 2.498118 3.505466 2.485573 7.207079 
2.508408 11.067812 2.474685 11.405770 2.500230 2.828540 2.482312 4.977304 2.476339 10.542406 
2.476531 4.964172 2.566015 2.505641 2.486435 3.624580 2.524158 11.088623 2.500474 2.941176 
2.525604 7.471675 2.521924 11.432229 2.512562 10.094175 2.496479 10.211794 2.494639 11.077052 
2.507972 3.483576 2.520781 11.541866 2.496036 8.067526 2.503355 3.408992 2.472859 11.415352 
2.483365 11.455535 2.501829 10.691375 2.502631 9.826420 2.528856 6.686558 2.551690 10.511105 
2.454458 7.521916 2.510584 6.788647 2.508018 5.922600 2.506521 6.390100 2.492303 6.710819 
2.516704 2.833571 2.491852 10.338562 2.488185 11.916073 2.462722 10.512935 2.496028 3.515685 
2.459956 11.247648 2.545143 4.637099 2.489582 2.395956 2.487736 3.018549 2.527824 9.143824 
2.448800 2.822066 2.461793 2.817221 2.507377 2.473574 2.472473 9.235631 2.521031 6.601079 
2.489304 2.598879 2.572163 10.753386 2.492387 11.013825 2.509668 7.681270 2.486502 9.908361 
2.431050 11.633591 2.512265 10.684530 2.512818 10.996906 2.534917 10.323867 2.505967 6.916354 
2.529617 7.422036 2.528718 11.029268 2.465188 11.269104 2.527020 2.938268 2.487264 10.570373 
2.508918 9.396596 2.532607 8.785568 2.511232 4.033084 2.540095 2.362151 2.513002 11.906331 
2.469038 4.878766 2.501778 2.497699 2.456485 9.692992 2.467992 2.520816 2.524268 11.398326 
2.533105 3.211489 2.456416 11.551015 2.440602 2.784129 2.490712 7.814899 2.529580 3.485758 
2.485240 7.620511 2.480676 6.564060 2.440657 7.742848 2.466372 2.693396 2.562690 11.141509 
2.504739 3.380367 2.495612 3.105885 2.543583 11.461916 2.500995 10.912484 2.479115 11.428454 
2.522754 2.320628 2.481058 4.287364 2.501271 11.085355 2.520790 4.916378 2.529337 2.490067 
2.487260 3.437316 2.522891 2.147193 2.521165 3.210537 2.506954 3.664806 2.525023 9.125977 
2.485275 5.356926 2.501879 8.729487 2.531693 10.773967 2.501515 6.438492 2.591201 2.919888 
2.480873 6.660923 2.531932 2.839867 2.502687 6.923332 2.501897 2.340816 2.470281 6.905944 
2.484504 6.490239 2.505680 3.581449 2.513841 3.159149 2.435646 11.084372 2.452961 11.465534 
2.531401 5.053883 2.428094 8.114084 2.496965 10.695900 2.465378 2.224700 2.528304 5.692679 
2.517630 3.592107 2.505134 10.752320 2.535074 7.339230 2.472597 10.950513 2.484350 7.606829 
2.540167 3.131444 2.475988 11.863416 2.562197 2.579233 2.495961 6.096196 2.532677 10.733147 
2.543948 2.710713 2.471293 11.820657 2.496301 11.170465 2.480172 3.102841 2.466114 6.327316 
2.461623 11.388471 2.450345 2.761435 2.501096 11.744361 2.470238 3.181861 2.536967 3.290414 
2.462416 10.421091 2.516125 7.849172 2.486818 6.867321 2.464623 11.662906 2.508400 6.773636 
2.498479 11.428832 2.512976 3.208637 2.499696 2.499797 2.539234 7.437652 2.537814 3.473439 
2.502559 3.445986 2.519801 10.818966 2.466325 7.460668 2.502155 2.989898 2.481816 2.060480 
2.546368 10.472153 2.468371 11.587322 2.492892 7.219512 2.416330 2.762489 2.486892 6.957219 
2.503807 2.582176 2.540081 10.174205 2.460367 12.017913 2.490372 3.135244 2.547246 2.349530 
2.410104 7.868125 2.516875 11.230833 2.510938 2.894271 2.494167 11.461354 2.533125 3.822708 
2.530327 11.206891 2.503334 8.937282 2.488727 9.892823 2.476977 11.677358 2.455541 11.679263 
2.528420 6.946371 2.535164 5.235549 2.435774 2.702152 2.444605 7.910244 2.457450 2.326429 
2.551026 6.394526 2.536905 2.763721 2.546950 2.903188 2.440821 6.238317 2.461639 11.243267 
2.468323 4.297231 2.518209 7.884105 2.518399 2.379363 2.511381 8.383725 2.536798 7.116464 
2.534003 8.244769 2.520787 2.921256 2.510876 11.285242 2.496558 7.882159 2.535380 6.589895 
2.486882 11.557718 2.492348 11.512899 2.514867 11.693922 2.466113 2.697639 2.502842 7.971360 
2.489362 11.484812 2.486150 11.828851 2.498461 4.305634 2.488024 10.904188 2.500468 8.205540 
2.528563 7.994151 2.500097 3.151297 2.493469 2.786313 2.507896 2.187561 2.451745 11.570482 
2.501260 11.429928 2.504167 4.278930 2.539833 2.545455 2.523551 2.348323 2.445241 2.721458 
2.451238 11.391060 2.511223 3.642608 2.483359 11.117647 2.523220 7.675697 2.552051 2.172601 
2.490668 8.397343 2.546998 7.435682 2.512359 6.490499 2.470489 2.692450 2.464604 2.455692 
2.507527 3.258484 2.474611 7.503062 2.478566 7.910819 2.525134 11.383516 2.481373 11.461470 
2.549581 2.179120 2.526536 4.564420 2.438897 2.438897 2.530377 11.548708 2.499825 10.903282 
2.492483 2.207737 2.531536 3.488999 2.414375 8.962963 2.453062 2.054822 2.494683 5.718188 
2.519363 10.741512 2.476525 6.822016 2.516844 2.912732 2.520690 11.702520 2.520027 2.599072 
2.513264 7.457068 2.451832 4.302792 2.515707 11.302618 2.500175 12.037347 2.479407 8.732984 
2.553999 11.857071 2.483969 10.330240 2.453088 7.095680 2.538306 10.747722 2.468275 2.308302 
2.557915 7.012850 2.486704 11.655006 2.420489 6.602356 2.556666 6.645012 2.506514 6.648760 
2.495471 7.897204 2.462387 11.175069 2.483064 6.033281 2.509649 6.507483 2.497834 11.838716 
2.440159 9.779380 2.518745 11.784066 2.502704 6.110671 2.502704 5.860130 2.538032 2.104542 
2.496909 2.328640 2.500172 2.888393 2.546188 9.691106 2.496909 6.189045 2.496394 11.797047 
2.448802 6.197465 2.515944 9.768865 2.560507 11.565459 2.494949 11.459101 2.557734 7.446227 
2.502299 3.769253 2.395690 5.906609 2.476437 9.406322 2.481609 1.962931 2.389943 2.045115 
2.531812 6.411710 2.517981 11.625634 2.509221 11.665284 2.449285 7.199862 2.476948 6.186953 
2.430268 12.018135 2.579231 5.697539 2.492876 7.087003 2.502375 7.224741 2.462867 6.516623 
2.527946 11.217334 2.479985 7.249622 2.453550 11.260008 2.464879 3.023603 2.491881 11.859894 
2.550026 11.638514 2.468547 4.776240 2.521991 11.851936 2.487997 8.639916 2.443490 10.751708 
2.482377 2.535591 2.485372 10.573140 2.494126 11.686017 2.491131 11.820088 2.537434 10.951624 
2.507905 11.544542 2.476286 11.198745 2.540276 7.258218 2.554078 2.422083 2.438896 11.668507 
2.464460 2.517770 2.503895 11.841772 2.445472 9.509250 2.543574 7.056232 2.465433 2.810613 
2.533527 2.846904 2.500684 2.126924 2.528395 5.748375 2.478960 5.225282 2.506842 2.651043 

Avg Classes:
2.501062 6.987991 2.500831 7.004122 2.500320 6.993248 2.501601 6.996249 2.500578 6.990609 
2.499498 7.005723 2.498374 7.006795 2.501292 7.002107 2.499690 7.004367 2.498954 6.983451 
2.499895 6.977804 2.500798 6.985700 2.497879 6.992608 2.496556 7.012830 2.497165 6.990719 
2.505279 7.053359 2.508546 7.025330 2.503622 7.027224 2.496757 7.017660 2.492969 7.021495 
2.515058 7.299356 2.473616 7.259717 2.514286 7.283912 2.472844 7.284170 2.470785 7.327413 
2.523547 7.069138 2.523547 7.098196 2.523547 7.013026 2.523547 6.972445 2.523547 6.891283 
2.484551 7.143258 2.502809 7.093399 2.549157 7.078652 2.497893 7.214185 2.465590 7.115169 
2.417391 6.704348 2.482609 6.821739 2.565217 6.452174 2.560870 6.960870 2.504348 6.700000 
2.416667 8.583333 2.416667 7.583333 2.416667 8.166667 2.416667 7.083333 2.416667 7.333333 
3.333333 7.666667 3.333333 7.666667 3.333333 12.000000 3.333333 8.000000 3.333333 11.666667 

Cluster 0 is class 0
Cluster 1 is class 6
Cluster 2 is class 0
Cluster 3 is class 0
Cluster 4 is class 0
Cluster 5 is class 0
Cluster 6 is class 5
Cluster 7 is class 9
Cluster 8 is class 4
Cluster 9 is class 0
Cluster 10 is class 0
Cluster 11 is class 8
Cluster 12 is class 7
Cluster 13 is class 8
Cluster 14 is class 0
Cluster 15 is class 0
Cluster 16 is class 0
Cluster 17 is class 0
Cluster 18 is class 0
Cluster 19 is class 0
Cluster 20 is class 0
Cluster 21 is class 8
Cluster 22 is class 0
Cluster 23 is class 0
Cluster 24 is class 0
Cluster 25 is class 0
Cluster 26 is class 7
Cluster 27 is class 0
Cluster 28 is class 0
Cluster 29 is class 4
Cluster 30 is class 8
Cluster 31 is class 0
Cluster 32 is class 0
Cluster 33 is class 0
Cluster 34 is class 8
Cluster 35 is class 0
Cluster 36 is class 7
Cluster 37 is class 9
Cluster 38 is class 0
Cluster 39 is class 8
Cluster 40 is class 0
Cluster 41 is class 0
Cluster 42 is class 7
Cluster 43 is class 0
Cluster 44 is class 9
Cluster 45 is class 8
Cluster 46 is class 9
Cluster 47 is class 0
Cluster 48 is class 0
Cluster 49 is class 7
Cluster 50 is class 8
Cluster 51 is class 9
Cluster 52 is class 0
Cluster 53 is class 7
Cluster 54 is class 5
Cluster 55 is class 0
Cluster 56 is class 0
Cluster 57 is class 0
Cluster 58 is class 0
Cluster 59 is class 0
Cluster 60 is class 0
Cluster 61 is class 8
Cluster 62 is class 0
Cluster 63 is class 7
Cluster 64 is class 0
Cluster 65 is class 8
Cluster 66 is class 0
Cluster 67 is class 7
Cluster 68 is class 9
Cluster 69 is class 0
Cluster 70 is class 0
Cluster 71 is class 0
Cluster 72 is class 8
Cluster 73 is class 8
Cluster 74 is class 4
Cluster 75 is class 0
Cluster 76 is class 0
Cluster 77 is class 8
Cluster 78 is class 0
Cluster 79 is class 0
Cluster 80 is class 7
Cluster 81 is class 7
Cluster 82 is class 0
Cluster 83 is class 8
Cluster 84 is class 8
Cluster 85 is class 0
Cluster 86 is class 0
Cluster 87 is class 0
Cluster 88 is class 9
Cluster 89 is class 3
Cluster 90 is class 0
Cluster 91 is class 8
Cluster 92 is class 8
Cluster 93 is class 9
Cluster 94 is class 9
Cluster 95 is class 9
Cluster 96 is class 8
Cluster 97 is class 0
Cluster 98 is class 7

Overall Accuracy is 0.294350

