----------------------------For Number of clusters 41----------------------------
Avg Clusters:
2.505400 10.196971 2.493699 3.108964 2.489474 4.975933 2.494031 9.871360 2.512971 9.676714 
2.497917 3.200838 2.516899 9.945448 2.518696 6.311947 2.523956 3.883996 2.504843 10.456723 
2.488516 5.585205 2.497243 9.762953 2.502392 2.359696 2.481214 4.066674 2.517472 10.161902 
2.489616 3.780689 2.522280 3.565157 2.474551 4.553091 2.509604 9.424995 2.500219 3.595188 
2.491443 8.862244 2.486636 4.197857 2.515204 11.074248 2.513721 10.013048 2.498256 10.104216 
2.526121 3.827991 2.496067 3.864981 2.518650 10.786997 2.479151 10.245031 2.503736 4.061039 
2.493053 10.960254 2.484823 10.003399 2.504622 7.263254 2.507156 3.492039 2.476624 10.142644 
2.492228 10.822731 2.529944 9.479585 2.501970 10.832952 2.513308 4.828720 2.511073 4.010700 
2.512545 2.890103 2.502740 4.279066 2.494002 9.399568 2.501111 9.720993 2.505584 10.727421 
2.495222 9.507044 2.483547 3.090049 2.517611 9.411404 2.495911 3.837217 2.493966 3.767069 
2.494826 3.826231 2.523647 10.410762 2.495031 4.072431 2.488396 10.647054 2.500380 10.035134 
2.506476 3.191039 2.475787 4.211476 2.482656 10.058508 2.493626 3.266225 2.492499 4.062882 
2.495972 10.262588 2.522611 4.674933 2.486198 2.918032 2.490210 4.114762 2.483271 3.815308 
2.499726 10.250701 2.458238 9.737317 2.505428 9.380577 2.518602 11.245611 2.498116 4.043517 
2.512250 3.396103 2.516222 3.921691 2.521448 3.266996 2.482607 3.230496 2.498035 5.199348 
2.510429 10.440455 2.497149 10.434824 2.496972 3.045327 2.484011 10.182301 2.500584 3.952725 
2.496380 4.360254 2.536436 10.845503 2.498685 10.867008 2.496704 9.955585 2.514030 10.009870 
2.488118 4.718486 2.484695 3.390488 2.497376 9.724256 2.509111 3.229455 2.493138 10.729602 
2.490256 6.004753 2.494534 10.453180 2.490779 9.634614 2.507130 2.664179 2.537694 3.600532 
2.510110 4.240720 2.491935 3.143759 2.510746 3.097415 2.499023 4.893680 2.496979 11.055750 
2.502646 10.763487 2.496862 3.447918 2.492636 4.489313 2.534113 10.601846 2.500431 3.138626 
2.499812 3.867365 2.491135 10.363834 2.490985 3.336075 2.545038 4.077042 2.465217 3.383292 
2.474075 10.737262 2.549556 3.421877 2.502044 11.029963 2.488832 10.345498 2.482600 3.847642 
2.490478 10.791872 2.488017 2.963725 2.496656 4.793823 2.495448 3.049280 2.494241 10.209243 
2.521391 10.897113 2.502251 10.601409 2.519482 9.495658 2.494521 10.053285 2.490475 10.617368 
2.497431 10.969867 2.471911 10.655162 2.521607 4.820252 2.491941 3.264950 2.493985 2.905454 
2.504043 10.353560 2.503256 11.004866 2.512415 2.454955 2.496673 3.969660 2.500751 6.969946 
2.496341 11.028259 2.511939 4.311814 2.496438 11.270749 2.487146 3.647603 2.501059 10.132967 
2.550124 6.900137 2.519747 10.436803 2.460203 11.448448 2.505191 3.227959 2.496567 10.660807 
2.515868 3.086506 2.475934 10.607906 2.487955 3.553991 2.500679 10.589599 2.529850 3.544234 
2.529780 10.582695 2.455345 11.056269 2.477625 2.917843 2.482499 9.122096 2.491234 10.732008 
2.516046 10.660132 2.534078 6.298511 2.485856 2.279322 2.494541 5.154673 2.546733 11.027295 
2.509874 3.213183 2.483457 10.508797 2.524904 9.401385 2.494281 11.025032 2.472993 3.806668 
2.514860 2.316677 2.501233 9.391694 2.487995 11.402596 2.511291 4.232836 2.460934 8.066905 
2.504762 3.648988 2.482278 3.661896 2.508146 2.998334 2.488940 11.146047 2.509967 10.079217 
2.494733 9.651333 2.493417 7.306616 2.521889 3.288512 2.525922 11.718894 2.482637 10.678818 
2.491200 6.853000 2.483657 7.100067 2.533523 6.702565 2.473936 7.282099 2.505615 6.529920 
2.467400 4.886800 2.531761 10.107997 2.510951 11.919611 2.502643 8.432324 2.544264 2.852815 
2.433089 6.344591 2.471072 6.930396 2.519922 2.696916 2.461576 11.521292 2.444836 4.443759 
2.463228 7.266548 2.498949 11.526056 2.486237 6.665896 2.487077 7.610527 2.562198 2.892519 
2.519755 1.961280 2.511853 10.982517 2.494765 9.701600 2.508198 4.057586 2.476985 3.097392 

Avg Classes:
2.501062 6.987991 2.500831 7.004122 2.500320 6.993248 2.501601 6.996249 2.500578 6.990609 
2.499498 7.005723 2.498374 7.006795 2.501292 7.002107 2.499690 7.004367 2.498954 6.983451 
2.499895 6.977804 2.500798 6.985700 2.497879 6.992608 2.496556 7.012830 2.497165 6.990719 
2.505279 7.053359 2.508546 7.025330 2.503622 7.027224 2.496757 7.017660 2.492969 7.021495 
2.515058 7.299356 2.473616 7.259717 2.514286 7.283912 2.472844 7.284170 2.470785 7.327413 
2.523547 7.069138 2.523547 7.098196 2.523547 7.013026 2.523547 6.972445 2.523547 6.891283 
2.484551 7.143258 2.502809 7.093399 2.549157 7.078652 2.497893 7.214185 2.465590 7.115169 
2.417391 6.704348 2.482609 6.821739 2.565217 6.452174 2.560870 6.960870 2.504348 6.700000 
2.416667 8.583333 2.416667 7.583333 2.416667 8.166667 2.416667 7.083333 2.416667 7.333333 
3.333333 7.666667 3.333333 7.666667 3.333333 12.000000 3.333333 8.000000 3.333333 11.666667 

Cluster 0 is class 0
Cluster 1 is class 0
Cluster 2 is class 7
Cluster 3 is class 0
Cluster 4 is class 9
Cluster 5 is class 0
Cluster 6 is class 8
Cluster 7 is class 8
Cluster 8 is class 9
Cluster 9 is class 0
Cluster 10 is class 0
Cluster 11 is class 0
Cluster 12 is class 7
Cluster 13 is class 4
Cluster 14 is class 7
Cluster 15 is class 0
Cluster 16 is class 9
Cluster 17 is class 0
Cluster 18 is class 5
Cluster 19 is class 0
Cluster 20 is class 0
Cluster 21 is class 0
Cluster 22 is class 1
Cluster 23 is class 0
Cluster 24 is class 8
Cluster 25 is class 5
Cluster 26 is class 0
Cluster 27 is class 8
Cluster 28 is class 9
Cluster 29 is class 7
Cluster 30 is class 3
Cluster 31 is class 0
Cluster 32 is class 0
Cluster 33 is class 0
Cluster 34 is class 7
Cluster 35 is class 0
Cluster 36 is class 0
Cluster 37 is class 0
Cluster 38 is class 0
Cluster 39 is class 0
Cluster 40 is class 0

Overall Accuracy is 0.294050

