Avg Clusters:
2.470151 3.486595 2.479248 6.672688 2.517560 4.223836 2.497310 7.050908 2.506538 3.213470 
2.481420 3.942157 2.509515 2.754958 2.493339 4.075571 2.506911 11.025741 2.523187 3.597706 
2.518739 10.508874 2.519799 4.067349 2.515512 3.981054 2.500576 6.321717 2.513668 11.307104 
2.522585 9.914555 2.491451 11.222753 2.497735 3.485004 2.487942 4.168891 2.478231 7.350063 
2.477935 10.208624 2.466915 10.525153 2.530210 6.619217 2.481821 3.078360 2.532180 2.908118 
2.518245 7.296916 2.500163 2.789259 2.465628 4.681636 2.469917 3.939672 2.479909 3.206288 
2.466889 6.927556 2.563768 10.847777 2.490767 10.368291 2.504680 7.279102 2.581828 4.022917 
2.512014 3.262651 2.558355 10.580999 2.521482 11.359761 2.520706 7.730705 2.486602 9.575905 
2.502954 3.156274 2.522943 6.523719 2.492690 10.125246 2.507966 11.017901 2.510770 3.826601 
2.502846 10.781787 2.508412 9.920695 2.469948 3.132216 2.506974 7.066733 2.480205 2.487898 
2.514099 10.550479 2.491252 3.360965 2.516929 10.921272 2.501286 9.162036 2.487753 11.082793 
2.500756 3.905977 2.492146 4.563407 2.525899 2.616533 2.486467 4.110785 2.498466 10.547744 
2.500994 3.238389 2.497986 3.293449 2.486515 10.142034 2.490645 3.137803 2.491919 3.743513 
2.502876 10.841347 2.502370 3.500529 2.508904 3.913128 2.518888 10.455114 2.516496 3.163622 
2.493919 4.574993 2.496973 3.144933 2.499342 10.414214 2.485233 3.456225 2.494762 11.198894 
2.490338 11.074809 2.497049 3.577760 2.512786 10.507926 2.504455 2.774242 2.491437 9.910842 
2.511472 9.395400 2.489885 10.839851 2.507629 5.904103 2.495027 11.196881 2.497288 4.397943 
2.495279 10.638208 2.513660 9.939233 2.493973 2.016372 2.491262 11.406589 2.516071 4.396143 
2.486065 9.763902 2.493559 10.139280 2.492047 3.233009 2.497042 3.085645 2.494610 11.779611 
2.526535 10.519479 2.518454 10.921602 2.508744 10.602702 2.501869 9.952539 2.482994 10.759679 
2.493698 10.536408 2.518135 3.381089 2.491056 10.581430 2.479388 6.957345 2.497881 2.925698 
2.520199 8.902365 2.500654 2.910130 2.504057 4.567228 2.478056 2.148329 2.490010 10.415147 
2.530013 2.861854 2.483904 9.645891 2.473859 3.541994 2.534007 2.673787 2.438340 5.010226 
2.519408 6.743949 2.501988 9.550158 2.514264 2.767567 2.461768 10.237636 2.486321 10.679703 
2.474861 6.803671 2.572795 2.694324 2.529997 9.218384 2.488742 10.861505 2.446484 3.521360 
2.527318 11.407781 2.488162 6.946689 2.497930 3.570861 2.493957 11.307036 2.515646 10.676738 
2.532559 11.830569 2.423272 10.054120 2.543820 9.842004 2.508991 7.409654 2.459323 3.554382 
2.503630 3.121923 2.494701 11.427689 2.500042 8.390553 2.479763 11.216390 2.546441 6.689226 
2.542079 3.337939 2.490788 3.409246 2.506767 7.159388 2.519163 10.871318 2.491186 10.709655 
2.507906 11.244709 2.481449 10.611492 2.476033 10.179221 2.483752 3.088521 2.497136 9.536168 
2.467045 10.618228 2.500093 2.362689 2.495904 3.436045 2.464159 11.250884 2.514429 9.096816 
2.498797 5.630281 2.500226 10.832882 2.502857 10.974590 2.500977 2.375357 2.521952 5.540295 
2.511932 2.499144 2.552512 2.858020 2.517471 3.165240 2.475582 3.464404 2.481220 4.217501 
2.480766 11.132031 2.446820 3.642222 2.528199 9.954023 2.539310 2.333870 2.517548 3.515479 
2.448965 3.097557 2.506224 3.484985 2.522250 11.655438 2.500934 8.540377 2.489108 10.505368 
2.510863 2.392912 2.509091 10.549461 2.459091 9.820108 2.517103 3.710247 2.493297 2.747458 
2.472936 3.300966 2.507449 10.922513 2.531631 2.741559 2.556338 4.061990 2.508722 10.730928 
2.516719 3.338408 2.526896 11.403917 2.501668 3.156760 2.517404 8.307278 2.558967 6.550671 
2.532268 2.527311 2.428181 2.368602 2.506676 11.005462 2.478859 9.318632 2.490492 3.725066 
2.500434 8.822523 2.503163 5.390549 2.547439 11.794121 2.503783 11.268138 2.524123 3.209351 
2.524883 2.663196 2.457828 6.945076 2.487153 10.832840 2.520680 3.017480 2.501098 7.872003 
2.482444 6.157394 2.526782 7.649440 2.456651 7.660360 2.501836 3.363080 2.486680 10.283536 
2.443566 11.130650 2.480612 10.635466 2.480119 11.223759 2.497530 11.426525 2.511978 5.419486 
2.549811 6.197406 2.451936 4.109466 2.484040 2.646859 2.464171 9.481648 2.499770 7.238157 
2.506452 2.685054 2.524839 8.002043 2.497097 2.827419 2.467957 11.757204 2.459570 6.584301 
2.474882 11.040682 2.462569 10.881107 2.521474 5.782998 2.517730 7.762510 2.493006 10.845154 
2.504889 11.183996 2.459257 11.903520 2.473924 2.672588 2.502934 10.940189 2.507008 9.564211 
2.532967 11.176881 2.518385 5.793111 2.429628 7.911560 2.483833 10.692308 2.469041 7.319632 
2.518490 4.165579 2.486884 6.379655 2.542802 11.202559 2.483813 6.265515 2.495202 2.470377 
2.494390 2.515350 2.454691 2.833189 2.483911 6.248058 2.528295 2.766737 2.531377 10.183824 
2.494408 7.386629 2.513334 6.747450 2.475114 7.326779 2.550326 3.234976 2.483593 3.467494 
2.483605 3.815045 2.480819 11.656344 2.469889 3.055722 2.518538 9.416095 2.530862 2.225997 
2.452343 5.984727 2.528020 11.105305 2.546509 2.985645 2.505627 3.154571 2.499885 2.401470 
2.491935 2.477571 2.499622 3.208417 2.495716 2.360509 2.517767 10.777218 2.495086 10.634073 
2.470403 11.712112 2.525924 6.575882 2.524559 4.697208 2.412573 2.724496 2.457389 6.661524 
2.501402 7.424826 2.517620 5.415925 2.491282 10.903304 2.481649 6.975979 2.463236 7.553713 
2.546840 2.636544 2.474626 11.382006 2.475553 11.151451 2.476348 9.732211 2.469856 2.665695 
2.464769 3.559988 2.497444 9.805653 2.461963 9.379172 2.481207 11.406435 2.536634 11.881728 
2.457018 2.393075 2.485009 8.228973 2.463518 3.623640 2.521624 9.405545 2.541390 11.724595 
2.469588 7.859516 2.553434 6.492086 2.483976 2.048398 2.509614 3.103859 2.522041 5.912623 
2.461618 5.573449 2.491381 2.763813 2.545160 11.292766 2.508767 11.935170 2.533225 8.554000 
2.570266 4.181607 2.471584 11.612891 2.471454 6.832601 2.505683 6.804831 2.464221 11.215448 
2.498542 7.088140 2.450097 10.838464 2.549255 10.764258 2.470512 11.753078 2.484770 2.517660 
2.475335 10.987698 2.467831 2.241481 2.488006 6.348013 2.507566 6.282200 2.484438 6.805019 
2.487520 7.555887 2.479110 6.522382 2.464460 7.793814 2.501221 10.814704 2.483993 11.470564 
2.496232 2.950413 2.513126 10.421852 2.518838 11.160063 2.464268 2.812470 2.496354 11.480311 
2.519939 2.234572 2.504473 6.698560 2.544807 7.125853 2.494617 6.209553 2.521607 9.971039 
2.477083 11.746875 2.481994 2.334226 2.503869 10.713393 2.514583 11.459673 2.504315 5.283780 
2.517984 9.947490 2.472783 7.004232 2.513176 7.578380 2.556838 3.513753 2.554145 12.048279 
2.530605 2.351909 2.465924 6.786041 2.493514 11.251051 2.439978 11.577014 2.484926 8.587064 
2.535908 3.057483 2.476765 11.809897 2.570610 7.260410 2.443724 2.939650 2.516445 7.711074 
2.497484 7.010064 2.526139 2.347917 2.481968 11.249511 2.529913 3.598267 2.475678 6.716522 
2.474727 11.605073 2.454916 7.292168 2.454731 9.324570 2.555823 11.294205 2.536197 2.027402 
2.535526 11.591746 2.487560 3.484091 2.496770 3.020096 2.505024 3.428349 2.475598 2.567823 
2.488860 11.435326 2.508735 6.007694 2.502324 2.407758 2.552973 7.477160 2.520436 6.284020 
2.459105 6.848611 2.533179 2.720833 2.445988 3.052315 2.438735 9.816667 2.488117 11.912809 
2.389857 11.619150 2.459761 2.538868 2.455257 2.234972 2.580967 3.015077 2.513805 8.289798 
2.520041 8.657025 2.524152 7.487594 2.526501 11.929232 2.490236 2.740420 2.511525 2.821906 
2.469795 2.798045 2.487390 12.014663 2.518084 3.380645 2.537243 11.610362 2.461779 10.609189 
2.553582 3.246538 2.489615 2.440247 2.456954 6.453191 2.552529 7.197923 2.477273 7.241421 
2.491161 7.222713 2.489816 11.434473 2.555342 7.119139 2.535165 11.507110 2.461184 9.720407 
2.495850 11.764357 2.571574 7.040996 2.540403 11.596307 2.507877 5.969676 2.542097 7.920210 
2.466316 2.774009 2.564740 10.281175 2.467750 6.222408 2.556140 2.088151 2.452222 11.899666 
2.485093 11.417081 2.562267 11.164596 2.479503 11.562267 2.527174 2.980280 2.495652 3.273292 
2.481436 8.121841 2.496252 7.844518 2.418860 11.962001 2.499564 5.048283 2.553774 11.855325 
2.518948 8.981570 2.538621 2.040174 2.551874 7.574239 2.505695 11.544005 2.550839 10.423483 
2.545870 7.924242 2.511831 7.494604 2.516812 11.841428 2.525529 11.745745 2.534869 8.707347 
2.460337 6.416943 2.444583 7.707020 2.521282 3.442648 2.492261 11.521421 2.480514 2.399668 
2.550091 2.550091 2.520690 9.948276 2.526497 6.308530 2.523230 11.570780 2.440653 2.560073 
2.562532 7.568760 2.534856 12.030272 2.498703 10.070403 2.566165 3.117800 2.450268 11.250476 

Avg Classes:
2.501062 6.987991 2.500831 7.004122 2.500320 6.993248 2.501601 6.996249 2.500578 6.990609 
2.499498 7.005723 2.498374 7.006795 2.501292 7.002107 2.499690 7.004367 2.498954 6.983451 
2.499895 6.977804 2.500798 6.985700 2.497879 6.992608 2.496556 7.012830 2.497165 6.990719 
2.505279 7.053359 2.508546 7.025330 2.503622 7.027224 2.496757 7.017660 2.492969 7.021495 
2.515058 7.299356 2.473616 7.259717 2.514286 7.283912 2.472844 7.284170 2.470785 7.327413 
2.523547 7.069138 2.523547 7.098196 2.523547 7.013026 2.523547 6.972445 2.523547 6.891283 
2.484551 7.143258 2.502809 7.093399 2.549157 7.078652 2.497893 7.214185 2.465590 7.115169 
2.417391 6.704348 2.482609 6.821739 2.565217 6.452174 2.560870 6.960870 2.504348 6.700000 
2.416667 8.583333 2.416667 7.583333 2.416667 8.166667 2.416667 7.083333 2.416667 7.333333 
3.333333 7.666667 3.333333 7.666667 3.333333 12.000000 3.333333 8.000000 3.333333 11.666667 

Cluster 0 is class 0
Cluster 1 is class 0
Cluster 2 is class 3
Cluster 3 is class 0
Cluster 4 is class 0
Cluster 5 is class 0
Cluster 6 is class 0
Cluster 7 is class 9
Cluster 8 is class 0
Cluster 9 is class 0
Cluster 10 is class 9
Cluster 11 is class 0
Cluster 12 is class 0
Cluster 13 is class 0
Cluster 14 is class 0
Cluster 15 is class 8
Cluster 16 is class 0
Cluster 17 is class 0
Cluster 18 is class 0
Cluster 19 is class 9
Cluster 20 is class 8
Cluster 21 is class 0
Cluster 22 is class 0
Cluster 23 is class 0
Cluster 24 is class 0
Cluster 25 is class 0
Cluster 26 is class 8
Cluster 27 is class 0
Cluster 28 is class 0
Cluster 29 is class 8
Cluster 30 is class 0
Cluster 31 is class 0
Cluster 32 is class 7
Cluster 33 is class 8
Cluster 34 is class 9
Cluster 35 is class 0
Cluster 36 is class 0
Cluster 37 is class 7
Cluster 38 is class 0
Cluster 39 is class 0
Cluster 40 is class 0
Cluster 41 is class 0
Cluster 42 is class 8
Cluster 43 is class 0
Cluster 44 is class 0
Cluster 45 is class 8
Cluster 46 is class 4
Cluster 47 is class 8
Cluster 48 is class 0
Cluster 49 is class 7
Cluster 50 is class 0
Cluster 51 is class 0
Cluster 52 is class 7
Cluster 53 is class 7
Cluster 54 is class 0
Cluster 55 is class 8
Cluster 56 is class 5
Cluster 57 is class 9
Cluster 58 is class 0
Cluster 59 is class 0
Cluster 60 is class 4
Cluster 61 is class 0
Cluster 62 is class 0
Cluster 63 is class 0
Cluster 64 is class 0
Cluster 65 is class 9
Cluster 66 is class 0
Cluster 67 is class 1
Cluster 68 is class 0
Cluster 69 is class 0
Cluster 70 is class 0
Cluster 71 is class 0
Cluster 72 is class 8
Cluster 73 is class 5
Cluster 74 is class 0
Cluster 75 is class 7
Cluster 76 is class 7
Cluster 77 is class 0
Cluster 78 is class 0
Cluster 79 is class 0
Cluster 80 is class 0
Cluster 81 is class 8
Cluster 82 is class 0
Cluster 83 is class 8
Cluster 84 is class 9
Cluster 85 is class 0
Cluster 86 is class 9
Cluster 87 is class 0
Cluster 88 is class 0
Cluster 89 is class 4

Overall Accuracy is 0.344493

