Avg Clusters:
2.496397 2.749884 2.459487 3.491678 2.502212 3.837484 2.515948 10.077192 2.489529 9.884928 
2.527104 4.205737 2.472341 6.144741 2.503799 11.036922 2.530732 3.716365 2.496799 3.202194 
2.509529 6.355257 2.500277 10.521144 2.505556 6.524061 2.489264 10.055866 2.477699 10.814954 
2.469266 10.681996 2.478543 3.402639 2.519075 10.214714 2.510145 4.561294 2.516496 2.673265 
2.539577 7.389769 2.478194 3.184246 2.493708 4.446206 2.509606 4.531844 2.470509 7.311720 
2.474850 4.410227 2.513374 4.903389 2.509295 3.320152 2.511381 10.946734 2.498864 2.889110 
2.496741 4.479975 2.458425 3.244718 2.539315 10.885052 2.487543 11.316041 2.515505 7.198570 
2.465845 3.734643 2.515676 11.018534 2.479441 10.543477 2.466178 7.440375 2.556351 3.861994 
2.477223 10.502619 2.478811 3.229459 2.531348 10.442410 2.497275 4.742924 2.505106 11.219830 
2.517916 4.164326 2.519610 2.775209 2.508958 10.238288 2.468224 9.138543 2.475306 2.569665 
2.507893 11.003100 2.459722 10.701054 2.517432 3.932513 2.487480 4.570134 2.504316 2.879907 
2.510586 11.444450 2.494183 3.461954 2.495598 6.182318 2.499476 10.079132 2.505974 10.031600 
2.491144 11.061618 2.500610 10.799291 2.508624 7.408502 2.495964 10.637261 2.475347 6.220919 
2.533554 3.116028 2.484894 10.981448 2.474530 3.421205 2.485464 10.098254 2.522776 3.569208 
2.503432 10.265215 2.498529 10.335687 2.491142 3.126626 2.494541 10.852847 2.494411 2.807413 
2.473724 3.484914 2.518015 4.356494 2.522116 10.996368 2.510692 9.140840 2.501142 11.463120 
2.511287 2.661793 2.504392 7.218225 2.489214 4.974035 2.501390 3.713889 2.522462 10.625709 
2.501277 10.601338 2.503832 3.222506 2.469647 3.172810 2.521655 7.108455 2.528345 3.103832 
2.472661 11.201368 2.500690 4.329572 2.496369 2.878819 2.504772 3.708721 2.538923 10.914351 
2.470788 8.164535 2.534652 6.939385 2.547863 3.014977 2.483716 2.717485 2.449029 3.574143 
2.509779 6.756321 2.442280 9.408650 2.537844 7.928049 2.510176 10.828987 2.493004 2.704246 
2.518139 10.130047 2.529163 3.146584 2.504358 7.528266 2.511088 11.195936 2.492052 3.292655 
2.526130 3.304832 2.487815 11.070151 2.528877 2.622693 2.527187 7.238414 2.552261 10.578180 
2.515213 11.051284 2.464576 8.813493 2.527728 3.363159 2.484500 9.984320 2.538373 11.493634 
2.475717 2.595136 2.502868 3.271506 2.498367 9.168058 2.471724 3.106425 2.458657 6.999564 
2.526326 3.930210 2.488813 2.799391 2.474341 6.263068 2.476245 3.267923 2.496620 2.428354 
2.468650 2.556110 2.511580 10.225946 2.501036 3.715308 2.482113 11.866786 2.491621 9.884485 
2.503474 10.768949 2.529469 10.701261 2.503088 10.961331 2.497298 6.475035 2.491700 3.528632 
2.499901 2.950056 2.451151 10.031505 2.485043 3.250315 2.526099 3.979903 2.479671 3.236917 
2.459402 10.303800 2.541744 5.089306 2.512386 11.837521 2.527638 10.443004 2.497487 3.143525 
2.521030 6.698700 2.527912 3.029229 2.525618 6.433342 2.511173 10.705158 2.474807 11.184893 
2.523044 7.110524 2.509834 8.909364 2.500367 11.279833 2.485469 6.292823 2.446646 10.330104 
2.532205 3.745843 2.462857 11.044804 2.494881 11.079224 2.432648 2.683320 2.507153 7.829134 
2.505139 11.152479 2.499063 10.871308 2.508047 6.116735 2.461703 3.054360 2.477668 8.549544 
2.525591 2.703231 2.515599 11.065172 2.495170 9.023093 2.528034 2.526590 2.485400 2.980460 
2.475292 3.504605 2.535246 2.485476 2.517092 2.842721 2.499646 3.684378 2.523114 10.774176 
2.497010 9.996668 2.476504 11.087491 2.503503 2.331425 2.485390 3.804853 2.490858 10.882348 
2.505344 3.523852 2.509105 11.121338 2.513757 3.253662 2.548397 2.373416 2.442399 8.214568 
2.493834 2.743296 2.497358 6.791544 2.547759 11.077021 2.536798 3.085242 2.491583 11.137405 
2.503902 2.728216 2.540997 7.109724 2.479570 8.428335 2.473786 10.797815 2.482325 6.773575 
2.497800 11.788175 2.493937 3.233394 2.471832 4.057302 2.463140 2.807168 2.495439 6.443932 
2.463706 8.942766 2.479837 2.960548 2.528714 2.417938 2.434263 11.248567 2.500632 6.766009 
2.525014 10.472001 2.474559 3.237777 2.505543 5.186327 2.486072 2.260375 2.458783 2.303724 
2.503535 10.962675 2.523125 6.952938 2.458792 7.129129 2.512693 6.907152 2.489973 3.444187 
2.482173 4.481567 2.493330 2.589862 2.424691 11.283410 2.532622 6.337133 2.537715 7.780742 
2.514754 7.995671 2.535149 6.849607 2.427595 10.306483 2.502450 2.039649 2.467358 10.487752 
2.493735 8.600070 2.489870 7.482843 2.499356 5.936292 2.516805 5.175430 2.457431 11.140180 
2.500318 9.835940 2.514435 11.989571 2.470177 2.484294 2.509348 10.557039 2.461274 9.557802 
2.487692 2.527055 2.555039 4.727125 2.532977 2.542847 2.448096 3.292267 2.491291 4.889457 
2.471479 11.404677 2.556075 4.122013 2.501474 10.432842 2.545399 2.428978 2.493137 7.062938 
2.488760 9.746274 2.482698 3.036752 2.462869 2.005178 2.480930 9.817504 2.543066 11.557590 
2.495989 11.168754 2.510859 10.663764 2.503620 11.683624 2.488848 3.189004 2.519077 8.469869 
2.509707 11.229122 2.582048 9.365160 2.478989 2.312633 2.509973 6.045080 2.542553 6.829388 
2.492672 5.510137 2.490596 7.389350 2.496336 2.659502 2.457132 8.008183 2.554470 6.796532 
2.507163 10.815345 2.495463 7.867001 2.467606 11.100287 2.519739 11.173034 2.506527 10.224451 
2.541573 11.550368 2.395587 9.840422 2.510233 10.532619 2.524304 11.716981 2.556284 2.740006 
2.508871 2.644160 2.532528 11.184943 2.507393 7.239773 2.593026 6.800517 2.481641 7.525998 
2.461412 11.426045 2.483619 2.512817 2.502536 10.861138 2.482659 11.104866 2.478410 6.933242 
2.551734 9.752277 2.502651 2.747791 2.516655 11.500612 2.489599 10.539361 2.492862 11.525357 
2.533608 3.241448 2.499534 2.485958 2.499933 8.005590 2.481565 5.093571 2.516571 11.606016 
2.483932 10.554820 2.491399 9.891682 2.516446 10.080151 2.492628 2.012004 2.527127 2.907467 
2.523505 8.281494 2.515268 11.950433 2.499361 9.695214 2.552904 3.337736 2.520949 11.810680 
2.514692 6.467237 2.489447 8.838874 2.495517 11.829770 2.512071 10.887985 2.503242 5.634294 
2.519004 2.455231 2.479858 11.348043 2.494235 9.723701 2.520569 11.761139 2.496940 3.278292 
2.443189 6.794441 2.543525 11.733659 2.498473 3.948534 2.509469 2.609194 2.489462 2.847129 
2.514195 7.163689 2.543554 11.695610 2.538707 11.337072 2.497715 11.033652 2.554632 10.789087 
2.534496 10.022697 2.493011 2.709605 2.544115 11.304825 2.417406 6.964678 2.468510 6.481587 
2.500483 7.246456 2.523196 11.862919 2.483570 3.577642 2.580541 6.772713 2.473582 5.895941 
2.404981 6.750575 2.459195 10.899808 2.570307 2.735824 2.529885 11.958046 2.550958 6.171648 
2.438106 6.751711 2.492014 9.679977 2.447233 7.400884 2.506845 2.812179 2.535653 6.076868 
2.503398 11.693234 2.524869 6.721038 2.501390 2.799042 2.554371 10.795335 2.479611 6.881681 
2.476937 6.003922 2.505882 11.323996 2.469841 4.098599 2.538749 2.582260 2.463492 11.824276 
2.533193 7.285504 2.471218 6.672899 2.385924 5.000210 2.490126 11.936555 2.460714 7.865756 
2.485475 2.476595 2.497907 9.223012 2.453381 9.908918 2.473551 11.126602 2.521248 11.740454 
2.486800 2.766127 2.538979 2.160897 2.458531 5.902366 2.498879 10.417933 2.544832 4.959402 
2.515796 2.597661 2.577005 11.358141 2.488609 11.107078 2.527643 6.738609 2.472357 11.172236 
2.478636 2.664495 2.494348 11.509293 2.488791 7.885035 2.499904 2.755509 2.495114 11.553938 
2.511786 5.031492 2.503683 2.327993 2.456906 11.453591 2.465562 2.302394 2.540331 11.028545 
2.515450 2.582475 2.519447 6.405688 2.505765 11.097310 2.510684 11.042890 2.497156 2.376326 
2.456402 2.788818 2.551130 6.795915 2.545771 6.758835 2.506373 6.814890 2.488847 2.639050 
2.528019 6.445297 2.523682 6.547698 2.521848 2.184123 2.489827 2.769179 2.485824 11.061374 
2.534339 4.779204 2.523427 6.681964 2.454108 2.383825 2.448010 10.549743 2.461810 11.949294 
2.523409 3.802412 2.497857 2.398191 2.465323 2.370894 2.568481 6.662435 2.456912 3.247262 
2.497079 11.212485 2.513938 4.557169 2.524954 2.774495 2.509932 11.521616 2.506593 2.248873 
2.485156 11.781045 2.477448 11.467171 2.515986 9.477591 2.505281 8.147731 2.511990 10.978304 
2.588392 11.135432 2.460736 6.858877 2.470220 10.534522 2.479894 6.592375 2.540212 7.501897 
2.518860 6.791282 2.536630 11.416932 2.503437 10.877117 2.548198 3.722213 2.519195 2.380386 
2.498798 7.111595 2.493091 2.728147 2.476419 11.103635 2.496245 2.412737 2.495494 5.059177 
2.443615 7.889221 2.607418 12.083893 2.515808 11.688325 2.440129 11.004481 2.496141 2.976351 
2.534768 12.072848 2.506209 7.724959 2.479098 8.085886 2.535182 2.741722 2.492550 11.848096 
2.532783 2.623096 2.488790 11.430626 2.565990 11.296743 2.531091 11.301607 2.475677 7.923435 
2.466932 7.999481 2.468317 2.377251 2.503636 6.292936 2.486150 2.565443 2.496884 11.434037 

Avg Classes:
2.501062 6.987991 2.500831 7.004122 2.500320 6.993248 2.501601 6.996249 2.500578 6.990609 
2.499498 7.005723 2.498374 7.006795 2.501292 7.002107 2.499690 7.004367 2.498954 6.983451 
2.499895 6.977804 2.500798 6.985700 2.497879 6.992608 2.496556 7.012830 2.497165 6.990719 
2.505279 7.053359 2.508546 7.025330 2.503622 7.027224 2.496757 7.017660 2.492969 7.021495 
2.515058 7.299356 2.473616 7.259717 2.514286 7.283912 2.472844 7.284170 2.470785 7.327413 
2.523547 7.069138 2.523547 7.098196 2.523547 7.013026 2.523547 6.972445 2.523547 6.891283 
2.484551 7.143258 2.502809 7.093399 2.549157 7.078652 2.497893 7.214185 2.465590 7.115169 
2.417391 6.704348 2.482609 6.821739 2.565217 6.452174 2.560870 6.960870 2.504348 6.700000 
2.416667 8.583333 2.416667 7.583333 2.416667 8.166667 2.416667 7.083333 2.416667 7.333333 
3.333333 7.666667 3.333333 7.666667 3.333333 12.000000 3.333333 8.000000 3.333333 11.666667 

Cluster 0 is class 0
Cluster 1 is class 0
Cluster 2 is class 4
Cluster 3 is class 0
Cluster 4 is class 7
Cluster 5 is class 0
Cluster 6 is class 0
Cluster 7 is class 5
Cluster 8 is class 8
Cluster 9 is class 0
Cluster 10 is class 0
Cluster 11 is class 4
Cluster 12 is class 8
Cluster 13 is class 7
Cluster 14 is class 0
Cluster 15 is class 9
Cluster 16 is class 0
Cluster 17 is class 0
Cluster 18 is class 0
Cluster 19 is class 0
Cluster 20 is class 0
Cluster 21 is class 0
Cluster 22 is class 0
Cluster 23 is class 0
Cluster 24 is class 0
Cluster 25 is class 0
Cluster 26 is class 0
Cluster 27 is class 8
Cluster 28 is class 0
Cluster 29 is class 4
Cluster 30 is class 0
Cluster 31 is class 9
Cluster 32 is class 0
Cluster 33 is class 4
Cluster 34 is class 0
Cluster 35 is class 0
Cluster 36 is class 0
Cluster 37 is class 7
Cluster 38 is class 9
Cluster 39 is class 0
Cluster 40 is class 0
Cluster 41 is class 0
Cluster 42 is class 0
Cluster 43 is class 8
Cluster 44 is class 0
Cluster 45 is class 0
Cluster 46 is class 0
Cluster 47 is class 0
Cluster 48 is class 0
Cluster 49 is class 8
Cluster 50 is class 0
Cluster 51 is class 8
Cluster 52 is class 0
Cluster 53 is class 0
Cluster 54 is class 9
Cluster 55 is class 8
Cluster 56 is class 0
Cluster 57 is class 8
Cluster 58 is class 9
Cluster 59 is class 0
Cluster 60 is class 8
Cluster 61 is class 8
Cluster 62 is class 0
Cluster 63 is class 0
Cluster 64 is class 0
Cluster 65 is class 9
Cluster 66 is class 0
Cluster 67 is class 5
Cluster 68 is class 0
Cluster 69 is class 5
Cluster 70 is class 0
Cluster 71 is class 0
Cluster 72 is class 0
Cluster 73 is class 9
Cluster 74 is class 0
Cluster 75 is class 9
Cluster 76 is class 0
Cluster 77 is class 9
Cluster 78 is class 0
Cluster 79 is class 7
Cluster 80 is class 0
Cluster 81 is class 0
Cluster 82 is class 7
Cluster 83 is class 7
Cluster 84 is class 8
Cluster 85 is class 8
Cluster 86 is class 8
Cluster 87 is class 0
Cluster 88 is class 0
Cluster 89 is class 8
Cluster 90 is class 0
Cluster 91 is class 0

Overall Accuracy is 0.317741

