----------------------------For Number of clusters 20----------------------------
Avg Clusters:
2.502997 4.050782 2.526751 9.880908 2.493253 9.736940 2.489090 9.967224 2.499426 9.603542 
2.506059 4.218761 2.497070 9.740154 2.505530 3.855836 2.501829 9.972533 2.510975 3.907397 
2.496051 9.921090 2.481357 10.005769 2.497123 10.011288 2.516186 9.527817 2.509469 4.002861 
2.503216 9.436219 2.492942 3.724033 2.507412 8.911220 2.510976 10.276769 2.494470 10.291625 
2.508862 3.911667 2.499553 4.026169 2.493200 4.982655 2.496263 4.110515 2.489076 4.255583 
2.500374 3.814923 2.490948 4.376574 2.490917 9.813801 2.496759 3.847158 2.512480 10.133133 
2.492469 9.407532 2.496921 3.927764 2.506878 3.453483 2.492450 4.760173 2.507626 10.659619 
2.514389 9.897032 2.488259 10.218216 2.505149 3.712302 2.491437 10.251702 2.491320 9.858250 
2.503726 9.574057 2.528933 3.143238 2.519158 9.975782 2.484844 9.304324 2.492617 3.375759 
2.489624 10.829104 2.513872 4.513760 2.500620 10.554757 2.504878 3.496447 2.495376 9.662888 
2.495580 3.579693 2.505185 10.269342 2.514881 4.002205 2.517597 4.064538 2.494232 10.011264 
2.500174 9.605043 2.516054 11.065935 2.493465 10.159241 2.509391 4.011422 2.489216 9.598472 
2.505432 2.945636 2.494915 4.127768 2.502895 10.019495 2.491077 10.282923 2.507861 4.271799 
2.504140 3.852149 2.502184 10.248770 2.498231 10.027863 2.505365 3.669460 2.505503 3.760419 
2.526514 10.586084 2.469502 10.336367 2.483885 3.441191 2.482200 3.250559 2.502640 8.925756 
2.483936 10.020534 2.484888 5.528148 2.516641 10.227923 2.516871 2.883342 2.492790 3.125022 
2.492161 9.949453 2.503221 4.297563 2.485291 3.159864 2.501712 10.449543 2.504685 4.030477 
2.496919 3.499855 2.491002 3.971394 2.499411 3.541564 2.498988 10.298921 2.502347 9.997153 
2.472014 9.720789 2.502315 10.533267 2.510764 3.769287 2.508354 4.502911 2.481762 2.817027 
2.506982 10.857514 2.503613 3.490947 2.495575 3.652959 2.480718 3.479378 2.483559 4.116140 

Avg Classes:
2.501062 6.987991 2.500831 7.004122 2.500320 6.993248 2.501601 6.996249 2.500578 6.990609 
2.499498 7.005723 2.498374 7.006795 2.501292 7.002107 2.499690 7.004367 2.498954 6.983451 
2.499895 6.977804 2.500798 6.985700 2.497879 6.992608 2.496556 7.012830 2.497165 6.990719 
2.505279 7.053359 2.508546 7.025330 2.503622 7.027224 2.496757 7.017660 2.492969 7.021495 
2.515058 7.299356 2.473616 7.259717 2.514286 7.283912 2.472844 7.284170 2.470785 7.327413 
2.523547 7.069138 2.523547 7.098196 2.523547 7.013026 2.523547 6.972445 2.523547 6.891283 
2.484551 7.143258 2.502809 7.093399 2.549157 7.078652 2.497893 7.214185 2.465590 7.115169 
2.417391 6.704348 2.482609 6.821739 2.565217 6.452174 2.560870 6.960870 2.504348 6.700000 
2.416667 8.583333 2.416667 7.583333 2.416667 8.166667 2.416667 7.083333 2.416667 7.333333 
3.333333 7.666667 3.333333 7.666667 3.333333 12.000000 3.333333 8.000000 3.333333 11.666667 

Cluster 0 is class 4
Cluster 1 is class 0
Cluster 2 is class 8
Cluster 3 is class 8
Cluster 4 is class 7
Cluster 5 is class 0
Cluster 6 is class 0
Cluster 7 is class 0
Cluster 8 is class 0
Cluster 9 is class 8
Cluster 10 is class 0
Cluster 11 is class 8
Cluster 12 is class 0
Cluster 13 is class 0
Cluster 14 is class 0
Cluster 15 is class 8
Cluster 16 is class 7
Cluster 17 is class 7
Cluster 18 is class 0
Cluster 19 is class 0

Overall Accuracy is 0.284756

