----------------------------For Number of clusters 61----------------------------
Avg Clusters:
2.524887 3.270430 2.494295 11.071303 2.494527 4.279227 2.509607 9.647022 2.540596 4.292456 
2.500368 4.551511 2.499724 3.227278 2.529233 4.339493 2.489489 7.572470 2.489122 10.228290 
2.502624 3.244382 2.540517 4.233247 2.520369 4.212698 2.462487 2.987583 2.463088 4.543521 
2.513001 10.278496 2.476509 10.731661 2.466684 3.288912 2.520758 9.477211 2.500517 8.232733 
2.503818 10.536321 2.489681 3.369265 2.487157 4.030830 2.487157 10.523036 2.514042 9.974787 
2.485313 4.401744 2.500586 10.502799 2.487916 2.906105 2.543108 3.367727 2.462880 3.839111 
2.496464 4.413753 2.528286 9.396206 2.474754 9.949309 2.504164 3.755965 2.500826 11.353480 
2.524349 6.989436 2.495007 3.236324 2.525724 10.092728 2.456042 7.125941 2.498263 3.508683 
2.518657 4.087181 2.448016 4.518411 2.475140 10.896229 2.519543 2.737324 2.491090 3.169194 
2.493618 4.082032 2.500583 3.626936 2.499028 10.531491 2.506350 10.498510 2.491415 10.418065 
2.499721 10.825868 2.530699 6.157325 2.524870 4.126866 2.472016 3.334012 2.466627 3.507345 
2.457581 11.455936 2.490084 4.005558 2.505380 10.876567 2.494531 4.231080 2.504357 3.897999 
2.501922 3.773287 2.518640 10.053680 2.503933 3.952104 2.482665 10.426198 2.507495 10.954890 
2.503641 9.332596 2.495836 10.933328 2.497807 4.028085 2.488512 3.311914 2.493703 10.804973 
2.492562 10.369625 2.505984 10.389117 2.502095 10.270497 2.521117 8.615329 2.520347 10.877917 
2.480694 10.231033 2.481372 3.809780 2.501863 7.285859 2.497375 3.507832 2.512913 10.909907 
2.495449 10.728544 2.523554 3.142210 2.496071 9.484438 2.489366 11.345203 2.505084 4.119256 
2.505060 3.558004 2.501670 3.069645 2.506207 10.790319 2.483723 3.581285 2.468368 10.126726 
2.503682 10.007490 2.510860 3.004619 2.467233 2.295656 2.511047 3.536387 2.485145 9.665834 
2.499522 7.472069 2.510995 3.561939 2.495288 3.115821 2.503938 10.634646 2.486000 3.605919 
2.536315 6.958564 2.472893 2.793573 2.438316 3.136428 2.503336 4.799305 2.558301 2.664005 
2.501043 11.542903 2.494717 6.748772 2.491487 3.477758 2.515378 10.716670 2.522579 3.033448 
2.543487 11.046058 2.512744 8.054366 2.505114 10.890025 2.491099 3.052953 2.487765 8.676180 
2.489438 9.880379 2.539352 11.021045 2.511657 10.367079 2.521084 4.263769 2.511931 3.230246 
2.482588 11.607074 2.484234 2.381592 2.489809 3.860159 2.552875 6.943515 2.520154 4.164519 
2.485349 9.472878 2.487377 2.485856 2.511203 7.322113 2.522154 2.258136 2.491433 4.789314 
2.503992 2.955892 2.473149 3.529234 2.467225 3.467740 2.524662 11.636832 2.509788 9.676304 
2.466718 2.303199 2.495435 4.573639 2.444692 4.604098 2.526870 8.104133 2.499686 3.188332 
2.495902 4.821464 2.482501 10.677927 2.511795 10.417710 2.478680 11.468380 2.520656 9.177705 
2.528366 10.649712 2.481534 3.048373 2.507084 11.081629 2.514257 8.542237 2.478274 10.527239 
2.509636 8.256011 2.517857 7.444661 2.516089 2.789692 2.482496 7.404438 2.491160 11.495934 
2.518843 10.633101 2.457926 10.173779 2.554437 4.400499 2.477567 11.486640 2.472582 11.758325 
2.486904 2.751034 2.515578 10.877695 2.505045 3.517066 2.535925 4.156107 2.486187 10.216984 
2.497332 2.051334 2.522815 9.929163 2.508280 10.251702 2.518951 8.933579 2.488960 11.227783 
2.491794 3.010534 2.519184 10.632735 2.483588 10.491184 2.493679 4.962076 2.518907 2.696718 
2.465737 6.517410 2.571135 7.823680 2.503807 10.904782 2.510223 7.404654 2.486526 6.467790 
2.505427 4.182893 2.485177 10.258437 2.535936 10.306064 2.484151 11.174901 2.512879 2.710730 
2.529454 3.882363 2.530252 6.599539 2.490153 7.617370 2.481636 11.489443 2.484918 6.223829 
2.504070 2.787321 2.511589 3.387003 2.521385 11.308430 2.487169 10.598096 2.507381 3.646730 
2.522265 10.325462 2.494573 11.213774 2.487338 6.707821 2.493587 10.551799 2.513254 3.015457 
2.490093 9.781518 2.497370 11.953533 2.502104 10.250044 2.503682 2.865071 2.485885 10.002192 
2.504808 10.943528 2.456587 11.380956 2.517652 4.068456 2.468571 2.954650 2.533654 4.959314 
2.489880 11.705468 2.510231 7.322934 2.517276 3.183048 2.512691 3.117187 2.499609 9.872750 
2.492037 8.834747 2.496484 7.283144 2.516546 11.430817 2.555119 11.120579 2.470734 2.884281 
2.451755 10.862620 2.525789 11.120906 2.479114 11.070504 2.503040 10.926848 2.500098 6.148068 
2.544633 9.988453 2.484587 5.620845 2.497540 10.073200 2.505171 11.933126 2.527864 10.971684 
2.423199 7.698567 2.494230 10.630720 2.519996 2.311381 2.483287 10.965281 2.490151 3.313370 
2.511833 6.728819 2.468804 8.407028 2.494007 4.745313 2.440938 5.978691 2.564901 6.734453 
2.525526 3.421334 2.475944 6.046643 2.515084 3.126856 2.515934 2.735226 2.510442 10.902769 
2.508518 6.234746 2.508023 10.208003 2.482666 7.228903 2.535757 2.648475 2.489600 3.044176 
2.548889 3.688628 2.468952 8.932921 2.457690 11.100369 2.480116 2.261936 2.501246 6.743048 
2.510536 10.818778 2.477289 10.917350 2.498361 2.812105 2.531374 6.338914 2.434090 2.377546 
2.486745 11.466986 2.528228 6.976068 2.500491 7.560506 2.503314 9.798846 2.404271 6.970177 
2.482032 3.625883 2.485088 2.571609 2.476341 5.662662 2.532090 2.608705 2.552324 10.746970 
2.534689 2.550526 2.465784 11.765512 2.577591 8.161092 2.499705 3.301028 2.477721 7.328566 
2.508753 3.532134 2.494430 2.754682 2.508875 6.455992 2.523810 11.655772 2.503244 2.825193 
2.463490 2.020389 2.472025 5.427691 2.537696 9.837719 2.521811 6.408369 2.529516 6.612257 
2.513145 3.366708 2.515461 11.767198 2.479771 11.173001 2.531535 7.804114 2.484266 6.603732 
2.458472 3.051910 2.501282 6.856063 2.558062 2.138939 2.426045 11.511407 2.460138 4.169700 
2.455270 9.361151 2.539656 2.757921 2.509112 11.727583 2.500000 2.840754 2.528370 10.050321 
2.518803 11.907739 2.354170 8.947852 2.532342 11.029250 2.482032 8.549724 2.536353 2.282968 

Avg Classes:
2.501062 6.987991 2.500831 7.004122 2.500320 6.993248 2.501601 6.996249 2.500578 6.990609 
2.499498 7.005723 2.498374 7.006795 2.501292 7.002107 2.499690 7.004367 2.498954 6.983451 
2.499895 6.977804 2.500798 6.985700 2.497879 6.992608 2.496556 7.012830 2.497165 6.990719 
2.505279 7.053359 2.508546 7.025330 2.503622 7.027224 2.496757 7.017660 2.492969 7.021495 
2.515058 7.299356 2.473616 7.259717 2.514286 7.283912 2.472844 7.284170 2.470785 7.327413 
2.523547 7.069138 2.523547 7.098196 2.523547 7.013026 2.523547 6.972445 2.523547 6.891283 
2.484551 7.143258 2.502809 7.093399 2.549157 7.078652 2.497893 7.214185 2.465590 7.115169 
2.417391 6.704348 2.482609 6.821739 2.565217 6.452174 2.560870 6.960870 2.504348 6.700000 
2.416667 8.583333 2.416667 7.583333 2.416667 8.166667 2.416667 7.083333 2.416667 7.333333 
3.333333 7.666667 3.333333 7.666667 3.333333 12.000000 3.333333 8.000000 3.333333 11.666667 

Cluster 0 is class 7
Cluster 1 is class 7
Cluster 2 is class 7
Cluster 3 is class 0
Cluster 4 is class 0
Cluster 5 is class 0
Cluster 6 is class 4
Cluster 7 is class 0
Cluster 8 is class 0
Cluster 9 is class 9
Cluster 10 is class 5
Cluster 11 is class 8
Cluster 12 is class 0
Cluster 13 is class 0
Cluster 14 is class 9
Cluster 15 is class 0
Cluster 16 is class 0
Cluster 17 is class 0
Cluster 18 is class 7
Cluster 19 is class 7
Cluster 20 is class 7
Cluster 21 is class 0
Cluster 22 is class 8
Cluster 23 is class 8
Cluster 24 is class 0
Cluster 25 is class 0
Cluster 26 is class 0
Cluster 27 is class 7
Cluster 28 is class 4
Cluster 29 is class 8
Cluster 30 is class 0
Cluster 31 is class 0
Cluster 32 is class 0
Cluster 33 is class 9
Cluster 34 is class 0
Cluster 35 is class 4
Cluster 36 is class 0
Cluster 37 is class 0
Cluster 38 is class 0
Cluster 39 is class 0
Cluster 40 is class 4
Cluster 41 is class 0
Cluster 42 is class 0
Cluster 43 is class 8
Cluster 44 is class 8
Cluster 45 is class 9
Cluster 46 is class 5
Cluster 47 is class 0
Cluster 48 is class 0
Cluster 49 is class 0
Cluster 50 is class 0
Cluster 51 is class 0
Cluster 52 is class 4
Cluster 53 is class 7
Cluster 54 is class 0
Cluster 55 is class 7
Cluster 56 is class 0
Cluster 57 is class 0
Cluster 58 is class 7
Cluster 59 is class 8
Cluster 60 is class 8

Overall Accuracy is 0.277936

