Avg Clusters:
2.519853 9.049851 2.466184 10.531125 2.506000 10.347938 2.514217 10.572613 2.511381 3.418551 
2.496373 10.549973 2.537598 6.648240 2.494734 2.976929 2.506659 7.598451 2.516207 3.822071 
2.479787 3.782296 2.522447 3.375147 2.470006 4.196027 2.517767 9.918848 2.493011 3.609516 
2.477853 4.549683 2.518146 9.707330 2.485935 2.963471 2.508558 2.996276 2.467591 9.486965 
2.527071 10.511602 2.515491 9.846374 2.469852 10.539122 2.506175 3.401308 2.497628 10.857827 
2.518785 3.453972 2.471470 3.838870 2.486578 10.336602 2.491665 4.025282 2.496476 3.810493 
2.493697 10.797293 2.460905 11.386995 2.514722 3.700684 2.480953 3.884320 2.494767 4.214243 
2.534622 3.168950 2.489273 10.725464 2.520235 3.156064 2.491399 8.107963 2.551448 11.145431 
2.503140 2.879983 2.503810 9.861250 2.500000 10.165385 2.486418 10.272737 2.506350 3.535525 
2.535018 4.356873 2.521244 3.250267 2.534872 10.818605 2.473276 10.615724 2.491706 3.057765 
2.493805 3.160956 2.479239 9.393707 2.505158 2.909388 2.487378 11.142657 2.495050 4.243689 
2.490773 3.741720 2.506714 3.574559 2.502719 10.638532 2.497611 3.228662 2.487560 10.465439 
2.517566 3.514206 2.514511 10.454938 2.478593 11.436346 2.491424 4.064505 2.485620 9.420766 
2.510407 10.045628 2.487002 2.936466 2.478322 3.617433 2.468188 2.813488 2.488048 4.757771 
2.499720 4.168846 2.505572 10.374027 2.479976 10.924482 2.507048 3.488525 2.535189 2.835835 
2.495240 11.099817 2.497346 2.974371 2.525767 10.071991 2.509840 3.703387 2.498307 10.136613 
2.498164 10.654259 2.527814 3.805232 2.501020 10.544906 2.490502 7.880899 2.481389 3.531759 
2.461563 3.474545 2.507891 9.912562 2.497200 4.993127 2.511073 11.849179 2.497073 10.146557 
2.479390 6.920610 2.494019 11.669105 2.498819 4.032457 2.473448 10.787048 2.527848 3.575238 
2.516690 11.130199 2.509506 9.285030 2.509310 9.532476 2.514833 10.904648 2.493378 10.378281 
2.516323 10.062110 2.481037 3.000360 2.514522 11.136102 2.502160 10.575312 2.516983 10.527544 
2.496384 10.250513 2.516338 3.743416 2.511204 2.867869 2.511829 4.127399 2.506383 11.036782 
2.511777 10.604581 2.465786 10.799295 2.516593 3.383730 2.486579 3.345022 2.503965 10.872070 
2.514656 7.815849 2.514165 10.830084 2.503506 8.650421 2.505119 3.405400 2.483240 6.326438 
2.489287 10.643735 2.481401 5.038911 2.483268 2.632529 2.491051 11.167160 2.511907 9.522542 
2.500498 11.508007 2.499635 10.659114 2.494850 3.763506 2.508074 11.049970 2.482025 3.827829 
2.508308 3.144272 2.524974 4.016512 2.517957 3.328070 2.464499 3.532714 2.480134 3.944169 
2.485431 2.754965 2.457482 3.693805 2.503253 10.673324 2.519321 11.006959 2.512588 9.029194 
2.521325 11.247656 2.444646 10.941394 2.500302 3.377647 2.524652 8.820856 2.513082 10.042272 
2.462083 3.849699 2.496118 2.568226 2.480653 4.218496 2.494628 3.363456 2.538103 9.874231 
2.472411 6.193815 2.506236 2.642038 2.492945 3.589380 2.463278 10.414966 2.503779 10.669753 
2.458370 8.329914 2.501723 2.904960 2.499800 10.455085 2.523439 2.979245 2.497636 5.471672 
2.476266 7.094492 2.483351 6.734148 2.540205 7.246458 2.539851 3.900461 2.541002 2.539143 
2.469463 11.327026 2.476085 3.474719 2.503101 10.307579 2.495427 2.941343 2.515400 2.308105 
2.535755 4.334891 2.549070 5.356494 2.539282 11.055198 2.460277 9.082973 2.469094 11.882726 
2.486824 11.047219 2.485660 10.381661 2.538116 10.586499 2.510017 5.980048 2.489068 2.687838 
2.480277 5.583798 2.509332 11.042813 2.433231 5.231576 2.533673 6.397537 2.532134 2.735713 
2.491705 11.387051 2.540999 7.123803 2.473220 5.541473 2.423547 3.318703 2.450469 7.805479 
2.498570 10.282250 2.479779 3.251235 2.513914 3.747854 2.524577 11.338231 2.482055 2.925488 
2.452159 11.205479 2.492628 10.797135 2.493046 10.996445 2.497333 7.671547 2.524626 7.465231 
2.494841 3.320356 2.526266 10.774765 2.496811 7.257880 2.549625 2.815291 2.508255 11.472139 
2.510311 11.835608 2.502759 7.855068 2.509439 7.177316 2.504792 2.747023 2.491432 2.725530 
2.500307 6.056605 2.531720 11.255453 2.507757 10.676728 2.490860 10.348080 2.522888 10.596083 
2.471574 10.638024 2.496109 2.067121 2.496541 4.855166 2.534047 7.192715 2.513727 4.243731 
2.521819 2.258636 2.452732 4.277383 2.503470 2.917112 2.494216 10.630395 2.506980 9.935301 
2.491549 1.961168 2.521288 10.557338 2.502567 10.701113 2.507381 10.560762 2.485024 10.142276 
2.543407 7.363460 2.533116 7.609436 2.511208 3.637966 2.481047 8.236906 2.468820 11.158447 
2.498746 7.029369 2.530414 6.633152 2.521948 10.887751 2.477738 10.602947 2.476171 6.882630 
2.478109 6.861918 2.494699 2.056630 2.535737 8.918548 2.492329 10.232007 2.517525 6.951104 
2.483555 2.733723 2.513376 7.011506 2.495350 7.070381 2.470515 6.971809 2.485281 6.770256 
2.546375 2.322611 2.462159 10.343243 2.477633 2.651318 2.526587 5.304230 2.500141 3.536903 
2.522827 8.571984 2.493126 11.246822 2.500778 3.480026 2.469909 11.938651 2.430999 10.761089 
2.525101 7.654899 2.522550 7.727248 2.569396 2.286174 2.546980 2.662013 2.444966 3.021074 
2.570544 7.928295 2.504772 3.415399 2.513283 6.644957 2.513928 6.390895 2.494326 8.926103 
2.472731 11.332205 2.486365 4.280553 2.464072 10.284037 2.512341 12.058619 2.514033 3.682026 
2.429069 7.775471 2.471370 5.367294 2.457570 11.007351 2.506061 5.662626 2.516121 11.318545 
2.443729 10.853522 2.528351 11.379582 2.492268 10.975372 2.521478 2.033935 2.559278 3.637600 
2.519681 3.036792 2.501826 11.959421 2.515217 7.099689 2.572704 7.493710 2.468146 7.705938 
2.560700 2.667834 2.504669 2.331907 2.475097 6.865888 2.531647 8.421012 2.473411 11.206096 
2.509858 6.991122 2.480089 6.320799 2.487923 6.883405 2.529573 2.362449 2.551116 11.312704 
2.473148 6.702571 2.509661 5.901567 2.459303 7.411988 2.548304 11.700898 2.496577 11.250875 
2.557828 2.699842 2.449085 5.221950 2.580009 2.316434 2.524701 4.311537 2.492438 11.553651 
2.487310 7.523012 2.470310 7.273103 2.532969 6.283667 2.476260 11.224894 2.504797 4.270917 
2.506237 11.773907 2.464097 3.289246 2.505787 6.184290 2.466345 8.849871 2.518485 11.439038 
2.513447 6.335116 2.589395 10.957824 2.469743 2.220507 2.499236 7.681082 2.554095 7.075642 
2.536386 2.307054 2.502723 10.677847 2.562376 6.968069 2.496411 2.314480 2.447896 5.052351 
2.490038 2.271046 2.449650 6.919584 2.565428 7.659307 2.514450 5.958894 2.516783 11.581942 
2.506312 11.422381 2.555271 2.745821 2.504094 6.561924 2.488570 11.573866 2.462982 7.511259 
2.549353 10.465620 2.536124 6.906091 2.481175 11.808548 2.473470 2.857101 2.471871 6.023695 
2.464955 9.064483 2.511288 11.590822 2.524568 7.485170 2.524273 6.472776 2.483990 11.329940 
2.446761 4.883004 2.489574 11.546226 2.488836 3.363905 2.522237 1.931168 2.481823 2.943532 

Avg Classes:
2.501062 6.987991 2.500831 7.004122 2.500320 6.993248 2.501601 6.996249 2.500578 6.990609 
2.499498 7.005723 2.498374 7.006795 2.501292 7.002107 2.499690 7.004367 2.498954 6.983451 
2.499895 6.977804 2.500798 6.985700 2.497879 6.992608 2.496556 7.012830 2.497165 6.990719 
2.505279 7.053359 2.508546 7.025330 2.503622 7.027224 2.496757 7.017660 2.492969 7.021495 
2.515058 7.299356 2.473616 7.259717 2.514286 7.283912 2.472844 7.284170 2.470785 7.327413 
2.523547 7.069138 2.523547 7.098196 2.523547 7.013026 2.523547 6.972445 2.523547 6.891283 
2.484551 7.143258 2.502809 7.093399 2.549157 7.078652 2.497893 7.214185 2.465590 7.115169 
2.417391 6.704348 2.482609 6.821739 2.565217 6.452174 2.560870 6.960870 2.504348 6.700000 
2.416667 8.583333 2.416667 7.583333 2.416667 8.166667 2.416667 7.083333 2.416667 7.333333 
3.333333 7.666667 3.333333 7.666667 3.333333 12.000000 3.333333 8.000000 3.333333 11.666667 

Cluster 0 is class 8
Cluster 1 is class 7
Cluster 2 is class 7
Cluster 3 is class 7
Cluster 4 is class 8
Cluster 5 is class 0
Cluster 6 is class 0
Cluster 7 is class 0
Cluster 8 is class 0
Cluster 9 is class 2
Cluster 10 is class 0
Cluster 11 is class 0
Cluster 12 is class 0
Cluster 13 is class 0
Cluster 14 is class 5
Cluster 15 is class 0
Cluster 16 is class 1
Cluster 17 is class 0
Cluster 18 is class 0
Cluster 19 is class 8
Cluster 20 is class 9
Cluster 21 is class 0
Cluster 22 is class 8
Cluster 23 is class 0
Cluster 24 is class 0
Cluster 25 is class 0
Cluster 26 is class 0
Cluster 27 is class 0
Cluster 28 is class 0
Cluster 29 is class 0
Cluster 30 is class 0
Cluster 31 is class 1
Cluster 32 is class 0
Cluster 33 is class 0
Cluster 34 is class 9
Cluster 35 is class 8
Cluster 36 is class 0
Cluster 37 is class 0
Cluster 38 is class 0
Cluster 39 is class 8
Cluster 40 is class 0
Cluster 41 is class 0
Cluster 42 is class 9
Cluster 43 is class 7
Cluster 44 is class 7
Cluster 45 is class 9
Cluster 46 is class 0
Cluster 47 is class 4
Cluster 48 is class 0
Cluster 49 is class 0
Cluster 50 is class 7
Cluster 51 is class 0
Cluster 52 is class 0
Cluster 53 is class 0
Cluster 54 is class 8
Cluster 55 is class 9
Cluster 56 is class 8
Cluster 57 is class 0
Cluster 58 is class 0
Cluster 59 is class 0
Cluster 60 is class 0
Cluster 61 is class 0
Cluster 62 is class 6
Cluster 63 is class 0
Cluster 64 is class 7
Cluster 65 is class 0
Cluster 66 is class 0
Cluster 67 is class 0
Cluster 68 is class 8
Cluster 69 is class 8
Cluster 70 is class 0

Overall Accuracy is 0.318530

