----------------------------For Number of clusters 48----------------------------
Avg Clusters:
2.513534 10.137168 2.465263 10.335815 2.503609 4.092531 2.499699 9.838120 2.490201 10.121203 
2.495180 3.443542 2.512879 9.227024 2.506611 3.906396 2.491269 10.319165 2.516879 10.710265 
2.498310 10.207228 2.496842 10.080601 2.490367 4.093295 2.499330 10.662637 2.488900 3.306137 
2.479634 3.807657 2.521460 3.902527 2.485984 3.874600 2.503475 10.109237 2.492491 3.832305 
2.492342 9.035400 2.512856 9.951775 2.510426 10.733161 2.509780 10.499385 2.505598 9.758719 
2.496344 3.932609 2.501534 10.104012 2.492558 4.603453 2.537438 3.744602 2.479510 3.243010 
2.504938 10.739846 2.497219 7.735025 2.505275 7.452287 2.484343 3.220144 2.500792 8.248492 
2.478273 9.232002 2.495043 2.930603 2.509651 10.029093 2.489577 4.098088 2.507428 10.611384 
2.511749 2.995095 2.482749 3.956252 2.494349 10.817088 2.484970 10.124316 2.520366 4.998343 
2.525194 9.511644 2.495063 3.211596 2.501907 9.292626 2.502213 10.913285 2.503779 10.182555 
2.500146 2.938442 2.548939 10.094696 2.486138 10.866094 2.495721 8.140271 2.506474 10.485077 
2.514801 9.865548 2.503985 3.293718 2.485701 3.637968 2.494240 3.652903 2.482754 3.977865 
2.504487 9.245018 2.538804 10.432325 2.510861 10.770269 2.513585 3.797995 2.510490 3.498638 
2.492668 10.730425 2.487952 3.240319 2.501541 4.296046 2.534175 10.693113 2.505773 4.101949 
2.511386 2.849771 2.473499 9.884091 2.487491 10.700024 2.507297 3.070363 2.499960 4.877636 
2.473262 10.787369 2.529190 4.038628 2.517847 11.247887 2.492839 10.232033 2.491000 4.423335 
2.507094 10.398481 2.454087 10.897482 2.512790 10.536871 2.507594 10.205985 2.509143 3.449840 
2.464687 3.829421 2.528939 10.195243 2.519871 10.285403 2.472822 8.300119 2.537800 2.699518 
2.499397 9.854676 2.526863 4.105081 2.498023 3.101919 2.504973 3.185318 2.499521 10.848017 
2.517524 3.123841 2.468711 3.747106 2.495883 6.967617 2.511238 3.381907 2.516291 10.356884 
2.515491 3.138549 2.477807 10.593289 2.486840 3.560897 2.485674 10.843629 2.513355 3.632770 
2.509770 3.133266 2.497264 10.722917 2.474910 10.501720 2.505002 11.859387 2.470455 4.845162 
2.477033 3.283598 2.505485 3.494603 2.525021 10.148988 2.505135 9.880381 2.482584 11.083650 
2.519832 3.159668 2.527269 3.306233 2.510827 4.210513 2.464940 3.496459 2.496054 3.738389 
2.508508 8.966877 2.500658 11.110985 2.501429 3.571850 2.487227 3.466083 2.488180 10.992150 
2.501461 3.528098 2.489825 4.042574 2.486351 11.700987 2.495836 3.143330 2.471020 8.974191 
2.509539 10.788211 2.480591 10.591917 2.512020 4.612869 2.490902 3.621306 2.496306 2.657808 
2.558263 6.709615 2.459105 7.354276 2.548250 8.288082 2.518919 11.252282 2.529109 3.288525 
2.528978 5.078410 2.524401 10.490683 2.489282 9.725447 2.507962 2.899874 2.477093 11.075562 
2.501940 4.879930 2.465133 3.483329 2.512376 10.394569 2.506465 3.791032 2.496121 2.796204 
2.506405 10.706864 2.489483 5.298672 2.480468 9.293769 2.470188 6.778586 2.487348 2.375217 
2.479892 10.526881 2.450630 3.304053 2.477088 3.709811 2.504180 8.267118 2.513652 10.670283 
2.508490 4.009301 2.490656 11.676764 2.510026 6.571038 2.518986 9.815428 2.500213 7.911682 
2.475438 10.459440 2.512746 3.520911 2.475770 11.451938 2.502058 2.913038 2.500266 4.580457 
2.523335 4.040347 2.485660 3.219881 2.491571 3.408357 2.497533 11.028218 2.503187 10.370580 
2.474518 2.653507 2.507305 11.010873 2.510706 3.669232 2.551578 3.645255 2.498885 9.960243 
2.566471 11.315826 2.496131 7.023681 2.481360 11.091208 2.516061 6.514889 2.497382 10.819695 
2.494459 6.637832 2.498153 10.888068 2.499184 2.331587 2.491796 7.433554 2.516622 5.557255 
2.486730 11.080440 2.513997 10.447919 2.489002 2.347846 2.515452 3.611343 2.497546 6.221414 
2.438485 10.371034 2.538895 6.322620 2.522211 2.449744 2.448721 7.141453 2.508598 3.216274 
2.520962 3.296450 2.485072 6.173184 2.543061 2.446987 2.480135 4.141760 2.519395 10.757778 
2.506193 6.593588 2.532761 2.419297 2.532261 9.941870 2.497403 10.781163 2.470535 2.539553 
2.505825 5.915256 2.494394 7.595186 2.487470 2.858980 2.472302 2.852605 2.516047 6.675643 
2.511959 10.582818 2.554958 4.796918 2.517603 3.044253 2.477560 12.012362 2.494401 10.134820 
2.474306 10.951308 2.492820 11.437131 2.482761 10.649464 2.487936 3.535316 2.509877 10.213208 
2.456429 4.254924 2.505388 2.241732 2.505481 2.776849 2.497677 6.034095 2.463489 9.713675 
2.470712 12.007916 2.444591 2.765831 2.539446 8.108047 2.534960 3.782454 2.498549 3.865435 
2.488392 4.695798 2.513622 6.235226 2.493956 7.649559 2.493668 6.994340 2.475345 7.088546 

Avg Classes:
2.501062 6.987991 2.500831 7.004122 2.500320 6.993248 2.501601 6.996249 2.500578 6.990609 
2.499498 7.005723 2.498374 7.006795 2.501292 7.002107 2.499690 7.004367 2.498954 6.983451 
2.499895 6.977804 2.500798 6.985700 2.497879 6.992608 2.496556 7.012830 2.497165 6.990719 
2.505279 7.053359 2.508546 7.025330 2.503622 7.027224 2.496757 7.017660 2.492969 7.021495 
2.515058 7.299356 2.473616 7.259717 2.514286 7.283912 2.472844 7.284170 2.470785 7.327413 
2.523547 7.069138 2.523547 7.098196 2.523547 7.013026 2.523547 6.972445 2.523547 6.891283 
2.484551 7.143258 2.502809 7.093399 2.549157 7.078652 2.497893 7.214185 2.465590 7.115169 
2.417391 6.704348 2.482609 6.821739 2.565217 6.452174 2.560870 6.960870 2.504348 6.700000 
2.416667 8.583333 2.416667 7.583333 2.416667 8.166667 2.416667 7.083333 2.416667 7.333333 
3.333333 7.666667 3.333333 7.666667 3.333333 12.000000 3.333333 8.000000 3.333333 11.666667 

Cluster 0 is class 0
Cluster 1 is class 0
Cluster 2 is class 0
Cluster 3 is class 2
Cluster 4 is class 9
Cluster 5 is class 5
Cluster 6 is class 8
Cluster 7 is class 8
Cluster 8 is class 0
Cluster 9 is class 4
Cluster 10 is class 9
Cluster 11 is class 7
Cluster 12 is class 8
Cluster 13 is class 0
Cluster 14 is class 0
Cluster 15 is class 8
Cluster 16 is class 8
Cluster 17 is class 0
Cluster 18 is class 0
Cluster 19 is class 7
Cluster 20 is class 7
Cluster 21 is class 0
Cluster 22 is class 9
Cluster 23 is class 0
Cluster 24 is class 0
Cluster 25 is class 0
Cluster 26 is class 0
Cluster 27 is class 0
Cluster 28 is class 0
Cluster 29 is class 0
Cluster 30 is class 8
Cluster 31 is class 0
Cluster 32 is class 0
Cluster 33 is class 8
Cluster 34 is class 0
Cluster 35 is class 7
Cluster 36 is class 9
Cluster 37 is class 7
Cluster 38 is class 0
Cluster 39 is class 0
Cluster 40 is class 0
Cluster 41 is class 1
Cluster 42 is class 0
Cluster 43 is class 0
Cluster 44 is class 8
Cluster 45 is class 0
Cluster 46 is class 5
Cluster 47 is class 0

Overall Accuracy is 0.264710

