----------------------------For Number of clusters 26----------------------------
Avg Clusters:
2.495608 9.930032 2.497189 9.917951 2.510966 9.452469 2.506755 10.086831 2.497018 9.836741 
2.505781 10.198595 2.518615 10.025797 2.514650 9.460899 2.511055 3.885121 2.508233 4.044108 
2.507167 3.672815 2.511548 4.025311 2.499429 9.640656 2.490366 9.694434 2.501091 3.923445 
2.502665 10.126870 2.483724 4.330057 2.488243 4.098965 2.503919 10.147950 2.505007 9.947898 
2.499991 3.627063 2.503475 10.177015 2.517059 4.556516 2.504228 3.773182 2.502022 9.575930 
2.486660 7.975241 2.492760 10.107371 2.489236 3.095918 2.517089 4.103373 2.480742 3.441864 
2.514473 10.636439 2.486431 10.302201 2.495980 3.779512 2.495754 4.568169 2.501684 10.440650 
2.505820 9.523563 2.500056 3.878076 2.490149 3.940355 2.508432 9.898768 2.500709 3.061694 
2.496552 3.016325 2.537840 10.091656 2.490282 10.579802 2.495739 8.406823 2.504935 9.900889 
2.502434 4.012917 2.488980 3.856721 2.489881 10.033731 2.500786 3.593679 2.501207 9.459370 
2.495638 3.260013 2.498337 9.553087 2.486409 9.902694 2.510507 3.497446 2.497542 3.595282 
2.504318 4.990664 2.499636 3.508159 2.516009 9.895116 2.510093 10.671863 2.481945 10.871594 
2.495997 9.972354 2.480388 10.784138 2.489802 3.854063 2.491614 10.738260 2.506600 4.456395 
2.481039 9.371741 2.482981 3.190653 2.506458 10.018087 2.506142 3.941539 2.494295 3.546540 
2.497180 3.024710 2.495183 9.465056 2.503494 3.625025 2.506739 10.075904 2.506265 4.062076 
2.516290 4.479929 2.505370 9.998699 2.505491 3.571467 2.489669 10.632756 2.500650 10.882476 
2.510964 3.495870 2.507755 3.615700 2.509211 3.821874 2.478904 4.175600 2.490106 3.841633 
2.516342 8.938152 2.512621 9.915591 2.464651 10.791626 2.496229 3.126479 2.489055 10.732594 
2.499080 10.902024 2.505267 3.425503 2.516848 10.174789 2.502760 4.673932 2.495273 10.358906 
2.491083 3.265276 2.493816 3.211807 2.492816 3.211740 2.497683 10.117837 2.512850 8.953932 
2.500920 4.814269 2.484664 10.841328 2.531453 10.411616 2.480392 10.562368 2.513321 3.411616 
2.478064 10.615857 2.519241 3.302800 2.522310 10.768473 2.490567 10.827169 2.500524 5.509770 
2.502804 4.984487 2.490393 3.645073 2.517120 3.413128 2.496337 3.489945 2.494356 10.759196 
2.499632 10.988022 2.512850 4.070086 2.495561 3.446292 2.464473 3.283289 2.488933 4.727759 
2.491787 11.049940 2.510930 3.347947 2.492512 3.491908 2.516606 3.589674 2.515157 10.887138 
2.510542 10.927225 2.471288 8.694229 2.485863 10.487272 2.521036 10.228138 2.493344 2.897833 

Avg Classes:
2.501062 6.987991 2.500831 7.004122 2.500320 6.993248 2.501601 6.996249 2.500578 6.990609 
2.499498 7.005723 2.498374 7.006795 2.501292 7.002107 2.499690 7.004367 2.498954 6.983451 
2.499895 6.977804 2.500798 6.985700 2.497879 6.992608 2.496556 7.012830 2.497165 6.990719 
2.505279 7.053359 2.508546 7.025330 2.503622 7.027224 2.496757 7.017660 2.492969 7.021495 
2.515058 7.299356 2.473616 7.259717 2.514286 7.283912 2.472844 7.284170 2.470785 7.327413 
2.523547 7.069138 2.523547 7.098196 2.523547 7.013026 2.523547 6.972445 2.523547 6.891283 
2.484551 7.143258 2.502809 7.093399 2.549157 7.078652 2.497893 7.214185 2.465590 7.115169 
2.417391 6.704348 2.482609 6.821739 2.565217 6.452174 2.560870 6.960870 2.504348 6.700000 
2.416667 8.583333 2.416667 7.583333 2.416667 8.166667 2.416667 7.083333 2.416667 7.333333 
3.333333 7.666667 3.333333 7.666667 3.333333 12.000000 3.333333 8.000000 3.333333 11.666667 

Cluster 0 is class 8
Cluster 1 is class 8
Cluster 2 is class 0
Cluster 3 is class 0
Cluster 4 is class 0
Cluster 5 is class 0
Cluster 6 is class 8
Cluster 7 is class 7
Cluster 8 is class 0
Cluster 9 is class 0
Cluster 10 is class 0
Cluster 11 is class 9
Cluster 12 is class 0
Cluster 13 is class 8
Cluster 14 is class 7
Cluster 15 is class 0
Cluster 16 is class 7
Cluster 17 is class 8
Cluster 18 is class 8
Cluster 19 is class 0
Cluster 20 is class 0
Cluster 21 is class 8
Cluster 22 is class 0
Cluster 23 is class 0
Cluster 24 is class 0
Cluster 25 is class 8

Overall Accuracy is 0.287670

