----------------------------For Number of clusters 56----------------------------
Avg Clusters:
2.512341 10.484293 2.508710 6.970475 2.483407 9.843696 2.525657 9.566549 2.493357 10.015619 
2.506387 10.078295 2.502005 10.433904 2.514997 4.177913 2.483480 3.074970 2.493582 6.364218 
2.491724 3.698148 2.518915 10.660115 2.486013 9.358089 2.517030 3.352436 2.504769 4.581384 
2.531911 7.399758 2.513466 3.512405 2.529200 4.966468 2.481113 9.902351 2.467912 3.590105 
2.497415 9.867248 2.520771 4.453832 2.507827 10.744557 2.496570 7.402160 2.493510 3.401034 
2.487855 10.652213 2.487095 10.818160 2.512974 9.985592 2.508413 9.761220 2.503334 4.077324 
2.494548 3.632552 2.497274 10.359746 2.498796 3.233154 2.503550 10.345261 2.508051 4.261490 
2.509719 4.403963 2.543810 4.818212 2.502540 3.953441 2.464041 3.008019 2.474495 3.476636 
2.484653 3.585927 2.508872 9.392574 2.528511 3.608285 2.529763 3.016634 2.471775 10.488517 
2.501336 5.343177 2.506971 9.475757 2.499323 3.651297 2.487686 11.034252 2.474073 10.721850 
2.528473 11.270378 2.468855 10.264436 2.501196 3.666334 2.489432 10.114133 2.512961 9.750997 
2.491074 10.741050 2.493569 10.139025 2.497745 6.582781 2.524570 3.313130 2.499088 11.342451 
2.488391 7.506831 2.529535 2.895207 2.516821 4.038024 2.468530 4.251994 2.495104 10.740543 
2.504480 9.886858 2.470803 2.370942 2.524425 9.022556 2.473684 10.097384 2.512404 10.782495 
2.532218 2.699605 2.452201 3.946365 2.493474 4.866624 2.513834 7.670098 2.521004 10.139994 
2.504658 3.185512 2.488857 3.497722 2.515740 10.311389 2.500267 10.874164 2.492181 9.805951 
2.469008 3.327328 2.519756 3.261496 2.475969 3.234137 2.523237 11.400000 2.532153 6.116641 
2.512822 10.890106 2.493859 3.284830 2.479957 3.065583 2.496807 3.892169 2.495677 3.799126 
2.516003 3.300161 2.511540 3.910294 2.498713 10.525131 2.493526 10.165541 2.492280 3.311419 
2.494773 10.658195 2.497310 3.471458 2.487599 3.042037 2.507502 10.247671 2.503303 10.040243 
2.513733 9.901100 2.515387 9.973858 2.494126 11.525273 2.494995 3.496319 2.482876 9.208885 
2.498158 10.364838 2.525912 10.271232 2.498209 10.586618 2.495130 3.197810 2.513448 2.961447 
2.475827 3.566448 2.531586 7.068973 2.532714 11.204609 2.517082 7.155082 2.486463 10.050118 
2.485882 11.724632 2.488619 4.325028 2.475345 3.892938 2.526576 10.910869 2.521744 3.618618 
2.491458 5.229677 2.489442 3.117814 2.480420 10.570544 2.470391 3.233612 2.491698 6.910404 
2.542736 3.554458 2.513920 11.478483 2.485429 10.040376 2.486189 4.234873 2.479731 10.911597 
2.480548 10.801011 2.505532 3.939629 2.481427 10.579383 2.513224 11.892739 2.499084 3.723936 
2.492390 4.043285 2.467729 10.721509 2.483516 3.074447 2.546613 3.792086 2.484806 3.234690 
2.511726 8.849021 2.513405 11.578526 2.512307 10.372052 2.511532 10.456425 2.508108 10.546030 
2.445376 2.474885 2.487301 4.703862 2.469564 4.142143 2.518181 8.461259 2.530356 2.494235 
2.497360 3.552109 2.499423 9.979181 2.473323 8.140698 2.450804 10.409651 2.501851 6.637633 
2.485897 10.845830 2.509842 3.398387 2.516893 10.635704 2.509690 3.342634 2.497463 10.472707 
2.484138 4.676649 2.523825 10.832434 2.507042 11.031657 2.476767 7.988548 2.538239 2.862841 
2.477777 4.312752 2.517427 2.649482 2.496275 10.526248 2.474523 3.932003 2.467586 11.806115 
2.489852 11.245071 2.440128 3.331038 2.487678 7.106988 2.499565 4.062192 2.472601 6.646709 
2.482214 3.004780 2.536127 11.155402 2.534015 11.874833 2.515118 10.932081 2.475767 8.490663 
2.516319 3.926613 2.502414 3.545095 2.522789 3.274527 2.477018 11.409811 2.483005 11.660680 
2.520703 3.309922 2.436953 6.102031 2.500391 10.979375 2.515703 3.762891 2.510859 2.610937 
2.504792 10.133721 2.493814 10.610572 2.509439 3.374383 2.490386 11.105547 2.496892 3.356027 
2.447046 11.076320 2.528804 8.063232 2.489262 2.994470 2.504010 6.269149 2.483363 2.717762 
2.478093 10.264045 2.480952 3.185921 2.520516 10.858898 2.505371 2.638204 2.537362 2.957036 
2.510604 3.318814 2.506842 2.026112 2.481756 9.159749 2.507298 3.833409 2.492246 2.778335 
2.560845 6.323226 2.429048 10.011724 2.561451 8.117849 2.497979 11.654336 2.537093 2.606832 
2.533672 5.855764 2.484408 7.065922 2.429761 8.096089 2.515490 2.927577 2.553174 10.956729 
2.493329 2.223202 2.492990 3.096789 2.471619 5.711443 2.548847 2.497626 2.538670 10.283469 
2.474489 3.185437 2.499109 10.103510 2.480775 8.579466 2.483185 10.873232 2.538188 11.972865 
2.527412 2.757852 2.495115 11.366249 2.522810 3.397739 2.544853 7.247800 2.572144 9.978765 
2.499785 2.177500 2.476252 9.812742 2.503946 10.661070 2.504090 11.505811 2.504520 2.612426 
2.504626 9.956920 2.461049 11.971048 2.501741 3.960402 2.487215 6.043279 2.477266 2.750871 
2.459530 11.551097 2.494340 4.626569 2.487871 2.740162 2.520909 3.333308 2.537697 10.718367 
2.517289 2.345367 2.459336 6.831950 2.502490 11.447856 2.513831 2.385615 2.502075 9.657538 
2.533379 7.316127 2.530177 7.319717 2.466718 2.745779 2.425092 6.671648 2.519309 7.607122 
2.480350 10.056685 2.518070 7.103361 2.544621 6.732273 2.512907 2.922664 2.480666 2.602676 
2.511769 8.645449 2.468713 11.330228 2.462436 2.489408 2.490192 5.311789 2.486661 11.283543 
2.506201 3.192106 2.480444 2.640472 2.536132 2.421894 2.521345 4.267827 2.450394 6.658001 
2.473519 7.275754 2.514608 3.096613 2.527878 11.388430 2.505180 11.029333 2.509836 7.240135 

Avg Classes:
2.501062 6.987991 2.500831 7.004122 2.500320 6.993248 2.501601 6.996249 2.500578 6.990609 
2.499498 7.005723 2.498374 7.006795 2.501292 7.002107 2.499690 7.004367 2.498954 6.983451 
2.499895 6.977804 2.500798 6.985700 2.497879 6.992608 2.496556 7.012830 2.497165 6.990719 
2.505279 7.053359 2.508546 7.025330 2.503622 7.027224 2.496757 7.017660 2.492969 7.021495 
2.515058 7.299356 2.473616 7.259717 2.514286 7.283912 2.472844 7.284170 2.470785 7.327413 
2.523547 7.069138 2.523547 7.098196 2.523547 7.013026 2.523547 6.972445 2.523547 6.891283 
2.484551 7.143258 2.502809 7.093399 2.549157 7.078652 2.497893 7.214185 2.465590 7.115169 
2.417391 6.704348 2.482609 6.821739 2.565217 6.452174 2.560870 6.960870 2.504348 6.700000 
2.416667 8.583333 2.416667 7.583333 2.416667 8.166667 2.416667 7.083333 2.416667 7.333333 
3.333333 7.666667 3.333333 7.666667 3.333333 12.000000 3.333333 8.000000 3.333333 11.666667 

Cluster 0 is class 8
Cluster 1 is class 0
Cluster 2 is class 0
Cluster 3 is class 7
Cluster 4 is class 8
Cluster 5 is class 8
Cluster 6 is class 0
Cluster 7 is class 0
Cluster 8 is class 0
Cluster 9 is class 4
Cluster 10 is class 0
Cluster 11 is class 8
Cluster 12 is class 0
Cluster 13 is class 0
Cluster 14 is class 0
Cluster 15 is class 0
Cluster 16 is class 0
Cluster 17 is class 5
Cluster 18 is class 0
Cluster 19 is class 0
Cluster 20 is class 8
Cluster 21 is class 5
Cluster 22 is class 9
Cluster 23 is class 7
Cluster 24 is class 0
Cluster 25 is class 4
Cluster 26 is class 8
Cluster 27 is class 0
Cluster 28 is class 9
Cluster 29 is class 7
Cluster 30 is class 0
Cluster 31 is class 8
Cluster 32 is class 0
Cluster 33 is class 9
Cluster 34 is class 8
Cluster 35 is class 9
Cluster 36 is class 0
Cluster 37 is class 0
Cluster 38 is class 7
Cluster 39 is class 7
Cluster 40 is class 0
Cluster 41 is class 0
Cluster 42 is class 0
Cluster 43 is class 0
Cluster 44 is class 0
Cluster 45 is class 4
Cluster 46 is class 0
Cluster 47 is class 0
Cluster 48 is class 0
Cluster 49 is class 0
Cluster 50 is class 0
Cluster 51 is class 7
Cluster 52 is class 0
Cluster 53 is class 0
Cluster 54 is class 0
Cluster 55 is class 4

Overall Accuracy is 0.287771

