----------------------------For Number of clusters 18----------------------------
Avg Clusters:
2.504811 9.657167 2.468079 10.318161 2.489846 4.171431 2.496719 9.673294 2.507192 3.950996 
2.513333 4.302679 2.493915 4.199574 2.502424 10.076695 2.485687 4.174156 2.494686 4.416008 
2.494974 4.716303 2.508096 4.367062 2.501582 10.312090 2.483547 10.060485 2.501408 9.901470 
2.494630 10.264889 2.501160 4.397926 2.504281 10.323421 2.504522 9.757599 2.498167 3.895741 
2.497804 4.389551 2.493593 5.123846 2.515872 4.377265 2.510493 3.451871 2.510118 10.272557 
2.512935 4.348901 2.520726 10.751638 2.483744 10.140491 2.505373 4.219890 2.493341 9.613642 
2.485589 4.089393 2.510699 10.025846 2.497614 4.124254 2.520569 4.057201 2.486136 3.677905 
2.494352 10.531032 2.497776 4.495709 2.499562 10.123551 2.504903 3.825663 2.494882 9.886305 
2.499053 10.323475 2.501621 4.342378 2.492843 3.743489 2.484957 3.679785 2.493007 4.335094 
2.496834 10.009402 2.501845 10.443415 2.505963 9.277195 2.514491 10.126243 2.492288 10.013753 
2.509937 3.744469 2.509457 10.083830 2.519643 9.784511 2.501578 10.370103 2.501301 3.791283 
2.499056 4.047460 2.514378 10.351576 2.504213 3.574020 2.491564 9.970254 2.505185 9.858032 
2.484659 9.784708 2.505132 3.490910 2.506852 3.423377 2.505405 10.736856 2.478080 4.754327 
2.492612 3.109808 2.505179 3.884817 2.483973 4.378755 2.506970 9.866778 2.497374 3.583472 
2.501530 10.685959 2.490876 4.167442 2.501250 4.079842 2.498586 9.000187 2.519289 11.074842 
2.517843 3.740195 2.469409 3.412815 2.497199 3.411951 2.501222 10.384650 2.503817 10.519986 
2.505644 10.234905 2.490630 10.639334 2.496805 3.917849 2.497151 3.640114 2.504972 9.911437 
2.501337 10.152932 2.507468 10.208096 2.509675 10.155903 2.505559 3.803721 2.508487 3.540461 

Avg Classes:
2.501062 6.987991 2.500831 7.004122 2.500320 6.993248 2.501601 6.996249 2.500578 6.990609 
2.499498 7.005723 2.498374 7.006795 2.501292 7.002107 2.499690 7.004367 2.498954 6.983451 
2.499895 6.977804 2.500798 6.985700 2.497879 6.992608 2.496556 7.012830 2.497165 6.990719 
2.505279 7.053359 2.508546 7.025330 2.503622 7.027224 2.496757 7.017660 2.492969 7.021495 
2.515058 7.299356 2.473616 7.259717 2.514286 7.283912 2.472844 7.284170 2.470785 7.327413 
2.523547 7.069138 2.523547 7.098196 2.523547 7.013026 2.523547 6.972445 2.523547 6.891283 
2.484551 7.143258 2.502809 7.093399 2.549157 7.078652 2.497893 7.214185 2.465590 7.115169 
2.417391 6.704348 2.482609 6.821739 2.565217 6.452174 2.560870 6.960870 2.504348 6.700000 
2.416667 8.583333 2.416667 7.583333 2.416667 8.166667 2.416667 7.083333 2.416667 7.333333 
3.333333 7.666667 3.333333 7.666667 3.333333 12.000000 3.333333 8.000000 3.333333 11.666667 

Cluster 0 is class 0
Cluster 1 is class 0
Cluster 2 is class 9
Cluster 3 is class 0
Cluster 4 is class 0
Cluster 5 is class 0
Cluster 6 is class 0
Cluster 7 is class 8
Cluster 8 is class 0
Cluster 9 is class 8
Cluster 10 is class 4
Cluster 11 is class 0
Cluster 12 is class 7
Cluster 13 is class 7
Cluster 14 is class 4
Cluster 15 is class 0
Cluster 16 is class 8
Cluster 17 is class 8

Overall Accuracy is 0.270132

