----------------------------For Number of clusters 54----------------------------
Avg Clusters:
2.520684 10.295066 2.495066 3.691776 2.504203 8.956106 2.501346 10.846985 2.506828 10.666722 
2.504826 10.598989 2.494376 10.112645 2.503843 3.864194 2.502965 3.767558 2.482462 4.045260 
2.511864 3.870180 2.515169 11.049061 2.487364 9.643908 2.505468 3.641405 2.514922 4.075476 
2.482222 9.785634 2.510215 9.489887 2.505082 2.902194 2.482393 3.715581 2.515075 10.741282 
2.474962 4.201035 2.515239 3.710542 2.486779 3.680005 2.506552 9.976015 2.496782 3.276764 
2.481700 10.597268 2.521264 9.798215 2.489175 10.792545 2.500483 4.219763 2.508087 9.278014 
2.507042 10.989071 2.503186 4.310445 2.495794 4.012012 2.504525 10.450452 2.500159 3.564237 
2.519483 3.895720 2.517496 3.622334 2.504531 4.452530 2.467587 3.141259 2.490903 4.172348 
2.494611 3.038333 2.499968 10.088664 2.522006 3.911882 2.524315 3.711651 2.510008 10.162732 
2.506346 3.751091 2.485226 3.768178 2.486350 3.715957 2.497422 10.247951 2.493720 10.944540 
2.507083 4.347609 2.483339 10.719327 2.507702 7.746021 2.507630 10.948833 2.511453 4.617976 
2.471762 9.920744 2.487577 3.605105 2.511537 9.970286 2.503924 3.466037 2.484184 3.497757 
2.507919 10.411686 2.503409 3.078536 2.490876 3.887515 2.482372 3.697838 2.498210 10.183343 
2.506044 10.887842 2.475731 10.551916 2.501698 9.753844 2.500274 9.974216 2.501881 3.404624 
2.497688 10.825210 2.486225 10.637655 2.482372 3.073259 2.528369 10.806859 2.497640 5.406945 
2.483042 10.716901 2.498601 4.535648 2.478962 2.814667 2.494663 10.551065 2.524026 10.456667 
2.506913 3.162147 2.488833 5.266180 2.524309 11.101185 2.483782 10.572053 2.499012 9.848146 
2.509969 10.615961 2.503015 3.578313 2.493073 3.233064 2.511219 3.556201 2.489216 3.226653 
2.483604 3.673533 2.510445 10.535068 2.503559 11.994865 2.477419 9.889310 2.497491 4.225639 
2.504474 10.631522 2.469976 10.826326 2.528676 6.049321 2.472887 10.092605 2.474073 10.692809 
2.518205 3.671416 2.526329 10.882390 2.491876 10.492003 2.496044 4.387197 2.476521 10.950149 
2.491344 4.231296 2.534264 10.792457 2.499073 9.421991 2.508089 10.806420 2.513706 10.937964 
2.513157 3.357294 2.481617 2.818623 2.493339 10.762133 2.487690 5.809961 2.509721 4.453749 
2.528496 10.369000 2.523920 10.643442 2.506662 11.426714 2.550409 10.333440 2.520148 10.528977 
2.480121 10.183870 2.548210 3.603220 2.490745 10.471291 2.500756 10.789546 2.491595 3.222589 
2.490172 4.276713 2.524034 8.716674 2.493111 2.763089 2.481477 11.076970 2.505664 7.619742 
2.483434 9.484834 2.460849 7.097060 2.504806 11.109379 2.532338 10.875502 2.481195 7.116192 
2.503983 6.681194 2.467906 5.987185 2.480143 10.250346 2.493304 2.748615 2.488859 10.473736 
2.531107 5.800073 2.510417 11.535826 2.498367 3.543521 2.504392 6.419964 2.499020 6.254229 
2.453866 5.360530 2.500285 2.168304 2.475011 8.886302 2.534316 3.132422 2.514168 10.361740 
2.564004 2.871140 2.515087 5.494711 2.501313 9.791622 2.496983 10.779340 2.483138 2.741072 
2.496655 11.395729 2.519748 3.273318 2.521871 10.684420 2.508491 3.601891 2.499292 10.509713 
2.497220 10.536843 2.529431 10.525507 2.506922 10.488664 2.510737 3.081099 2.508066 3.138925 
2.496910 4.150301 2.519790 2.519372 2.512859 7.563627 2.524800 11.179609 2.497411 7.219606 
2.491369 4.885140 2.509280 2.055029 2.538092 11.346139 2.484231 11.114731 2.487086 3.491888 
2.480315 3.586632 2.483984 9.970380 2.497090 3.216199 2.537615 3.550459 2.463801 2.953080 
2.475458 11.159655 2.481841 4.140058 2.505484 6.925476 2.541532 6.778767 2.492359 6.945074 
2.484093 6.084459 2.543014 2.923298 2.484006 10.935065 2.457683 7.807635 2.522095 11.311863 
2.495420 3.550210 2.440630 5.770739 2.481038 10.562880 2.511514 2.519305 2.508946 2.773393 
2.498908 3.401288 2.481658 3.545505 2.516158 3.244637 2.528031 3.533632 2.517894 10.636908 
2.485418 2.805526 2.489639 10.916117 2.497621 3.561704 2.485188 10.085418 2.498312 11.187644 
2.476535 2.790230 2.476718 6.987284 2.514226 7.320556 2.512213 6.623914 2.465008 7.299698 
2.499259 7.504127 2.497566 5.909524 2.470899 2.273016 2.456720 6.123915 2.517354 6.562751 
2.511022 10.705529 2.468113 2.990098 2.526818 11.834728 2.450077 7.340092 2.499705 6.677473 
2.520850 1.785074 2.509840 3.752046 2.518219 10.279521 2.484412 3.995518 2.479638 10.978956 
2.539300 10.168094 2.466439 11.368294 2.493055 6.954338 2.512934 2.732430 2.475755 10.504200 
2.512944 2.529772 2.491802 10.494736 2.465395 2.894891 2.497152 10.419917 2.519244 3.041250 
2.467627 7.592177 2.527741 8.874318 2.511580 7.032218 2.466804 6.628821 2.542975 2.478230 
2.472382 7.450754 2.464840 10.502662 2.545586 3.133873 2.468168 10.484139 2.525510 2.061668 
2.495453 7.055621 2.500593 1.927508 2.539607 4.367339 2.481877 8.108211 2.494267 7.132727 
2.512916 2.449800 2.482290 7.877230 2.476431 11.526232 2.547403 2.968442 2.523702 7.717310 
2.540492 7.127822 2.477592 7.209255 2.516455 6.094463 2.461867 7.043132 2.437044 11.683141 
2.531428 7.543660 2.497517 7.639942 2.560010 11.828630 2.505753 6.700739 2.554318 3.219813 
2.581451 8.183926 2.484623 11.025348 2.505887 2.223931 2.517780 10.385752 2.474772 11.356920 

Avg Classes:
2.501062 6.987991 2.500831 7.004122 2.500320 6.993248 2.501601 6.996249 2.500578 6.990609 
2.499498 7.005723 2.498374 7.006795 2.501292 7.002107 2.499690 7.004367 2.498954 6.983451 
2.499895 6.977804 2.500798 6.985700 2.497879 6.992608 2.496556 7.012830 2.497165 6.990719 
2.505279 7.053359 2.508546 7.025330 2.503622 7.027224 2.496757 7.017660 2.492969 7.021495 
2.515058 7.299356 2.473616 7.259717 2.514286 7.283912 2.472844 7.284170 2.470785 7.327413 
2.523547 7.069138 2.523547 7.098196 2.523547 7.013026 2.523547 6.972445 2.523547 6.891283 
2.484551 7.143258 2.502809 7.093399 2.549157 7.078652 2.497893 7.214185 2.465590 7.115169 
2.417391 6.704348 2.482609 6.821739 2.565217 6.452174 2.560870 6.960870 2.504348 6.700000 
2.416667 8.583333 2.416667 7.583333 2.416667 8.166667 2.416667 7.083333 2.416667 7.333333 
3.333333 7.666667 3.333333 7.666667 3.333333 12.000000 3.333333 8.000000 3.333333 11.666667 

Cluster 0 is class 4
Cluster 1 is class 0
Cluster 2 is class 0
Cluster 3 is class 0
Cluster 4 is class 7
Cluster 5 is class 8
Cluster 6 is class 0
Cluster 7 is class 7
Cluster 8 is class 0
Cluster 9 is class 0
Cluster 10 is class 0
Cluster 11 is class 8
Cluster 12 is class 0
Cluster 13 is class 8
Cluster 14 is class 0
Cluster 15 is class 0
Cluster 16 is class 9
Cluster 17 is class 7
Cluster 18 is class 4
Cluster 19 is class 4
Cluster 20 is class 9
Cluster 21 is class 9
Cluster 22 is class 0
Cluster 23 is class 9
Cluster 24 is class 0
Cluster 25 is class 0
Cluster 26 is class 8
Cluster 27 is class 0
Cluster 28 is class 0
Cluster 29 is class 0
Cluster 30 is class 0
Cluster 31 is class 8
Cluster 32 is class 8
Cluster 33 is class 0
Cluster 34 is class 0
Cluster 35 is class 0
Cluster 36 is class 8
Cluster 37 is class 9
Cluster 38 is class 0
Cluster 39 is class 7
Cluster 40 is class 0
Cluster 41 is class 0
Cluster 42 is class 0
Cluster 43 is class 8
Cluster 44 is class 0
Cluster 45 is class 8
Cluster 46 is class 0
Cluster 47 is class 0
Cluster 48 is class 0
Cluster 49 is class 0
Cluster 50 is class 0
Cluster 51 is class 0
Cluster 52 is class 8
Cluster 53 is class 0

Overall Accuracy is 0.307757

