----------------------------For Number of clusters 38----------------------------
Avg Clusters:
2.506978 4.649318 2.490584 4.249144 2.514081 3.805013 2.494803 4.578457 2.514894 10.059983 
2.486770 10.561510 2.514745 3.627488 2.502656 9.894405 2.504443 4.285037 2.506628 10.017103 
2.490541 9.277457 2.537720 10.534202 2.517264 9.750338 2.507222 4.307022 2.518615 3.937445 
2.513844 4.103105 2.512487 4.047857 2.502122 9.719149 2.482773 9.729061 2.501691 3.636277 
2.518346 3.378423 2.525964 10.423843 2.502531 9.734065 2.500916 4.846239 2.498795 10.363621 
2.501043 4.467492 2.525736 9.914669 2.486984 8.887092 2.494812 10.964312 2.502588 10.206787 
2.493357 3.563233 2.517019 9.366562 2.517589 2.738701 2.495307 9.974659 2.503524 9.925536 
2.512564 3.909510 2.482410 10.056774 2.505495 4.134147 2.504529 10.040564 2.513779 3.161402 
2.506898 4.578851 2.481458 3.051702 2.498102 4.661562 2.500475 10.900456 2.485413 10.185420 
2.500997 10.120430 2.507658 9.513218 2.510254 3.050905 2.503462 4.165408 2.478993 3.948912 
2.509118 10.888199 2.464292 9.545003 2.500176 4.035884 2.508118 9.792017 2.497176 10.384434 
2.486367 3.690815 2.496276 10.617261 2.515054 10.784534 2.493296 9.632090 2.502754 3.736479 
2.490059 3.990421 2.502603 10.700875 2.501374 3.386459 2.531377 3.235143 2.479432 9.789871 
2.493611 10.323307 2.496462 3.610407 2.502413 3.946116 2.516865 9.863701 2.497962 3.913510 
2.491641 11.000000 2.505313 4.007722 2.500886 3.307134 2.485584 3.520792 2.502834 9.612532 
2.522068 9.174537 2.498187 2.983488 2.478472 4.756173 2.498225 3.434915 2.476620 3.182948 
2.499088 2.953573 2.524359 4.307597 2.509219 3.914405 2.470362 4.276736 2.488723 3.501300 
2.486887 3.454479 2.511244 3.420878 2.473020 3.229499 2.513789 10.820722 2.510101 3.893690 
2.517504 10.032103 2.482212 4.080874 2.511727 10.441996 2.506013 10.638246 2.502794 10.121058 
2.474432 3.442095 2.502429 3.070928 2.493469 10.779968 2.499084 6.291597 2.486818 10.157706 
2.480722 10.875163 2.521969 3.875205 2.491612 10.787495 2.488248 7.361771 2.476895 3.352016 
2.483672 7.775277 2.477640 3.498333 2.513337 10.918211 2.495930 2.700745 2.517309 3.730460 
2.493489 10.631404 2.510094 10.675100 2.478973 9.712489 2.498377 3.900444 2.492966 10.543378 
2.500815 10.786638 2.501833 3.188410 2.481465 3.595274 2.494042 10.251757 2.526123 10.684897 
2.519529 2.690735 2.466877 5.218047 2.475940 10.491208 2.514357 3.209870 2.486825 4.056839 
2.479722 10.188893 2.518085 4.641335 2.499635 10.206796 2.509987 12.021130 2.517477 3.783705 
2.474566 10.664714 2.509100 10.844646 2.512263 10.659217 2.507285 10.498678 2.493907 9.014830 
2.512993 10.388848 2.481852 10.797107 2.500473 3.301894 2.469279 3.314519 2.498632 10.468280 
2.522719 10.681308 2.457562 10.469978 2.502113 6.627837 2.523554 10.462831 2.512129 3.205697 
2.476633 10.391173 2.505265 10.043920 2.497259 2.115102 2.484350 10.877542 2.493149 3.745781 
2.507246 3.881665 2.486191 3.970741 2.492617 9.314602 2.504307 1.970331 2.512100 10.821985 
2.497294 11.858783 2.450631 7.164917 2.486141 8.607266 2.494588 2.457602 2.481958 4.145809 
2.523874 10.064452 2.486202 10.661220 2.523148 11.730301 2.488744 10.154321 2.534768 2.817357 
2.480626 3.673911 2.488521 10.692695 2.499274 4.485073 2.525227 3.279356 2.476316 3.341289 
2.500098 3.264474 2.491613 11.096469 2.460479 10.851511 2.506886 2.955551 2.503035 3.990797 
2.529770 7.214491 2.486549 11.755022 2.467360 3.656295 2.488971 9.792773 2.509505 7.523942 
2.549736 7.063277 2.473088 7.529211 2.491569 11.283427 2.500681 3.130216 2.465934 10.050843 
2.498204 3.105223 2.470859 4.120408 2.545460 11.034843 2.499779 11.585911 2.496944 9.180959 

Avg Classes:
2.501062 6.987991 2.500831 7.004122 2.500320 6.993248 2.501601 6.996249 2.500578 6.990609 
2.499498 7.005723 2.498374 7.006795 2.501292 7.002107 2.499690 7.004367 2.498954 6.983451 
2.499895 6.977804 2.500798 6.985700 2.497879 6.992608 2.496556 7.012830 2.497165 6.990719 
2.505279 7.053359 2.508546 7.025330 2.503622 7.027224 2.496757 7.017660 2.492969 7.021495 
2.515058 7.299356 2.473616 7.259717 2.514286 7.283912 2.472844 7.284170 2.470785 7.327413 
2.523547 7.069138 2.523547 7.098196 2.523547 7.013026 2.523547 6.972445 2.523547 6.891283 
2.484551 7.143258 2.502809 7.093399 2.549157 7.078652 2.497893 7.214185 2.465590 7.115169 
2.417391 6.704348 2.482609 6.821739 2.565217 6.452174 2.560870 6.960870 2.504348 6.700000 
2.416667 8.583333 2.416667 7.583333 2.416667 8.166667 2.416667 7.083333 2.416667 7.333333 
3.333333 7.666667 3.333333 7.666667 3.333333 12.000000 3.333333 8.000000 3.333333 11.666667 

Cluster 0 is class 7
Cluster 1 is class 3
Cluster 2 is class 8
Cluster 3 is class 0
Cluster 4 is class 0
Cluster 5 is class 0
Cluster 6 is class 0
Cluster 7 is class 7
Cluster 8 is class 0
Cluster 9 is class 0
Cluster 10 is class 4
Cluster 11 is class 0
Cluster 12 is class 0
Cluster 13 is class 7
Cluster 14 is class 0
Cluster 15 is class 7
Cluster 16 is class 7
Cluster 17 is class 0
Cluster 18 is class 9
Cluster 19 is class 0
Cluster 20 is class 8
Cluster 21 is class 0
Cluster 22 is class 8
Cluster 23 is class 4
Cluster 24 is class 0
Cluster 25 is class 0
Cluster 26 is class 8
Cluster 27 is class 4
Cluster 28 is class 8
Cluster 29 is class 0
Cluster 30 is class 0
Cluster 31 is class 8
Cluster 32 is class 8
Cluster 33 is class 0
Cluster 34 is class 0
Cluster 35 is class 0
Cluster 36 is class 8
Cluster 37 is class 4

Overall Accuracy is 0.262758

