----------------------------For Number of clusters 44----------------------------
Avg Clusters:
2.489848 8.895402 2.493533 4.019741 2.513040 9.863548 2.498815 4.311026 2.498345 3.154339 
2.488398 3.756918 2.493800 4.255604 2.495151 10.750755 2.494684 9.896604 2.504358 9.891497 
2.489276 10.098388 2.512993 4.870658 2.497763 10.992434 2.495000 10.711250 2.494046 3.952566 
2.518780 2.835999 2.492304 5.012530 2.478449 9.906840 2.494232 4.073281 2.499413 3.793139 
2.495085 10.309773 2.477794 4.607066 2.488498 3.727794 2.518114 9.421598 2.517986 10.656546 
2.500654 3.865632 2.488980 9.983329 2.512258 3.768293 2.506701 10.359654 2.514009 4.074574 
2.504623 4.269299 2.530300 10.971705 2.506461 9.531636 2.497187 9.805586 2.511892 10.471622 
2.495551 9.786858 2.517472 10.218114 2.460719 9.671629 2.507472 3.842001 2.493347 10.604085 
2.494944 9.765533 2.475641 10.882647 2.512648 9.977496 2.520546 10.273006 2.514997 3.980526 
2.491842 3.881039 2.516423 10.216114 2.510051 3.311374 2.504506 4.314680 2.492348 10.115362 
2.493416 4.739120 2.497436 3.886255 2.488494 11.082899 2.494934 3.079864 2.496944 10.329669 
2.504918 10.954939 2.496454 9.341894 2.514081 3.797607 2.477338 3.719159 2.490617 4.477280 
2.507753 10.074778 2.506698 3.900862 2.507570 10.323287 2.509450 10.924030 2.523167 10.856042 
2.492351 3.331303 2.504640 10.286554 2.506324 10.803805 2.490559 9.543907 2.519078 3.370212 
2.483954 3.967849 2.516076 3.309439 2.467125 3.855806 2.497446 9.771634 2.501845 3.868117 
2.505875 10.941153 2.497126 10.534256 2.513606 9.582727 2.516606 10.465287 2.473119 10.480342 
2.503406 10.218542 2.499874 3.124067 2.470425 3.330858 2.491007 3.970443 2.493530 4.233104 
2.507103 3.511794 2.518653 4.393504 2.522769 3.256052 2.479400 3.236315 2.480506 4.241315 
2.555149 11.200011 2.481129 3.456606 2.521795 10.419934 2.498003 6.265932 2.487204 9.169526 
2.502259 10.149963 2.520960 4.272345 2.504027 3.724237 2.502141 2.925863 2.503713 10.709189 
2.526073 9.725034 2.464346 10.882883 2.497595 3.034814 2.489388 10.194228 2.493167 9.920217 
2.511950 3.118576 2.512071 10.856999 2.493007 10.555157 2.487364 3.377857 2.482205 9.005441 
2.503118 10.707765 2.507307 5.918209 2.506235 3.225546 2.522749 10.534148 2.499513 2.944807 
2.503056 5.329644 2.513706 10.809780 2.490971 10.108214 2.525792 2.883034 2.519957 3.033803 
2.511486 10.341607 2.466439 10.963861 2.501905 3.271235 2.481062 3.342840 2.500448 10.639736 
2.512036 10.465868 2.492092 11.348529 2.498546 3.525701 2.487033 10.202291 2.485522 3.290441 
2.518047 10.277071 2.565582 4.941508 2.490976 6.661296 2.463100 10.993716 2.419191 6.402836 
2.492023 3.199884 2.531085 8.542950 2.482336 3.240190 2.503222 10.734169 2.494112 10.811492 
2.508921 11.128254 2.514755 9.384033 2.544322 10.804421 2.514643 3.027659 2.521151 5.469479 
2.526081 3.523576 2.497069 3.212206 2.531994 10.516110 2.485043 10.621887 2.479731 3.241519 
2.515351 3.777964 2.476869 2.752015 2.507384 3.760913 2.499651 10.325600 2.493408 10.469881 
2.456653 10.154134 2.444774 2.210652 2.517674 2.814829 2.455120 10.792221 2.530798 6.157582 
2.505401 2.824479 2.461800 10.761833 2.491313 4.164384 2.535472 3.689442 2.470876 3.576790 
2.446731 10.496996 2.493463 2.722880 2.494435 10.168375 2.518021 2.227297 2.496820 7.293551 
2.467012 7.097707 2.536915 10.670672 2.511781 2.852890 2.529453 4.034951 2.489711 3.154807 
2.481462 3.790020 2.475050 3.457794 2.504547 3.022211 2.522444 3.620438 2.508628 10.766119 
2.530566 7.306203 2.508598 10.930044 2.466733 6.882957 2.496534 6.463582 2.528406 6.553975 
2.504026 3.347737 2.496958 7.351226 2.499553 8.072911 2.472983 11.354715 2.466810 6.800590 
2.483968 10.041144 2.512942 2.277381 2.517385 7.047132 2.556210 9.590207 2.511590 2.392022 
2.526316 3.289963 2.465853 7.152398 2.523906 7.491153 2.532415 3.460507 2.543483 11.065507 
2.477523 11.140814 2.503909 10.868159 2.502576 9.802061 2.484186 4.985252 2.491915 2.083600 
2.451017 10.774052 2.467070 4.364376 2.525893 10.412974 2.472457 2.785926 2.488620 11.946124 
2.541182 6.666636 2.525909 2.705909 2.510455 7.106818 2.470091 6.454091 2.488545 10.316545 
2.462441 2.143662 2.504695 2.230986 2.531455 7.530634 2.500235 4.244601 2.514319 9.434507 

Avg Classes:
2.501062 6.987991 2.500831 7.004122 2.500320 6.993248 2.501601 6.996249 2.500578 6.990609 
2.499498 7.005723 2.498374 7.006795 2.501292 7.002107 2.499690 7.004367 2.498954 6.983451 
2.499895 6.977804 2.500798 6.985700 2.497879 6.992608 2.496556 7.012830 2.497165 6.990719 
2.505279 7.053359 2.508546 7.025330 2.503622 7.027224 2.496757 7.017660 2.492969 7.021495 
2.515058 7.299356 2.473616 7.259717 2.514286 7.283912 2.472844 7.284170 2.470785 7.327413 
2.523547 7.069138 2.523547 7.098196 2.523547 7.013026 2.523547 6.972445 2.523547 6.891283 
2.484551 7.143258 2.502809 7.093399 2.549157 7.078652 2.497893 7.214185 2.465590 7.115169 
2.417391 6.704348 2.482609 6.821739 2.565217 6.452174 2.560870 6.960870 2.504348 6.700000 
2.416667 8.583333 2.416667 7.583333 2.416667 8.166667 2.416667 7.083333 2.416667 7.333333 
3.333333 7.666667 3.333333 7.666667 3.333333 12.000000 3.333333 8.000000 3.333333 11.666667 

Cluster 0 is class 0
Cluster 1 is class 0
Cluster 2 is class 8
Cluster 3 is class 0
Cluster 4 is class 0
Cluster 5 is class 0
Cluster 6 is class 4
Cluster 7 is class 8
Cluster 8 is class 4
Cluster 9 is class 7
Cluster 10 is class 0
Cluster 11 is class 0
Cluster 12 is class 9
Cluster 13 is class 0
Cluster 14 is class 7
Cluster 15 is class 9
Cluster 16 is class 0
Cluster 17 is class 7
Cluster 18 is class 8
Cluster 19 is class 0
Cluster 20 is class 0
Cluster 21 is class 0
Cluster 22 is class 0
Cluster 23 is class 0
Cluster 24 is class 8
Cluster 25 is class 0
Cluster 26 is class 0
Cluster 27 is class 0
Cluster 28 is class 8
Cluster 29 is class 0
Cluster 30 is class 0
Cluster 31 is class 7
Cluster 32 is class 0
Cluster 33 is class 0
Cluster 34 is class 0
Cluster 35 is class 7
Cluster 36 is class 1
Cluster 37 is class 0
Cluster 38 is class 0
Cluster 39 is class 0
Cluster 40 is class 8
Cluster 41 is class 8
Cluster 42 is class 0
Cluster 43 is class 0

Overall Accuracy is 0.340241

