Avg Clusters:
2.497625 3.494052 2.517468 8.611229 2.496215 2.790003 2.477830 10.379085 2.509287 10.876334 
2.454973 10.351693 2.527806 8.314544 2.487240 7.624251 2.544938 4.191736 2.485464 11.190005 
2.504225 5.115089 2.483101 9.440599 2.519374 11.272425 2.486430 10.614620 2.521891 3.302424 
2.500160 10.662798 2.523610 3.287190 2.474834 3.678193 2.503230 5.106206 2.499442 3.194544 
2.543608 10.175982 2.476038 11.122745 2.470780 3.008854 2.512396 7.401660 2.473990 10.098506 
2.505162 3.380304 2.500451 10.178749 2.500412 3.418927 2.530753 3.461475 2.460062 3.835185 
2.511014 3.176406 2.498680 3.289323 2.506918 6.854997 2.517977 4.894411 2.537275 10.584153 
2.494457 8.633060 2.482256 6.401050 2.550672 3.149164 2.487570 2.330338 2.447425 4.425582 
2.489399 10.489258 2.517529 4.825883 2.517810 10.610859 2.495811 8.006225 2.511023 2.718746 
2.544688 9.856830 2.496484 3.878487 2.502305 11.039775 2.504122 10.317219 2.502585 10.863397 
2.518535 4.617405 2.529493 10.142850 2.474209 10.878326 2.510637 2.827139 2.499037 10.622193 
2.508196 10.627209 2.509424 11.034919 2.524694 9.989054 2.501789 7.255326 2.501949 3.347749 
2.518118 11.247258 2.493735 9.912711 2.504757 3.440707 2.497894 9.787263 2.477567 3.020224 
2.514422 10.034405 2.513435 3.463195 2.500247 3.548064 2.465482 11.070560 2.492397 8.248239 
2.473565 10.789275 2.476959 10.270684 2.472509 10.199261 2.537597 11.876612 2.515423 4.890791 
2.510804 3.784415 2.475061 2.956919 2.488206 10.076708 2.478212 3.874584 2.495183 3.375664 
2.496318 3.532111 2.522995 11.059638 2.511356 10.125766 2.496627 11.041613 2.518463 9.997734 
2.501485 11.189964 2.491690 7.724047 2.512565 3.903814 2.490887 11.092413 2.521156 11.239020 
2.517716 10.955014 2.475965 10.769578 2.462499 11.577071 2.479049 4.051531 2.512601 10.058377 
2.492578 2.912249 2.519707 11.576453 2.440951 9.802706 2.498793 7.268446 2.508885 3.598537 
2.508238 3.163962 2.511879 3.234434 2.489355 3.241345 2.500771 4.324776 2.498426 3.432644 
2.515135 3.760967 2.478386 2.675890 2.501168 4.008232 2.511365 10.919331 2.488317 10.369464 
2.526945 10.528018 2.501571 10.901801 2.513147 10.048984 2.507781 10.656267 2.471292 11.019854 
2.494511 8.227879 2.451337 11.142341 2.482870 5.199514 2.550505 3.475503 2.492227 2.919178 
2.488330 3.001402 2.504521 11.431555 2.494568 3.267400 2.520432 9.155674 2.542090 7.184832 
2.468508 10.638821 2.473962 3.035716 2.505244 10.579733 2.511955 2.699167 2.523641 3.922395 
2.497284 4.035639 2.504890 11.204636 2.502064 10.340239 2.508874 2.378196 2.526114 3.961753 
2.536366 4.593704 2.516328 3.338348 2.535326 2.450392 2.507869 3.208417 2.490259 10.307287 
2.457444 3.382587 2.477063 3.455133 2.500593 11.011321 2.564604 8.265055 2.540718 7.138395 
2.496619 11.532708 2.570909 6.122211 2.503465 2.951657 2.506761 4.901707 2.537272 8.194726 
2.475251 2.853568 2.512238 3.512663 2.467416 4.293289 2.526025 10.967811 2.556089 3.711327 
2.489842 7.132180 2.504891 3.603399 2.470717 11.298345 2.503386 3.612428 2.509029 10.302922 
2.516632 4.261606 2.486072 3.490580 2.552781 10.395475 2.438024 12.177770 2.495808 8.038853 
2.510173 11.255125 2.479232 2.512169 2.491747 4.179040 2.466564 2.997466 2.491132 10.107716 
2.517187 11.532157 2.490667 7.712622 2.531787 7.680928 2.457309 2.984384 2.508778 3.918407 
2.490924 10.726443 2.464107 2.664690 2.487002 6.305938 2.499133 9.017787 2.558150 11.451154 
2.526040 3.406028 2.503787 10.718123 2.483329 6.346295 2.503318 6.265246 2.476692 11.232061 
2.508963 2.294642 2.469347 4.156581 2.495098 11.239279 2.470338 2.748242 2.470338 10.194612 
2.539430 11.146986 2.553571 5.909682 2.511974 11.361994 2.520334 4.050268 2.429088 7.870871 
2.499579 6.643421 2.484022 11.215419 2.483409 3.175722 2.516055 2.700437 2.484635 10.400184 
2.511795 9.155909 2.486648 3.370135 2.464855 2.212909 2.518621 7.364028 2.506766 11.536582 
2.501148 11.114634 2.487877 3.898207 2.490961 4.874892 2.566930 11.158824 2.490531 2.703659 
2.520155 10.357730 2.469843 2.537784 2.537387 8.688224 2.499752 7.063187 2.501535 6.778548 
2.493055 3.295955 2.529251 3.312380 2.501369 10.745615 2.497313 9.791443 2.483423 12.028896 
2.523158 2.633651 2.470746 9.818804 2.518558 11.209434 2.496952 5.762969 2.418761 7.553642 
2.483009 11.517412 2.518254 11.046712 2.483956 2.403472 2.469122 3.554655 2.555708 4.240189 
2.462052 3.315746 2.519477 7.356803 2.592538 6.763808 2.478603 7.319038 2.472659 2.959034 
2.484007 10.778636 2.522028 7.110199 2.482317 10.917562 2.519131 9.848280 2.453591 7.189137 
2.528120 7.218261 2.531173 7.398700 2.542992 11.230080 2.523983 3.254900 2.469516 2.979907 
2.441696 7.754859 2.466726 3.139576 2.482921 7.127797 2.491313 2.523852 2.500000 11.433009 
2.563313 3.119671 2.515625 3.352962 2.473176 10.771405 2.486181 10.664921 2.439126 2.414740 
2.477981 2.253003 2.509325 9.066888 2.533932 2.580998 2.507763 3.705107 2.537252 10.474075 
2.501640 6.123001 2.467712 7.176199 2.483702 2.430709 2.488827 8.247540 2.480525 3.236265 
2.503448 3.787837 2.524765 7.877241 2.549342 11.374420 2.482006 7.867085 2.518119 11.510094 
2.557582 10.976992 2.467997 11.620365 2.527842 6.918615 2.432016 2.766858 2.512055 7.809570 
2.488685 7.429732 2.489614 11.559243 2.533596 3.409191 2.499130 11.594290 2.456655 10.417315 
2.513505 6.484644 2.467763 9.475387 2.501743 6.470812 2.524069 11.440209 2.507406 6.087780 
2.507694 3.146251 2.499200 8.806475 2.540441 2.841069 2.464114 11.851040 2.482703 2.930937 
2.498460 7.298820 2.510906 2.433924 2.540416 2.613549 2.458943 10.566590 2.478573 3.307288 
2.453585 11.774898 2.478659 2.589238 2.539513 10.810537 2.479222 3.479363 2.514720 11.196366 
2.517092 2.657263 2.501589 6.725505 2.450756 7.097979 2.536790 11.095946 2.478841 10.448596 
2.481701 7.156171 2.539043 11.645429 2.550452 10.872129 2.483924 7.257668 2.538746 10.208327 
2.484832 6.338277 2.536201 6.621950 2.481596 4.322907 2.405959 6.731428 2.488877 8.382904 
2.510955 7.300175 2.468595 11.255186 2.554630 6.569384 2.451358 11.204499 2.530675 2.091440 
2.495324 2.119639 2.517414 7.730571 2.485005 8.823444 2.500322 11.529345 2.471300 5.427765 
2.510308 3.179739 2.452251 6.678436 2.466351 7.350237 2.497630 2.328318 2.492299 6.529028 
2.473203 11.687106 2.455076 10.147699 2.547289 2.747320 2.501734 2.488651 2.509458 11.211538 
2.522329 2.351597 2.449845 11.908107 2.462899 5.104088 2.529371 10.375816 2.514256 2.607351 
2.452597 11.087178 2.486984 2.622109 2.476813 9.943456 2.504419 11.843444 2.507931 5.650321 
2.534012 2.565016 2.498843 11.244948 2.540645 6.532932 2.525220 2.103039 2.475397 10.133580 
2.423767 8.840216 2.485450 7.778010 2.442760 2.208399 2.561073 11.821049 2.509148 5.636174 
2.466216 7.664296 2.521693 6.655405 2.483286 2.670164 2.489509 2.759246 2.511202 11.504623 
2.529811 8.197283 2.545057 2.801509 2.547472 11.667019 2.434717 11.206491 2.538868 3.096906 
2.490897 6.966759 2.504690 2.427034 2.494621 6.534207 2.497931 2.688000 2.479310 5.521931 
2.526885 2.249613 2.485655 7.459543 2.440818 11.574644 2.492527 3.662773 2.552998 2.672221 
2.502006 7.234203 2.512370 11.399365 2.433801 6.997660 2.511367 6.319291 2.540622 6.514711 
2.459937 10.466829 2.573234 11.086732 2.476307 11.813613 2.503446 2.524124 2.565336 4.247272 
2.463592 6.945735 2.529646 12.039875 2.484917 2.097261 2.450069 9.512136 2.552878 3.612517 
2.456510 6.748188 2.539597 3.137718 2.519195 7.322282 2.500671 9.811141 2.440268 2.894497 
2.434584 2.559953 2.485676 3.432369 2.526137 2.579149 2.464117 7.316893 2.430597 7.603662 
2.405188 11.265951 2.465116 11.738223 2.480620 8.923375 2.503876 2.729278 2.440072 1.937090 
2.445659 7.240193 2.473955 6.786334 2.523955 7.563505 2.493730 10.837460 2.440997 11.554984 
2.522263 11.732220 2.495516 11.394403 2.537570 4.929654 2.449753 10.982220 2.527984 7.358225 

Avg Classes:
2.501062 6.987991 2.500831 7.004122 2.500320 6.993248 2.501601 6.996249 2.500578 6.990609 
2.499498 7.005723 2.498374 7.006795 2.501292 7.002107 2.499690 7.004367 2.498954 6.983451 
2.499895 6.977804 2.500798 6.985700 2.497879 6.992608 2.496556 7.012830 2.497165 6.990719 
2.505279 7.053359 2.508546 7.025330 2.503622 7.027224 2.496757 7.017660 2.492969 7.021495 
2.515058 7.299356 2.473616 7.259717 2.514286 7.283912 2.472844 7.284170 2.470785 7.327413 
2.523547 7.069138 2.523547 7.098196 2.523547 7.013026 2.523547 6.972445 2.523547 6.891283 
2.484551 7.143258 2.502809 7.093399 2.549157 7.078652 2.497893 7.214185 2.465590 7.115169 
2.417391 6.704348 2.482609 6.821739 2.565217 6.452174 2.560870 6.960870 2.504348 6.700000 
2.416667 8.583333 2.416667 7.583333 2.416667 8.166667 2.416667 7.083333 2.416667 7.333333 
3.333333 7.666667 3.333333 7.666667 3.333333 12.000000 3.333333 8.000000 3.333333 11.666667 

Cluster 0 is class 0
Cluster 1 is class 4
Cluster 2 is class 0
Cluster 3 is class 0
Cluster 4 is class 0
Cluster 5 is class 0
Cluster 6 is class 0
Cluster 7 is class 0
Cluster 8 is class 3
Cluster 9 is class 9
Cluster 10 is class 9
Cluster 11 is class 8
Cluster 12 is class 0
Cluster 13 is class 0
Cluster 14 is class 8
Cluster 15 is class 0
Cluster 16 is class 9
Cluster 17 is class 0
Cluster 18 is class 8
Cluster 19 is class 0
Cluster 20 is class 0
Cluster 21 is class 7
Cluster 22 is class 9
Cluster 23 is class 0
Cluster 24 is class 0
Cluster 25 is class 8
Cluster 26 is class 0
Cluster 27 is class 7
Cluster 28 is class 0
Cluster 29 is class 0
Cluster 30 is class 0
Cluster 31 is class 8
Cluster 32 is class 0
Cluster 33 is class 0
Cluster 34 is class 0
Cluster 35 is class 0
Cluster 36 is class 0
Cluster 37 is class 0
Cluster 38 is class 8
Cluster 39 is class 0
Cluster 40 is class 0
Cluster 41 is class 0
Cluster 42 is class 0
Cluster 43 is class 9
Cluster 44 is class 0
Cluster 45 is class 0
Cluster 46 is class 0
Cluster 47 is class 8
Cluster 48 is class 0
Cluster 49 is class 0
Cluster 50 is class 0
Cluster 51 is class 0
Cluster 52 is class 7
Cluster 53 is class 9
Cluster 54 is class 8
Cluster 55 is class 4
Cluster 56 is class 0
Cluster 57 is class 0
Cluster 58 is class 7
Cluster 59 is class 8
Cluster 60 is class 0
Cluster 61 is class 9
Cluster 62 is class 7
Cluster 63 is class 0
Cluster 64 is class 0
Cluster 65 is class 7
Cluster 66 is class 0
Cluster 67 is class 0
Cluster 68 is class 8
Cluster 69 is class 0
Cluster 70 is class 7
Cluster 71 is class 0
Cluster 72 is class 0
Cluster 73 is class 0
Cluster 74 is class 0
Cluster 75 is class 0
Cluster 76 is class 8
Cluster 77 is class 7
Cluster 78 is class 0
Cluster 79 is class 7
Cluster 80 is class 8
Cluster 81 is class 2
Cluster 82 is class 0

Overall Accuracy is 0.327831

