----------------------------For Number of clusters 95----------------------------
Avg Clusters:
2.498787 10.977898 2.485400 3.075112 2.488500 3.650988 2.485490 3.447484 2.497439 9.616757 
2.499495 3.863706 2.490280 4.691649 2.485629 2.469305 2.474878 10.594541 2.501163 10.061170 
2.494779 10.901549 2.512264 6.943416 2.462529 5.114284 2.509690 11.128515 2.482588 8.747098 
2.515844 3.426730 2.489669 3.691453 2.492762 9.401666 2.491652 3.116002 2.480111 3.703748 
2.487167 6.646218 2.508312 3.104948 2.483862 3.722390 2.498639 9.940599 2.466800 3.095178 
2.519614 5.980175 2.501845 11.084678 2.472477 6.765475 2.493304 10.081145 2.516081 6.427976 
2.482935 3.758629 2.523525 10.121674 2.515185 11.066477 2.490262 7.404454 2.521307 3.352584 
2.516226 2.676057 2.516939 10.635333 2.506455 10.888310 2.530205 10.914343 2.491762 8.256972 
2.437318 11.204427 2.486929 8.837690 2.513361 10.693680 2.523818 10.890264 2.488730 4.645928 
2.493300 3.577446 2.533353 4.011725 2.503104 2.840970 2.489556 3.677160 2.469849 3.979850 
2.490041 4.011260 2.484686 5.415524 2.500300 11.422680 2.524872 3.280853 2.483986 9.758783 
2.530666 8.180523 2.510495 10.856345 2.510018 2.700559 2.468720 10.895325 2.477307 10.996593 
2.525165 8.902285 2.455208 3.125473 2.487523 6.082714 2.479181 3.000631 2.492359 3.597995 
2.494958 9.795142 2.479247 11.026297 2.523985 9.370494 2.513176 4.827121 2.497354 7.205694 
2.466144 3.460873 2.521281 10.714403 2.518572 3.660476 2.540433 3.154043 2.476108 10.465032 
2.506600 2.849156 2.502856 6.421627 2.524749 7.038520 2.524686 11.027224 2.464653 3.084211 
2.506613 9.883279 2.485760 11.262855 2.515887 2.811941 2.512978 3.915656 2.486034 3.872359 
2.443566 7.306434 2.491126 10.811287 2.508389 2.684346 2.500901 10.464226 2.502288 3.131933 
2.471863 3.478880 2.491125 2.427559 2.515272 10.694895 2.478605 7.147289 2.505985 10.258255 
2.486144 2.409199 2.517311 10.519038 2.477363 4.402937 2.505434 10.188368 2.513856 11.118621 
2.505421 5.436416 2.529719 3.221173 2.537372 10.922194 2.478189 10.811480 2.498151 2.787755 
2.496491 8.606168 2.555760 9.748104 2.525487 11.250833 2.490890 2.393123 2.505636 3.121305 
2.530889 6.798729 2.473070 10.870507 2.520054 11.035108 2.469216 11.351912 2.472133 2.785811 
2.469896 10.601025 2.471825 2.316945 2.492515 3.702947 2.474819 10.732220 2.523385 10.254807 
2.516576 2.703355 2.541042 10.884896 2.502586 6.472219 2.546612 3.550192 2.467842 3.634399 
2.519826 10.364770 2.466373 10.779800 2.499036 3.186815 2.471194 3.157286 2.502290 10.671809 
2.488395 11.418306 2.477943 3.223409 2.534122 7.177528 2.523824 7.286812 2.470719 3.944052 
2.515187 11.248053 2.533392 9.580218 2.478680 2.902356 2.555296 6.947722 2.546826 7.892426 
2.485680 4.572520 2.461184 10.143936 2.535316 2.423059 2.515425 3.147527 2.464407 3.043190 
2.475907 6.491746 2.520406 2.856113 2.495433 10.905053 2.539177 11.389173 2.527193 10.490405 
2.530845 10.801169 2.508633 11.328687 2.510791 10.333094 2.520953 10.786871 2.500899 10.489119 
2.534676 3.107768 2.450204 11.055003 2.490859 10.908586 2.468873 3.267685 2.487927 7.596158 
2.455431 10.305256 2.543677 2.756672 2.519738 10.632741 2.533343 3.009888 2.501747 7.413352 
2.492996 11.518283 2.513007 3.657177 2.515554 2.213298 2.563853 9.678279 2.487812 4.245407 
2.485756 7.256202 2.497190 3.155329 2.495640 11.320252 2.467442 5.908236 2.476453 3.339826 
2.510976 5.701187 2.483668 7.025523 2.514442 2.782901 2.458040 7.768617 2.482512 6.807688 
2.523649 11.657623 2.480672 3.001841 2.542857 10.025930 2.463465 10.126531 2.486435 10.591517 
2.469465 11.764692 2.482116 11.293387 2.544681 3.262220 2.494652 11.024727 2.492007 5.284301 
2.502088 10.515069 2.494724 6.420102 2.465270 7.556062 2.527442 3.410613 2.473393 11.314203 
2.493861 8.592307 2.491579 3.541237 2.466587 10.928067 2.513094 6.126915 2.532761 11.399109 
2.528647 2.378031 2.494514 11.516863 2.491670 8.150345 2.495733 11.255316 2.534877 2.805905 
2.486925 10.840297 2.512073 2.914938 2.487326 10.874361 2.517082 11.508566 2.491334 3.960425 
2.546706 11.260175 2.508222 7.278251 2.503440 11.284548 2.483965 3.007464 2.469388 7.620641 
2.472079 2.561251 2.496443 2.260891 2.489426 6.321509 2.544489 8.755872 2.523633 5.418868 
2.493426 3.281226 2.540120 10.879544 2.518271 9.732599 2.523009 6.555491 2.464327 11.673724 
2.443946 11.822309 2.495889 3.575859 2.485987 11.625747 2.475523 7.062593 2.551196 2.593610 
2.418717 7.309712 2.482048 10.557858 2.461683 7.078752 2.533137 3.738552 2.504061 2.751854 
2.542730 11.585577 2.523882 10.150667 2.470850 5.771365 2.497776 7.345001 2.516390 2.358815 
2.457103 10.706448 2.482614 3.040888 2.525948 10.986196 2.450638 2.328849 2.489079 11.874541 
2.525506 7.563178 2.488860 6.739519 2.494576 7.448989 2.480358 7.803430 2.568015 2.966872 
2.473863 10.659827 2.550444 11.553842 2.508495 8.179169 2.528881 3.224124 2.534762 11.377810 
2.550938 3.083704 2.532766 6.802242 2.506766 10.867195 2.464431 10.103808 2.495554 11.332979 
2.471539 2.115559 2.499204 4.183988 2.467744 11.588077 2.525646 7.686375 2.549149 4.278737 
2.484619 3.596945 2.472987 3.169014 2.550277 2.858384 2.515801 3.372504 2.521617 10.455679 
2.499396 6.529234 2.576709 3.015704 2.541194 6.898889 2.443706 11.280986 2.495772 7.463759 
2.556056 6.562337 2.470728 3.057597 2.470846 6.651932 2.495023 4.311211 2.502133 8.559611 
2.488357 2.483983 2.478708 7.351602 2.518976 6.828766 2.459797 6.702817 2.505596 7.964364 
2.529362 6.669601 2.581092 10.385868 2.423972 10.914868 2.569516 2.620765 2.456047 11.280960 
2.514134 2.560987 2.519653 10.932988 2.508503 2.685100 2.513571 10.964073 2.492848 6.218831 
2.511111 5.480087 2.412698 11.416739 2.517605 2.575902 2.492929 6.705772 2.523232 10.305483 
2.505454 7.204243 2.573415 6.618123 2.501978 2.542970 2.486036 3.330457 2.509409 11.132087 
2.519349 10.990912 2.443565 3.696277 2.488860 10.869540 2.518176 2.234975 2.542510 2.467751 
2.534247 6.430354 2.461685 4.898277 2.477553 6.146345 2.576699 10.820833 2.467517 11.944256 
2.534846 10.503006 2.486198 7.184477 2.486198 3.978409 2.464744 11.885898 2.552337 2.541815 
2.500146 2.883952 2.474423 9.546478 2.482315 11.481877 2.494738 2.504092 2.559486 2.568109 
2.501789 10.941789 2.523368 6.703684 2.522000 3.006211 2.480737 2.516737 2.436105 5.284842 
2.470845 2.294877 2.495210 10.455643 2.537693 9.501249 2.505414 2.268638 2.520408 11.849021 
2.524775 2.623875 2.472271 9.939036 2.446623 2.753055 2.496173 9.329663 2.566403 2.114677 
2.510131 11.152825 2.474743 7.702626 2.483019 11.231878 2.548516 7.650257 2.530394 11.010559 
2.467616 2.397493 2.494907 3.723818 2.511883 2.199008 2.461478 10.909637 2.550405 3.896840 
2.471415 7.830313 2.587161 2.437281 2.498104 3.613429 2.441776 6.876247 2.551482 11.472819 
2.565554 2.287159 2.492080 10.240647 2.445399 2.350522 2.460903 5.128918 2.532356 6.405292 
2.600895 10.795345 2.504745 3.638675 2.508147 11.402149 2.488809 7.715667 2.456222 7.227216 
2.537891 11.855384 2.437796 11.199400 2.461162 7.315756 2.438112 2.254973 2.521945 4.456899 
2.512169 11.485865 2.477702 6.230083 2.535903 2.637188 2.497959 7.987150 2.526833 11.742857 
2.518328 7.012937 2.477525 8.793996 2.518660 6.709073 2.466578 7.124399 2.522806 11.515674 
2.537336 11.132717 2.515012 2.781524 2.471286 2.415242 2.508083 3.641416 2.512548 2.699615 
2.553565 11.142783 2.497565 2.780522 2.490609 6.245565 2.513391 11.696348 2.530261 3.044870 
2.492384 11.471249 2.543793 7.008759 2.521706 7.083968 2.559596 2.943260 2.473724 2.391280 
2.476166 5.397590 2.467610 11.102148 2.498690 9.015366 2.469705 11.764100 2.510913 11.617252 
2.535294 2.096359 2.493137 3.113165 2.508263 6.998599 2.540056 11.431092 2.451541 10.843557 
2.484945 4.127737 2.505779 2.506539 2.507603 8.348388 2.464264 2.283911 2.510493 11.619678 
2.391842 9.453895 2.530253 6.668278 2.507249 2.265610 2.445003 6.364585 2.569689 2.339262 
2.520472 6.751494 2.463090 7.011058 2.538553 11.384190 2.492080 10.876569 2.498506 7.105649 
2.549038 10.516598 2.424180 11.574123 2.492644 7.401358 2.489438 11.484911 2.490381 2.493210 
2.508082 5.489897 2.493006 8.066055 2.461299 6.095431 2.511501 2.147031 2.533261 7.071806 
2.451188 7.036928 2.577490 11.296013 2.487723 11.928108 2.430367 7.841092 2.492241 10.404636 
2.507555 11.062363 2.517857 11.403571 2.479396 11.278159 2.517857 6.700687 2.506456 2.707967 
2.555176 2.225383 2.508911 3.146535 2.480828 5.396220 2.569577 6.713051 2.491269 11.437084 
2.508612 2.185579 2.445626 3.835529 2.525329 11.181864 2.461837 11.868119 2.531746 6.694360 
2.506573 2.241951 2.496476 6.370356 2.451705 6.366165 2.517622 2.493046 2.553439 10.918080 
2.477612 11.563433 2.429282 11.555437 2.564854 5.703625 2.509950 8.805615 2.448117 11.330135 
2.538374 10.229105 2.543840 7.427010 2.510818 11.721703 2.487133 6.457527 2.526759 2.846960 
2.519528 11.477064 2.491743 11.087025 2.481258 12.190564 2.431717 2.935256 2.478113 10.650590 
2.533446 8.998793 2.483700 6.978025 2.442405 11.090316 2.472108 11.784110 2.512437 11.533446 

Avg Classes:
2.501062 6.987991 2.500831 7.004122 2.500320 6.993248 2.501601 6.996249 2.500578 6.990609 
2.499498 7.005723 2.498374 7.006795 2.501292 7.002107 2.499690 7.004367 2.498954 6.983451 
2.499895 6.977804 2.500798 6.985700 2.497879 6.992608 2.496556 7.012830 2.497165 6.990719 
2.505279 7.053359 2.508546 7.025330 2.503622 7.027224 2.496757 7.017660 2.492969 7.021495 
2.515058 7.299356 2.473616 7.259717 2.514286 7.283912 2.472844 7.284170 2.470785 7.327413 
2.523547 7.069138 2.523547 7.098196 2.523547 7.013026 2.523547 6.972445 2.523547 6.891283 
2.484551 7.143258 2.502809 7.093399 2.549157 7.078652 2.497893 7.214185 2.465590 7.115169 
2.417391 6.704348 2.482609 6.821739 2.565217 6.452174 2.560870 6.960870 2.504348 6.700000 
2.416667 8.583333 2.416667 7.583333 2.416667 8.166667 2.416667 7.083333 2.416667 7.333333 
3.333333 7.666667 3.333333 7.666667 3.333333 12.000000 3.333333 8.000000 3.333333 11.666667 

Cluster 0 is class 0
Cluster 1 is class 0
Cluster 2 is class 4
Cluster 3 is class 0
Cluster 4 is class 7
Cluster 5 is class 0
Cluster 6 is class 0
Cluster 7 is class 0
Cluster 8 is class 8
Cluster 9 is class 7
Cluster 10 is class 9
Cluster 11 is class 4
Cluster 12 is class 0
Cluster 13 is class 8
Cluster 14 is class 7
Cluster 15 is class 0
Cluster 16 is class 0
Cluster 17 is class 0
Cluster 18 is class 0
Cluster 19 is class 0
Cluster 20 is class 0
Cluster 21 is class 5
Cluster 22 is class 8
Cluster 23 is class 0
Cluster 24 is class 0
Cluster 25 is class 0
Cluster 26 is class 0
Cluster 27 is class 0
Cluster 28 is class 7
Cluster 29 is class 9
Cluster 30 is class 8
Cluster 31 is class 0
Cluster 32 is class 8
Cluster 33 is class 0
Cluster 34 is class 0
Cluster 35 is class 7
Cluster 36 is class 4
Cluster 37 is class 0
Cluster 38 is class 8
Cluster 39 is class 9
Cluster 40 is class 0
Cluster 41 is class 0
Cluster 42 is class 8
Cluster 43 is class 0
Cluster 44 is class 9
Cluster 45 is class 8
Cluster 46 is class 0
Cluster 47 is class 8
Cluster 48 is class 8
Cluster 49 is class 0
Cluster 50 is class 4
Cluster 51 is class 9
Cluster 52 is class 0
Cluster 53 is class 7
Cluster 54 is class 0
Cluster 55 is class 7
Cluster 56 is class 0
Cluster 57 is class 9
Cluster 58 is class 0
Cluster 59 is class 0
Cluster 60 is class 7
Cluster 61 is class 8
Cluster 62 is class 0
Cluster 63 is class 6
Cluster 64 is class 0
Cluster 65 is class 0
Cluster 66 is class 9
Cluster 67 is class 0
Cluster 68 is class 9
Cluster 69 is class 0
Cluster 70 is class 0
Cluster 71 is class 0
Cluster 72 is class 8
Cluster 73 is class 8
Cluster 74 is class 0
Cluster 75 is class 0
Cluster 76 is class 7
Cluster 77 is class 0
Cluster 78 is class 0
Cluster 79 is class 9
Cluster 80 is class 0
Cluster 81 is class 0
Cluster 82 is class 7
Cluster 83 is class 0
Cluster 84 is class 8
Cluster 85 is class 0
Cluster 86 is class 9
Cluster 87 is class 8
Cluster 88 is class 0
Cluster 89 is class 0
Cluster 90 is class 0
Cluster 91 is class 4
Cluster 92 is class 8
Cluster 93 is class 9
Cluster 94 is class 9

Overall Accuracy is 0.290976

