Avg Clusters:
2.498699 10.145944 2.500471 4.319221 2.499991 4.402085 2.484673 3.920107 2.497204 9.928523 
2.523024 3.619508 2.515515 4.237629 2.511585 9.858916 2.480430 10.353889 2.493401 4.137236 
2.493999 3.927347 2.507369 9.966835 2.519433 4.034658 2.514396 4.205605 2.509856 10.165392 
2.507558 10.229657 2.510159 4.945622 2.508245 3.888202 2.494552 4.264085 2.492418 3.205585 
2.498993 10.104199 2.515572 5.076903 2.497443 11.094179 2.502143 3.679191 2.504338 9.890559 
2.504943 4.073438 2.477602 6.046912 2.485348 10.396112 2.504714 3.332611 2.507517 3.617827 
2.488745 10.623829 2.523441 4.224947 2.499144 9.947250 2.496450 10.170158 2.490105 3.852327 
2.499288 9.993422 2.515473 10.589955 2.521237 9.759805 2.493524 3.909492 2.512738 3.855942 
2.495170 10.163149 2.499209 11.039685 2.472281 8.374701 2.505705 4.170857 2.483355 10.769632 
2.490147 4.353663 2.515170 4.149078 2.506782 9.470747 2.508270 10.094872 2.490099 10.957112 
2.502689 3.014055 2.519747 11.368801 2.487479 9.471048 2.519780 5.135702 2.503283 4.373981 
2.510475 9.758481 2.474136 9.937858 2.500890 3.587616 2.497110 10.349584 2.497525 9.743263 
2.509321 10.389486 2.479468 10.945121 2.495759 2.788000 2.484044 3.315880 2.500378 8.075118 
2.494694 3.802275 2.492753 9.858554 2.497593 3.630417 2.499435 10.363319 2.512577 4.078510 
2.485096 9.823719 2.497285 3.771104 2.498914 3.365896 2.505491 10.734086 2.496108 4.181832 
2.499365 3.848023 2.520851 10.642612 2.501471 10.217455 2.489799 10.275626 2.511749 9.842853 
2.502585 3.344145 2.485757 3.662029 2.503087 9.516280 2.497227 3.376798 2.496913 10.288678 
2.500217 3.888419 2.487015 3.806877 2.499658 3.072627 2.483816 10.168365 2.496179 9.990401 
2.471119 10.328848 2.470053 2.983755 2.519691 10.229078 2.515097 3.553126 2.498318 3.511035 
2.494090 4.303856 2.502559 9.791820 2.493910 3.293405 2.531532 3.425946 2.465117 3.304108 
2.502823 3.728345 2.492041 3.381917 2.519758 2.982186 2.502591 3.536184 2.509439 9.760503 
2.490458 3.309022 2.501837 3.291013 2.470881 3.595153 2.512992 9.157289 2.515456 3.336708 
2.519540 10.860852 2.475768 3.956307 2.508448 9.997774 2.510277 10.396493 2.503598 10.509721 
2.499479 10.689092 2.495109 10.928405 2.495954 3.369346 2.500074 7.173427 2.496698 2.968522 
2.517120 3.782362 2.517490 2.912674 2.496120 4.474874 2.464035 3.066819 2.470070 3.550560 
2.501553 5.138669 2.468428 10.528260 2.535340 10.524699 2.493147 10.829572 2.513188 3.038011 
2.502286 3.199695 2.517631 10.572757 2.491460 3.551106 2.487204 10.583636 2.496768 10.737191 
2.501577 10.401453 2.484852 10.397905 2.501633 5.329598 2.506194 11.623888 2.495270 3.391936 
2.478940 11.022340 2.495361 10.528151 2.496055 10.944924 2.523619 10.129612 2.513702 5.440712 
2.537017 10.330870 2.517818 10.568301 2.507113 10.387224 2.504627 10.333702 2.479834 11.239296 
2.485565 6.053967 2.466022 2.696222 2.475691 10.749503 2.522458 6.774121 2.500103 6.772543 
2.505825 10.720836 2.492875 3.243062 2.477474 3.538477 2.504925 10.262113 2.531227 10.753938 
2.514434 3.761779 2.513293 10.360533 2.486224 10.838466 2.505001 3.356278 2.484426 10.542599 

Avg Classes:
2.501062 6.987991 2.500831 7.004122 2.500320 6.993248 2.501601 6.996249 2.500578 6.990609 
2.499498 7.005723 2.498374 7.006795 2.501292 7.002107 2.499690 7.004367 2.498954 6.983451 
2.499895 6.977804 2.500798 6.985700 2.497879 6.992608 2.496556 7.012830 2.497165 6.990719 
2.505279 7.053359 2.508546 7.025330 2.503622 7.027224 2.496757 7.017660 2.492969 7.021495 
2.515058 7.299356 2.473616 7.259717 2.514286 7.283912 2.472844 7.284170 2.470785 7.327413 
2.523547 7.069138 2.523547 7.098196 2.523547 7.013026 2.523547 6.972445 2.523547 6.891283 
2.484551 7.143258 2.502809 7.093399 2.549157 7.078652 2.497893 7.214185 2.465590 7.115169 
2.417391 6.704348 2.482609 6.821739 2.565217 6.452174 2.560870 6.960870 2.504348 6.700000 
2.416667 8.583333 2.416667 7.583333 2.416667 8.166667 2.416667 7.083333 2.416667 7.333333 
3.333333 7.666667 3.333333 7.666667 3.333333 12.000000 3.333333 8.000000 3.333333 11.666667 

Cluster 0 is class 0
Cluster 1 is class 0
Cluster 2 is class 0
Cluster 3 is class 0
Cluster 4 is class 8
Cluster 5 is class 0
Cluster 6 is class 4
Cluster 7 is class 8
Cluster 8 is class 8
Cluster 9 is class 0
Cluster 10 is class 0
Cluster 11 is class 0
Cluster 12 is class 0
Cluster 13 is class 7
Cluster 14 is class 0
Cluster 15 is class 4
Cluster 16 is class 0
Cluster 17 is class 0
Cluster 18 is class 0
Cluster 19 is class 7
Cluster 20 is class 0
Cluster 21 is class 7
Cluster 22 is class 8
Cluster 23 is class 0
Cluster 24 is class 0
Cluster 25 is class 0
Cluster 26 is class 0
Cluster 27 is class 0
Cluster 28 is class 8
Cluster 29 is class 9
Cluster 30 is class 0
Cluster 31 is class 4
Cluster 32 is class 0

Overall Accuracy is 0.337077

