----------------------------For Number of clusters 96----------------------------
Avg Clusters:
2.493922 9.910605 2.507759 9.848532 2.453543 9.261893 2.514717 3.822108 2.474260 11.111089 
2.490992 7.869003 2.457050 10.347932 2.492214 4.361060 2.477865 10.847794 2.507352 3.625301 
2.517683 3.398733 2.484277 6.976164 2.498861 10.420882 2.503054 3.048674 2.482135 9.583949 
2.517146 4.304104 2.522158 11.171456 2.492383 6.660315 2.490646 9.867997 2.486576 10.643194 
2.500964 2.797368 2.453885 3.573647 2.514674 10.961291 2.491383 10.445625 2.538021 6.464897 
2.505624 11.033302 2.545674 7.789159 2.516651 3.549185 2.488177 6.171614 2.504417 2.978548 
2.474300 3.712139 2.507632 10.176073 2.470924 7.236556 2.510152 3.670677 2.513860 3.070230 
2.520398 6.906546 2.524144 7.375741 2.515298 3.157925 2.469456 6.273910 2.498335 10.182797 
2.491967 10.564701 2.484815 3.803972 2.505172 3.244003 2.533451 10.866967 2.507152 3.137489 
2.504121 10.792397 2.492882 8.910385 2.498277 10.821170 2.497877 9.762875 2.472401 2.925571 
2.477647 2.891911 2.512917 9.202512 2.514674 4.904601 2.537450 2.811739 2.473742 10.420967 
2.501853 3.384579 2.507313 5.930646 2.509402 2.873357 2.498753 11.033430 2.492283 7.293388 
2.507241 6.879498 2.512163 2.674700 2.507581 4.015954 2.468319 3.578468 2.503508 10.190032 
2.490944 11.868008 2.505530 11.100096 2.497756 3.372415 2.515547 10.534220 2.492146 4.467062 
2.528965 11.297847 2.478901 10.863476 2.504766 3.589027 2.512233 7.951337 2.510033 10.758149 
2.521596 2.818467 2.494088 3.165849 2.506314 3.435937 2.489504 7.727339 2.471085 11.258425 
2.541927 8.127807 2.519725 8.787502 2.486067 11.068730 2.492567 10.706545 2.502027 11.181286 
2.503358 3.574297 2.512682 2.547500 2.477994 10.322879 2.477147 3.153094 2.485427 6.147943 
2.525073 10.588232 2.545512 9.781452 2.511933 11.348039 2.505205 2.956773 2.532055 6.159515 
2.504768 5.169118 2.494256 11.027114 2.521255 10.932330 2.479779 10.435145 2.542911 3.154929 
2.522295 11.249321 2.534783 3.813193 2.468229 8.108793 2.525747 11.101888 2.464189 5.285169 
2.491101 3.078770 2.505112 10.973415 2.473453 11.720670 2.501098 3.581232 2.489283 4.021965 
2.478142 11.491384 2.498978 10.700711 2.528284 11.103885 2.515042 7.988511 2.555739 9.886963 
2.506069 2.149067 2.493931 10.283189 2.471173 8.617888 2.517296 10.847216 2.463359 4.529358 
2.510520 11.091277 2.516136 6.412205 2.473755 3.271134 2.516735 10.887533 2.486410 8.977686 
2.510715 5.657854 2.488696 3.053170 2.484645 6.522719 2.483246 2.987923 2.520289 2.830253 
2.492330 3.001714 2.562002 11.277402 2.484617 11.004456 2.497043 6.008056 2.491130 10.926729 
2.513122 4.750353 2.528511 11.069140 2.476619 2.452383 2.515278 2.991450 2.466136 5.807375 
2.525658 5.028666 2.467500 11.692816 2.540285 9.822107 2.505132 2.075970 2.467618 10.598325 
2.499132 2.887640 2.521421 11.562254 2.496392 2.717091 2.505801 10.295241 2.546725 6.789805 
2.493894 10.812229 2.507581 2.388657 2.466765 3.110811 2.474551 5.455700 2.542415 4.829112 
2.446894 10.512889 2.485843 3.385054 2.505987 11.073179 2.500352 3.097479 2.528314 3.325328 
2.513547 10.716165 2.462778 3.571419 2.483625 7.725963 2.485269 10.297514 2.526700 11.400894 
2.517410 4.595390 2.480530 10.741540 2.509073 2.699853 2.510054 6.754978 2.504561 2.316135 
2.492027 2.539425 2.492203 3.512441 2.503504 7.063606 2.519888 7.666900 2.502891 2.674172 
2.511469 10.648652 2.477565 11.145239 2.544254 7.087278 2.466264 11.597404 2.449480 9.942710 
2.477675 8.206644 2.516610 10.642258 2.520539 6.508573 2.495981 3.900250 2.471870 6.155206 
2.506555 2.655701 2.490230 9.459560 2.513604 3.829953 2.462651 11.346154 2.500247 2.270591 
2.471815 4.494164 2.507473 2.673096 2.497011 10.336085 2.457295 6.994448 2.487402 11.359858 
2.462946 3.662082 2.532507 4.363492 2.476927 3.226529 2.537509 10.945897 2.521255 2.241759 
2.511823 8.917681 2.492728 5.165034 2.514891 2.594439 2.517463 2.089542 2.457208 4.194717 
2.512999 11.215256 2.478977 11.455868 2.520488 8.318284 2.535145 7.343533 2.532791 3.943939 
2.504458 2.745002 2.493477 3.309620 2.524636 2.804411 2.475082 3.328766 2.496481 5.811544 
2.522756 11.113819 2.470861 3.459173 2.561966 7.947360 2.497637 5.567272 2.463235 8.015668 
2.492252 7.300555 2.487086 2.796250 2.465755 2.923570 2.436197 11.027358 2.511861 11.071265 
2.485792 8.253309 2.473725 11.468665 2.492020 3.031432 2.488030 2.809556 2.510607 11.210588 
2.522990 3.245636 2.455987 4.993484 2.523851 11.440251 2.533194 3.128227 2.511679 2.389722 
2.536128 4.085914 2.531749 3.771557 2.496716 10.709415 2.512043 11.466896 2.459285 2.118966 
2.461308 10.019942 2.488838 3.425748 2.544957 11.950410 2.470484 10.427248 2.522986 7.243713 
2.502643 6.389996 2.491528 4.818761 2.447743 2.713163 2.448827 6.920157 2.465365 3.185983 
2.503888 6.560632 2.522236 6.712272 2.566464 8.481652 2.507169 9.405711 2.567193 3.238761 
2.522576 5.425299 2.531983 3.088535 2.531762 10.764830 2.547587 11.789509 2.492475 11.211487 
2.504958 8.293405 2.480875 8.378246 2.540532 2.969306 2.465292 11.533134 2.491736 11.922714 
2.493675 11.418492 2.564949 6.742878 2.508485 3.219274 2.475265 3.211457 2.517741 8.889952 
2.527059 6.968391 2.537476 2.924689 2.500718 11.392840 2.404813 7.147510 2.466595 3.196480 
2.526155 7.082812 2.471252 11.843221 2.514565 2.256672 2.513345 10.854964 2.456154 9.928168 
2.542302 2.330045 2.491181 11.573094 2.521525 7.281764 2.548132 4.517190 2.479223 7.446188 
2.496597 9.971542 2.493062 4.418736 2.497570 11.288909 2.488820 3.164030 2.520460 11.363323 
2.470603 2.559878 2.498533 11.195766 2.541513 2.578880 2.539982 5.997577 2.556307 11.249458 
2.494795 2.839463 2.502313 10.368263 2.522091 11.562804 2.517233 11.430488 2.506361 9.635670 
2.511948 11.394280 2.488535 3.007845 2.511706 2.947140 2.518224 6.972242 2.535844 11.402124 
2.493298 3.422046 2.497178 1.892593 2.489065 2.812698 2.490476 8.345326 2.441799 5.229806 
2.462182 10.060887 2.506129 10.999801 2.519581 10.370304 2.524763 3.258994 2.482312 1.988241 
2.461383 10.917922 2.472417 3.009688 2.502691 6.874596 2.514666 2.340285 2.520721 11.228741 
2.450502 11.437849 2.525865 2.101600 2.530703 3.340528 2.501489 11.417194 2.516189 8.163379 
2.438989 11.452708 2.499158 2.404091 2.443803 2.363899 2.549699 2.315283 2.488327 9.567268 
2.457981 2.592699 2.494202 8.015891 2.475877 3.139155 2.503508 11.187115 2.551467 11.764639 
2.474150 11.423810 2.413878 6.671156 2.479320 7.485986 2.512789 2.553197 2.488980 4.402993 
2.453596 7.462551 2.503256 4.735685 2.447218 11.223338 2.562280 5.454681 2.482904 7.684532 
2.512417 7.325055 2.525643 7.470096 2.525643 10.775312 2.483321 3.253490 2.480970 2.840852 
2.505641 2.503150 2.464176 2.429744 2.450842 5.668718 2.571429 11.678095 2.512674 10.129231 
2.490572 5.072798 2.480062 2.592117 2.501391 10.520866 2.477125 2.181917 2.540340 11.377589 
2.479303 10.123222 2.540195 3.336583 2.498642 11.421128 2.518939 11.387246 2.532683 2.159342 
2.522981 11.626247 2.531391 2.557598 2.486603 11.611774 2.518873 3.145903 2.388031 8.104244 
2.522175 11.147668 2.510020 3.300591 2.506242 11.744415 2.520368 8.400788 2.464356 11.618594 
2.473987 6.094473 2.524392 7.174208 2.468976 7.756817 2.494473 11.154753 2.494768 7.857332 
2.505455 6.492525 2.516902 11.144242 2.508148 11.397172 2.469360 7.136566 2.517172 6.872323 
2.447341 2.357327 2.486740 2.905895 2.494317 6.116381 2.549477 2.797394 2.506289 11.183361 
2.523556 11.750687 2.444180 8.881943 2.531622 3.860862 2.494409 2.531256 2.512374 11.804400 
2.444127 11.083810 2.469365 10.181270 2.472063 11.089841 2.533175 11.886190 2.505238 6.900476 
2.511613 2.853276 2.502643 7.238347 2.550056 2.915746 2.527150 2.704950 2.472209 2.458113 
2.484567 6.656936 2.554853 2.355708 2.564708 6.300669 2.503533 10.110078 2.535329 7.898661 
2.512697 11.803279 2.472678 2.966570 2.479749 9.717133 2.544519 7.155577 2.560109 2.591610 
2.456271 4.850621 2.529040 1.903503 2.497627 3.653107 2.467119 12.152768 2.551864 4.149379 
2.529010 2.416693 2.504344 7.296618 2.490692 11.515203 2.475489 7.740459 2.496277 3.124884 
2.487805 9.912291 2.447795 11.349994 2.506308 3.515079 2.527574 2.722576 2.482638 2.280187 
2.579085 12.098354 2.463870 11.483139 2.473103 5.828784 2.428944 2.679446 2.545363 6.319550 
2.488077 2.092213 2.470007 8.484911 2.473920 3.417846 2.496088 6.653875 2.538003 5.607675 
2.476320 7.948449 2.507754 2.460394 2.491408 6.354987 2.502515 8.220034 2.372381 2.433780 
2.568256 2.481608 2.528610 6.456948 2.525204 10.950681 2.552452 8.401907 2.541008 11.202997 
2.483017 2.599131 2.477883 6.491114 2.504344 7.847156 2.469984 11.447867 2.423776 11.023697 
2.469150 6.547626 2.493318 2.162923 2.580040 8.436452 2.452943 11.795280 2.546488 5.058573 
2.544120 2.680151 2.484854 4.357479 2.534337 7.023518 2.526811 6.938852 2.467733 7.639323 
2.548364 3.587310 2.501554 6.013897 2.493875 1.999086 2.517096 2.484732 2.506491 11.223807 
2.452559 10.942087 2.476598 11.469678 2.485158 1.877436 2.479694 4.121836 2.475870 6.456201 
2.521679 11.444466 2.493170 2.809345 2.522273 5.828945 2.524451 2.573154 2.450604 2.341912 

Avg Classes:
2.501062 6.987991 2.500831 7.004122 2.500320 6.993248 2.501601 6.996249 2.500578 6.990609 
2.499498 7.005723 2.498374 7.006795 2.501292 7.002107 2.499690 7.004367 2.498954 6.983451 
2.499895 6.977804 2.500798 6.985700 2.497879 6.992608 2.496556 7.012830 2.497165 6.990719 
2.505279 7.053359 2.508546 7.025330 2.503622 7.027224 2.496757 7.017660 2.492969 7.021495 
2.515058 7.299356 2.473616 7.259717 2.514286 7.283912 2.472844 7.284170 2.470785 7.327413 
2.523547 7.069138 2.523547 7.098196 2.523547 7.013026 2.523547 6.972445 2.523547 6.891283 
2.484551 7.143258 2.502809 7.093399 2.549157 7.078652 2.497893 7.214185 2.465590 7.115169 
2.417391 6.704348 2.482609 6.821739 2.565217 6.452174 2.560870 6.960870 2.504348 6.700000 
2.416667 8.583333 2.416667 7.583333 2.416667 8.166667 2.416667 7.083333 2.416667 7.333333 
3.333333 7.666667 3.333333 7.666667 3.333333 12.000000 3.333333 8.000000 3.333333 11.666667 

Cluster 0 is class 8
Cluster 1 is class 0
Cluster 2 is class 0
Cluster 3 is class 0
Cluster 4 is class 0
Cluster 5 is class 0
Cluster 6 is class 0
Cluster 7 is class 7
Cluster 8 is class 7
Cluster 9 is class 8
Cluster 10 is class 0
Cluster 11 is class 0
Cluster 12 is class 7
Cluster 13 is class 0
Cluster 14 is class 0
Cluster 15 is class 0
Cluster 16 is class 9
Cluster 17 is class 0
Cluster 18 is class 8
Cluster 19 is class 0
Cluster 20 is class 3
Cluster 21 is class 0
Cluster 22 is class 8
Cluster 23 is class 0
Cluster 24 is class 4
Cluster 25 is class 7
Cluster 26 is class 9
Cluster 27 is class 0
Cluster 28 is class 0
Cluster 29 is class 7
Cluster 30 is class 0
Cluster 31 is class 8
Cluster 32 is class 8
Cluster 33 is class 0
Cluster 34 is class 7
Cluster 35 is class 8
Cluster 36 is class 5
Cluster 37 is class 0
Cluster 38 is class 9
Cluster 39 is class 7
Cluster 40 is class 0
Cluster 41 is class 8
Cluster 42 is class 2
Cluster 43 is class 0
Cluster 44 is class 0
Cluster 45 is class 0
Cluster 46 is class 0
Cluster 47 is class 0
Cluster 48 is class 8
Cluster 49 is class 7
Cluster 50 is class 0
Cluster 51 is class 9
Cluster 52 is class 4
Cluster 53 is class 0
Cluster 54 is class 0
Cluster 55 is class 0
Cluster 56 is class 5
Cluster 57 is class 9
Cluster 58 is class 0
Cluster 59 is class 9
Cluster 60 is class 0
Cluster 61 is class 0
Cluster 62 is class 8
Cluster 63 is class 0
Cluster 64 is class 0
Cluster 65 is class 0
Cluster 66 is class 0
Cluster 67 is class 0
Cluster 68 is class 8
Cluster 69 is class 0
Cluster 70 is class 0
Cluster 71 is class 0
Cluster 72 is class 8
Cluster 73 is class 8
Cluster 74 is class 9
Cluster 75 is class 0
Cluster 76 is class 4
Cluster 77 is class 0
Cluster 78 is class 0
Cluster 79 is class 8
Cluster 80 is class 7
Cluster 81 is class 0
Cluster 82 is class 8
Cluster 83 is class 0
Cluster 84 is class 0
Cluster 85 is class 0
Cluster 86 is class 8
Cluster 87 is class 7
Cluster 88 is class 0
Cluster 89 is class 9
Cluster 90 is class 0
Cluster 91 is class 0
Cluster 92 is class 7
Cluster 93 is class 0
Cluster 94 is class 0
Cluster 95 is class 0

Overall Accuracy is 0.296094

