----------------------------For Number of clusters 29----------------------------
Avg Clusters:
2.503723 10.033562 2.473595 9.785731 2.504586 9.189381 2.513855 9.829847 2.519496 4.015428 
2.512278 4.154971 2.482647 4.189142 2.494845 9.864011 2.477252 4.187343 2.495237 3.937677 
2.519516 3.613502 2.519404 3.918748 2.504694 9.176922 2.500269 10.765204 2.498944 4.079501 
2.507889 9.638406 2.493011 3.972688 2.495032 4.208192 2.510442 9.712793 2.483662 10.139572 
2.493560 4.536457 2.495087 3.938934 2.495710 9.479476 2.502806 3.807018 2.506504 10.600060 
2.487261 9.695478 2.492455 10.016466 2.481962 2.916474 2.476950 9.881957 2.485183 4.011973 
2.512061 3.646637 2.517891 10.105160 2.505593 4.383067 2.484849 9.933237 2.511814 10.163807 
2.497989 9.500173 2.509654 3.227356 2.496285 3.893979 2.515034 9.905963 2.497776 3.332499 
2.497537 3.934433 2.508100 4.791365 2.495219 10.369722 2.498722 10.525645 2.492664 10.743921 
2.494012 10.221107 2.510054 4.497784 2.496657 3.949058 2.478852 3.149641 2.499571 9.797752 
2.495244 3.590935 2.508286 6.369290 2.506989 3.040111 2.507038 4.532161 2.479848 3.691286 
2.505640 3.217020 2.485426 10.177395 2.507279 4.084552 2.501623 10.302568 2.515570 3.334801 
2.489123 3.814972 2.497513 10.995187 2.483100 8.574632 2.524671 3.296970 2.510716 4.257253 
2.482926 10.825816 2.487657 4.043199 2.516328 10.178503 2.519002 3.966958 2.493777 4.390280 
2.488337 3.611813 2.506535 10.794978 2.513914 10.957539 2.489025 9.927084 2.508411 4.851010 
2.478948 4.010498 2.506372 10.091001 2.507130 3.616909 2.524448 3.272947 2.488492 10.183854 
2.514451 3.316851 2.480451 3.034192 2.528634 3.325782 2.504408 5.181846 2.517748 10.253527 
2.490743 10.758001 2.507068 4.681078 2.502547 10.845616 2.501794 4.280963 2.515392 10.822187 
2.508032 10.157033 2.516562 10.952745 2.485457 9.647664 2.499104 3.962156 2.485400 9.785335 
2.498398 10.318714 2.491872 10.327216 2.512200 3.991228 2.504835 3.289794 2.491632 3.791785 
2.517173 10.496240 2.471613 10.852808 2.505739 3.172127 2.486301 4.713268 2.509345 10.623818 
2.513630 10.811527 2.472929 4.172754 2.504974 10.606614 2.498102 10.820715 2.503379 9.451401 
2.479778 3.257531 2.482556 3.411679 2.480748 3.119173 2.496273 11.218410 2.527764 8.186213 
2.469234 10.141747 2.565845 3.551642 2.513798 10.822840 2.493208 10.468138 2.492732 3.088604 
2.508925 10.133831 2.505431 3.379392 2.484794 3.456035 2.493672 3.383878 2.492822 3.356630 
2.502807 8.446159 2.514245 10.944308 2.509088 10.174230 2.507757 10.570187 2.484507 10.836376 
2.505469 9.675649 2.536688 10.465941 2.504530 11.100277 2.507488 3.610629 2.504014 3.041923 
2.515992 10.648722 2.453931 10.406146 2.512014 3.570697 2.494470 10.978423 2.506511 10.473765 
2.518376 3.153325 2.521192 10.433800 2.492315 10.759854 2.495092 4.280170 2.480749 10.559161 

Avg Classes:
2.501062 6.987991 2.500831 7.004122 2.500320 6.993248 2.501601 6.996249 2.500578 6.990609 
2.499498 7.005723 2.498374 7.006795 2.501292 7.002107 2.499690 7.004367 2.498954 6.983451 
2.499895 6.977804 2.500798 6.985700 2.497879 6.992608 2.496556 7.012830 2.497165 6.990719 
2.505279 7.053359 2.508546 7.025330 2.503622 7.027224 2.496757 7.017660 2.492969 7.021495 
2.515058 7.299356 2.473616 7.259717 2.514286 7.283912 2.472844 7.284170 2.470785 7.327413 
2.523547 7.069138 2.523547 7.098196 2.523547 7.013026 2.523547 6.972445 2.523547 6.891283 
2.484551 7.143258 2.502809 7.093399 2.549157 7.078652 2.497893 7.214185 2.465590 7.115169 
2.417391 6.704348 2.482609 6.821739 2.565217 6.452174 2.560870 6.960870 2.504348 6.700000 
2.416667 8.583333 2.416667 7.583333 2.416667 8.166667 2.416667 7.083333 2.416667 7.333333 
3.333333 7.666667 3.333333 7.666667 3.333333 12.000000 3.333333 8.000000 3.333333 11.666667 

Cluster 0 is class 4
Cluster 1 is class 0
Cluster 2 is class 0
Cluster 3 is class 0
Cluster 4 is class 0
Cluster 5 is class 5
Cluster 6 is class 0
Cluster 7 is class 7
Cluster 8 is class 9
Cluster 9 is class 0
Cluster 10 is class 0
Cluster 11 is class 0
Cluster 12 is class 5
Cluster 13 is class 5
Cluster 14 is class 0
Cluster 15 is class 0
Cluster 16 is class 0
Cluster 17 is class 8
Cluster 18 is class 8
Cluster 19 is class 0
Cluster 20 is class 0
Cluster 21 is class 8
Cluster 22 is class 0
Cluster 23 is class 0
Cluster 24 is class 0
Cluster 25 is class 9
Cluster 26 is class 8
Cluster 27 is class 3
Cluster 28 is class 9

Overall Accuracy is 0.296004

