----------------------------For Number of clusters 94----------------------------
Avg Clusters:
2.496489 10.945312 2.495647 3.677527 2.497372 3.313205 2.476147 3.629699 2.510051 9.991494 
2.478813 3.602963 2.516278 3.513091 2.489019 3.646973 2.511842 10.580398 2.512876 3.282491 
2.505863 10.543645 2.479598 6.305696 2.512794 3.336808 2.496170 10.828131 2.533118 10.754234 
2.511476 3.727671 2.525058 4.190836 2.500430 3.386960 2.489341 2.911287 2.482507 4.862030 
2.508625 10.770921 2.487425 3.251669 2.519308 3.264634 2.521311 10.646450 2.497051 3.664367 
2.522154 6.805577 2.510140 10.298027 2.489805 7.065414 2.520831 10.795713 2.448969 8.207374 
2.530519 4.426142 2.488561 9.294095 2.492316 10.691531 2.519080 2.693646 2.515022 4.025814 
2.510435 2.801626 2.480634 4.253813 2.500803 10.895545 2.477323 10.605509 2.501555 6.003913 
2.533682 10.017057 2.460218 11.211864 2.502213 9.329267 2.517489 9.791806 2.516086 2.557757 
2.518376 11.156244 2.480983 10.860047 2.489192 3.354307 2.529729 7.050221 2.491245 10.090886 
2.481377 6.826953 2.471015 6.235968 2.469288 8.845662 2.526222 3.231478 2.501410 10.991077 
2.519418 10.586578 2.499238 5.164538 2.509486 10.567818 2.504861 10.862263 2.502023 10.291923 
2.491184 2.984221 2.500136 10.597251 2.512162 3.507460 2.549643 3.368795 2.486436 9.308617 
2.483116 10.104538 2.563316 7.095040 2.550587 10.449281 2.491426 5.638438 2.488788 5.972167 
2.486928 3.519155 2.498099 3.223782 2.514067 3.388548 2.518921 3.694332 2.507691 11.116278 
2.515876 4.077804 2.504175 10.570979 2.515526 4.560978 2.492025 10.753388 2.489924 2.661433 
2.466778 9.899014 2.507057 7.569504 2.539602 3.131791 2.488110 3.468132 2.474512 5.607785 
2.476670 10.295290 2.494890 11.163531 2.523330 2.624204 2.499704 10.761517 2.500222 3.735150 
2.496775 3.772633 2.497871 2.874057 2.499331 10.180823 2.495193 7.315101 2.490813 11.082563 
2.472589 3.333982 2.500815 10.330986 2.491248 4.070223 2.493509 10.270802 2.502917 11.515585 
2.501169 3.179937 2.533210 11.301361 2.495737 10.944032 2.527778 7.595091 2.486386 7.310025 
2.478982 10.460284 2.538802 10.889850 2.509419 10.904611 2.516730 3.182553 2.515746 2.846619 
2.487076 3.531416 2.483563 9.583378 2.523727 11.002850 2.468849 10.641702 2.540164 2.613998 
2.499360 4.359357 2.490290 2.866897 2.514050 3.251850 2.484169 10.724000 2.490179 10.665294 
2.536583 4.563456 2.515180 2.772335 2.493381 10.560761 2.495363 10.156797 2.505192 2.165200 
2.513126 3.191332 2.504316 11.108481 2.522203 8.117469 2.511257 3.655780 2.477263 11.425024 
2.538060 7.934896 2.526795 2.568044 2.463762 4.149921 2.495072 6.392860 2.461526 5.936221 
2.467684 5.931826 2.486004 10.818157 2.514881 3.420418 2.542805 3.125928 2.462440 2.856977 
2.529567 2.367969 2.445794 9.885047 2.456500 3.105438 2.525149 6.648173 2.562872 3.819371 
2.531338 10.935964 2.471384 2.498002 2.519007 10.782720 2.518667 6.773705 2.491198 10.598605 
2.483555 10.928777 2.503460 2.842003 2.485810 10.570562 2.484255 11.386440 2.506804 4.355027 
2.490794 2.940570 2.492429 3.256913 2.509775 10.937442 2.498898 3.521291 2.484752 6.123907 
2.492910 10.221820 2.475763 2.960715 2.536102 7.296918 2.516061 2.811243 2.491608 3.293662 
2.480498 11.433042 2.492106 2.367292 2.485141 4.159268 2.520617 10.307857 2.507708 9.153418 
2.472165 6.781408 2.503507 4.137796 2.520820 11.050164 2.474296 4.332327 2.511054 2.282696 
2.441979 6.639027 2.512581 7.445164 2.481580 2.482429 2.470432 10.858902 2.468946 7.001062 
2.486429 7.057888 2.559690 3.230704 2.537002 7.005513 2.458545 10.726463 2.450488 4.978584 
2.534487 9.757364 2.475086 11.582106 2.528841 3.534855 2.495582 11.549460 2.466372 11.125920 
2.475153 7.952801 2.545952 8.353223 2.511608 2.898216 2.489351 2.731485 2.540388 11.350729 
2.487078 2.523072 2.534791 4.334833 2.509260 7.578006 2.490635 6.242963 2.526107 2.536256 
2.486030 3.231113 2.546156 11.191663 2.448480 10.351028 2.486924 5.953509 2.499329 2.314372 
2.482230 2.266231 2.482984 11.014316 2.487002 7.563481 2.474570 11.253799 2.536858 6.755494 
2.432799 10.933635 2.534657 2.998132 2.549798 10.275096 2.490316 2.301445 2.501819 10.754006 
2.523210 9.884169 2.484673 6.777097 2.481936 5.646376 2.456536 7.133348 2.523648 2.277316 
2.518005 6.709974 2.526567 10.632215 2.500618 11.040953 2.474581 10.115093 2.529038 11.498676 
2.476275 11.432816 2.447598 6.597339 2.457797 11.498448 2.504508 8.022912 2.533925 2.357428 
2.496169 11.321571 2.512140 11.177188 2.501133 3.637531 2.508363 6.135966 2.469408 2.947340 
2.478349 11.291921 2.524847 3.261842 2.477768 2.466579 2.492299 5.765766 2.525574 2.606510 
2.487843 11.747806 2.525594 8.955210 2.472212 7.501463 2.521389 3.969196 2.473949 11.050731 
2.455786 7.125213 2.478563 11.421803 2.491108 7.551766 2.539586 5.389647 2.514495 4.806699 
2.499037 10.461718 2.489301 11.563939 2.485752 10.978197 2.471656 2.891796 2.490620 10.293682 
2.489320 2.649191 2.551564 7.965480 2.547789 11.146278 2.506472 7.343258 2.497843 11.333549 
2.512129 2.474281 2.490566 4.317947 2.456649 6.716195 2.524483 11.180481 2.515611 8.853886 
2.509757 2.885505 2.488663 7.023012 2.516638 3.080993 2.425719 6.883813 2.542696 10.768979 
2.500316 2.434995 2.484380 10.006311 2.495267 11.101767 2.508836 11.894131 2.524929 10.413537 
2.486871 7.298482 2.502289 2.819321 2.440737 10.684172 2.532763 2.899181 2.454951 7.402313 
2.568344 2.519538 2.468755 2.564391 2.506310 5.786225 2.532614 6.197202 2.475597 7.752319 
2.537503 6.104813 2.513560 10.841070 2.510872 11.617640 2.514781 3.012460 2.478989 9.801857 
2.534509 3.120097 2.512770 11.553360 2.498632 2.196260 2.518395 10.867893 2.517635 7.093341 
2.520238 7.176278 2.460541 12.213471 2.426785 2.907173 2.497265 3.820753 2.446632 10.915768 
2.529532 11.523990 2.484906 11.566428 2.517136 3.375674 2.481406 2.319965 2.516261 9.092314 
2.489440 11.575894 2.441988 3.288651 2.474514 11.701352 2.489721 2.812729 2.523233 3.812306 
2.502200 11.746531 2.489509 2.805415 2.507783 7.741455 2.472081 6.317259 2.505415 6.711675 
2.515739 11.871696 2.496082 9.325408 2.492097 5.239208 2.465268 11.109576 2.483198 6.785230 
2.522623 2.201978 2.499052 10.473584 2.518152 6.068003 2.481712 2.430642 2.445272 3.395692 
2.575935 11.123248 2.453855 10.892085 2.483645 7.197576 2.381425 2.479556 2.589953 5.720064 
2.496533 1.922920 2.480628 10.885196 2.455139 11.731852 2.468393 2.681688 2.491436 9.338499 
2.495535 2.079992 2.496865 6.095763 2.521186 2.337450 2.509975 11.303439 2.486605 7.332130 
2.518553 11.560810 2.493855 11.304343 2.508838 10.202271 2.531312 10.323189 2.494557 10.535994 
2.474637 3.407207 2.510053 7.523508 2.484998 7.642128 2.484225 6.370554 2.467986 6.994432 
2.476960 9.121396 2.480733 2.663568 2.437887 6.431016 2.454729 10.467798 2.520210 11.885476 
2.524752 7.139621 2.563014 11.226548 2.463668 2.679476 2.455446 6.779661 2.582145 6.789059 
2.513789 7.249886 2.499010 2.871096 2.489258 11.644218 2.467012 8.206156 2.522779 6.204175 
2.572447 11.400193 2.487669 7.172254 2.481310 11.569171 2.510212 2.303083 2.462620 8.380347 
2.437631 10.920972 2.533881 11.583132 2.518268 11.285047 2.467407 7.306132 2.529535 6.827137 
2.599580 7.658368 2.516347 6.200060 2.487403 3.683713 2.493701 7.475855 2.469856 11.405519 
2.535145 10.096582 2.480982 3.399299 2.478878 2.507274 2.506573 1.907800 2.459246 3.265732 
2.514526 11.108672 2.522488 2.082204 2.504842 10.286637 2.563589 7.403917 2.510222 2.261674 
2.469434 11.148012 2.545104 7.756350 2.515677 6.983009 2.539149 2.415835 2.445787 2.391662 
2.497627 3.669786 2.525178 4.636436 2.545874 10.384656 2.528078 11.742684 2.457685 11.636436 
2.519162 6.686049 2.526902 2.037002 2.514442 10.401548 2.528035 11.660374 2.526336 10.368133 
2.513699 3.225171 2.501284 2.785674 2.499429 10.458619 2.447774 2.370862 2.509846 11.499572 
2.433669 5.729721 2.473815 5.983149 2.519081 2.219230 2.533289 6.988435 2.439121 2.386090 
2.523654 3.099215 2.429611 3.313158 2.446083 9.066462 2.482475 2.032561 2.499713 2.254932 
2.501103 10.054067 2.475883 7.278216 2.471627 4.282314 2.496532 11.888871 2.531841 2.195145 
2.518887 7.938551 2.476053 11.620640 2.512200 7.306886 2.477137 5.295319 2.487981 11.238207 
2.465962 7.574015 2.488268 9.644699 2.525203 11.698581 2.535197 11.423812 2.478273 5.831402 
2.516224 11.207397 2.461992 11.011119 2.458135 2.363966 2.460858 2.227819 2.545950 2.879737 
2.502777 7.657237 2.460430 2.130510 2.529330 6.017355 2.462687 4.418952 2.587470 11.558660 
2.492329 8.026098 2.496209 6.323576 2.574678 10.585435 2.539587 11.583319 2.471169 2.355317 
2.486165 2.281086 2.516287 6.686340 2.492644 9.604203 2.528371 2.338354 2.514711 10.373205 
2.451548 11.997981 2.481830 9.266712 2.526694 10.712876 2.509646 11.733064 2.477568 5.857111 
2.462163 11.822392 2.553115 5.873956 2.457866 7.470279 2.550728 10.678921 2.483648 4.029124 
2.527944 9.795591 2.530265 7.485980 2.461033 11.788049 2.505318 6.394314 2.515181 11.655773 

Avg Classes:
2.501062 6.987991 2.500831 7.004122 2.500320 6.993248 2.501601 6.996249 2.500578 6.990609 
2.499498 7.005723 2.498374 7.006795 2.501292 7.002107 2.499690 7.004367 2.498954 6.983451 
2.499895 6.977804 2.500798 6.985700 2.497879 6.992608 2.496556 7.012830 2.497165 6.990719 
2.505279 7.053359 2.508546 7.025330 2.503622 7.027224 2.496757 7.017660 2.492969 7.021495 
2.515058 7.299356 2.473616 7.259717 2.514286 7.283912 2.472844 7.284170 2.470785 7.327413 
2.523547 7.069138 2.523547 7.098196 2.523547 7.013026 2.523547 6.972445 2.523547 6.891283 
2.484551 7.143258 2.502809 7.093399 2.549157 7.078652 2.497893 7.214185 2.465590 7.115169 
2.417391 6.704348 2.482609 6.821739 2.565217 6.452174 2.560870 6.960870 2.504348 6.700000 
2.416667 8.583333 2.416667 7.583333 2.416667 8.166667 2.416667 7.083333 2.416667 7.333333 
3.333333 7.666667 3.333333 7.666667 3.333333 12.000000 3.333333 8.000000 3.333333 11.666667 

Cluster 0 is class 0
Cluster 1 is class 0
Cluster 2 is class 0
Cluster 3 is class 7
Cluster 4 is class 7
Cluster 5 is class 4
Cluster 6 is class 0
Cluster 7 is class 0
Cluster 8 is class 8
Cluster 9 is class 8
Cluster 10 is class 0
Cluster 11 is class 9
Cluster 12 is class 0
Cluster 13 is class 8
Cluster 14 is class 7
Cluster 15 is class 0
Cluster 16 is class 7
Cluster 17 is class 0
Cluster 18 is class 9
Cluster 19 is class 4
Cluster 20 is class 4
Cluster 21 is class 8
Cluster 22 is class 0
Cluster 23 is class 7
Cluster 24 is class 0
Cluster 25 is class 0
Cluster 26 is class 0
Cluster 27 is class 0
Cluster 28 is class 7
Cluster 29 is class 9
Cluster 30 is class 8
Cluster 31 is class 0
Cluster 32 is class 0
Cluster 33 is class 4
Cluster 34 is class 0
Cluster 35 is class 0
Cluster 36 is class 0
Cluster 37 is class 0
Cluster 38 is class 0
Cluster 39 is class 0
Cluster 40 is class 0
Cluster 41 is class 0
Cluster 42 is class 0
Cluster 43 is class 0
Cluster 44 is class 9
Cluster 45 is class 8
Cluster 46 is class 5
Cluster 47 is class 0
Cluster 48 is class 8
Cluster 49 is class 0
Cluster 50 is class 8
Cluster 51 is class 9
Cluster 52 is class 0
Cluster 53 is class 0
Cluster 54 is class 9
Cluster 55 is class 0
Cluster 56 is class 0
Cluster 57 is class 9
Cluster 58 is class 0
Cluster 59 is class 0
Cluster 60 is class 0
Cluster 61 is class 8
Cluster 62 is class 8
Cluster 63 is class 3
Cluster 64 is class 0
Cluster 65 is class 8
Cluster 66 is class 9
Cluster 67 is class 7
Cluster 68 is class 8
Cluster 69 is class 0
Cluster 70 is class 0
Cluster 71 is class 5
Cluster 72 is class 0
Cluster 73 is class 8
Cluster 74 is class 8
Cluster 75 is class 0
Cluster 76 is class 7
Cluster 77 is class 0
Cluster 78 is class 0
Cluster 79 is class 9
Cluster 80 is class 9
Cluster 81 is class 0
Cluster 82 is class 0
Cluster 83 is class 0
Cluster 84 is class 0
Cluster 85 is class 8
Cluster 86 is class 4
Cluster 87 is class 0
Cluster 88 is class 0
Cluster 89 is class 0
Cluster 90 is class 0
Cluster 91 is class 8
Cluster 92 is class 0
Cluster 93 is class 9

Overall Accuracy is 0.283059

