----------------------------For Number of clusters 89----------------------------
Avg Clusters:
2.542785 10.604089 2.470471 10.652885 2.494888 6.794667 2.529379 9.293974 2.512077 3.683519 
2.490561 2.756669 2.490777 10.097029 2.530231 3.814244 2.519583 3.895426 2.506443 9.724795 
2.480214 10.642192 2.540022 8.290435 2.516146 11.207555 2.475769 5.598979 2.517801 3.440925 
2.495602 9.757962 2.487629 3.419559 2.482213 3.908142 2.464145 10.930110 2.491139 5.817280 
2.487096 3.160073 2.511468 3.184837 2.469948 3.973104 2.510641 10.751404 2.533795 4.280933 
2.489196 2.876846 2.489349 3.327553 2.518840 10.127845 2.529645 9.127730 2.495194 9.809982 
2.525724 10.961413 2.493858 2.812841 2.518742 9.853160 2.499213 7.238555 2.496640 4.742703 
2.501319 9.674096 2.485070 11.104849 2.508167 2.908932 2.511527 3.947895 2.494768 3.940323 
2.516444 2.999346 2.484995 10.477667 2.502225 10.185292 2.483861 3.027611 2.501788 8.681671 
2.512908 3.428613 2.477264 5.005036 2.498386 3.180618 2.483376 10.778897 2.492910 10.951545 
2.498912 3.216329 2.522302 9.597367 2.478296 4.487544 2.516101 2.600033 2.448379 3.510498 
2.512350 9.587905 2.496067 3.401573 2.497570 10.133524 2.523974 6.031765 2.527932 10.765770 
2.501515 2.865458 2.497741 4.401452 2.487335 8.387844 2.513466 3.262965 2.481560 10.799417 
2.529726 3.628041 2.440608 6.677347 2.516376 10.896464 2.514418 2.774772 2.494126 3.949864 
2.475397 3.497725 2.539931 11.153916 2.468678 11.058375 2.504095 5.607265 2.525793 2.951634 
2.527642 2.953623 2.510274 2.756664 2.526815 4.595140 2.454291 3.438705 2.503785 4.227750 
2.485488 7.271832 2.508398 2.927280 2.489542 10.099105 2.511230 2.828174 2.483236 3.877019 
2.465053 10.969244 2.467218 11.292344 2.482429 8.208016 2.491645 4.720202 2.507356 10.147616 
2.481737 7.264842 2.463712 10.485604 2.517430 10.718917 2.502974 11.159131 2.476264 3.941582 
2.523363 7.619174 2.523019 9.626703 2.495776 10.330134 2.511811 10.679694 2.523593 10.640382 
2.486383 11.725611 2.464745 8.666667 2.489647 10.800690 2.485824 11.339023 2.515762 4.888081 
2.545027 7.084182 2.491582 11.121574 2.468350 3.152180 2.455168 7.512464 2.501305 10.273623 
2.504854 10.650172 2.476589 10.952709 2.523959 4.784764 2.468995 11.398920 2.500548 10.821876 
2.495502 2.960436 2.553057 10.284342 2.492682 10.934289 2.536591 7.415917 2.474081 11.004726 
2.508843 10.799558 2.508106 7.749963 2.494473 5.935888 2.448931 2.588283 2.496979 6.256080 
2.508079 11.771717 2.513610 10.219282 2.503633 11.261035 2.536384 9.692224 2.479015 10.370025 
2.458916 9.896998 2.500832 9.836652 2.498860 2.474018 2.480491 10.988473 2.506010 3.118844 
2.471821 4.335137 2.494782 2.307847 2.506765 3.800541 2.535446 7.286509 2.513413 9.609973 
2.533002 11.634938 2.491514 9.941042 2.504318 2.679901 2.524963 7.159305 2.499950 10.625906 
2.521947 7.126806 2.520843 2.818533 2.495261 6.051716 2.527284 11.303212 2.455600 10.828472 
2.496244 2.435067 2.477217 3.038443 2.492633 10.990243 2.504732 5.964972 2.534101 3.151820 
2.514715 9.931942 2.514155 3.845090 2.502799 7.322617 2.584613 11.302543 2.478807 2.327575 
2.499443 6.769612 2.478287 10.415933 2.485272 2.961737 2.508149 11.719000 2.488410 8.089584 
2.508435 10.958824 2.470771 2.901122 2.502376 3.778627 2.479791 3.357158 2.476830 6.967982 
2.512524 3.098786 2.525995 8.067705 2.527187 7.026942 2.486143 9.601628 2.465727 5.927103 
2.536601 7.252033 2.490796 9.276006 2.492402 8.046875 2.530287 3.088185 2.500963 2.850492 
2.536596 8.722799 2.514585 4.179671 2.498926 2.687008 2.508500 6.242126 2.508858 11.482552 
2.488913 12.005753 2.486636 2.773583 2.516721 4.438811 2.494187 7.760038 2.500779 10.520436 
2.487784 2.469246 2.507748 11.606331 2.495674 3.941439 2.528662 10.744557 2.500143 6.879836 
2.500635 11.154991 2.508348 5.788385 2.502450 3.745281 2.511706 4.672142 2.436933 2.237024 
2.528792 2.982968 2.507806 7.153589 2.455191 9.627433 2.454886 11.902372 2.521188 10.464213 
2.465530 11.316910 2.530139 3.398123 2.522740 10.852734 2.508392 2.330626 2.463544 9.064609 
2.529287 3.054062 2.470616 4.020933 2.520837 2.826484 2.534377 2.988381 2.499712 11.170444 
2.492646 7.669899 2.558884 11.492973 2.505502 11.023532 2.438283 5.745724 2.492864 7.217453 
2.527886 4.478787 2.445514 10.239298 2.536467 5.502908 2.467537 11.226523 2.530842 2.179331 
2.518537 5.636102 2.512986 5.682395 2.529540 11.284794 2.473434 9.111221 2.518735 4.608049 
2.485708 7.118751 2.491116 3.006511 2.466726 6.919435 2.491888 2.413089 2.535040 10.604679 
2.479640 10.200171 2.517360 2.990034 2.503215 2.504072 2.530433 8.978568 2.520789 2.311402 
2.432831 7.277546 2.502405 2.627445 2.543230 10.509458 2.471519 11.683659 2.561932 6.643369 
2.525395 2.195552 2.503874 11.512626 2.475753 9.870158 2.503730 10.897991 2.517504 3.302726 
2.522445 10.954646 2.488574 6.988284 2.491474 6.328616 2.540541 2.653984 2.510730 11.630553 
2.498223 11.579662 2.466767 3.696111 2.515351 11.265539 2.514812 11.036411 2.461812 9.165356 
2.534326 2.796797 2.505662 3.100275 2.504437 10.034479 2.489850 11.478221 2.448026 2.997042 
2.483867 2.851328 2.501241 11.008067 2.492678 5.824150 2.491561 9.650037 2.542318 11.712832 
2.549118 6.315911 2.538203 2.004828 2.494123 11.626784 2.452981 8.528547 2.449412 2.990134 
2.534533 2.814911 2.511663 11.068760 2.529044 11.462418 2.533465 10.803019 2.521573 7.190120 
2.500903 11.101817 2.525214 6.432663 2.518835 6.507642 2.505356 10.676255 2.471778 10.802624 
2.469801 7.324935 2.558992 7.867619 2.488809 2.416039 2.473737 2.569115 2.535148 10.296367 
2.433982 3.961089 2.540337 11.939818 2.580026 10.146044 2.472114 11.847990 2.429053 11.242542 
2.518387 7.124295 2.520103 11.856582 2.511400 4.935401 2.551851 2.391763 2.431233 10.894092 
2.509226 3.453000 2.458700 10.886484 2.459279 2.396966 2.521109 7.067916 2.540624 3.199401 
2.455977 11.097565 2.498444 2.756361 2.501556 2.969797 2.493868 2.392824 2.535054 11.501556 
2.546096 9.748860 2.510513 2.087928 2.458168 3.922658 2.501985 3.046170 2.510807 2.511248 
2.487244 3.001947 2.519182 10.511977 2.500292 1.898150 2.516650 10.770204 2.485492 11.519766 
2.448409 5.939985 2.518115 4.670191 2.523290 11.972910 2.465147 2.889660 2.472195 10.710825 
2.487901 4.413279 2.477411 5.572893 2.494099 2.569198 2.524854 6.531172 2.451901 2.539278 
2.458891 11.527087 2.471383 11.671511 2.486297 8.368642 2.476482 2.866539 2.498789 2.982537 
2.590526 10.351426 2.495540 9.485237 2.515894 11.662646 2.502701 2.190602 2.508230 7.733509 
2.502712 10.671287 2.517023 3.935673 2.485839 2.127749 2.476951 11.659235 2.530582 11.053781 
2.518057 7.060903 2.550271 10.498301 2.439914 10.945388 2.569775 3.041022 2.474770 11.865484 
2.490469 5.837342 2.499198 2.771958 2.475503 2.223054 2.469980 3.203991 2.505077 7.263139 
2.465421 11.723863 2.445981 3.547539 2.504050 10.393022 2.506916 2.650966 2.519377 2.698442 
2.522390 6.191625 2.462198 7.383106 2.520355 6.980227 2.437191 6.737424 2.449695 11.060337 
2.435718 4.165821 2.527374 11.901347 2.454609 6.748120 2.488018 6.234738 2.518104 2.991429 
2.459632 6.619768 2.521965 3.299050 2.453844 6.684031 2.468685 7.065004 2.480855 2.992579 
2.505876 3.125241 2.554640 8.494475 2.556043 1.982985 2.463954 11.747413 2.484126 3.365901 
2.484134 6.803808 2.513690 6.092475 2.588214 2.632276 2.516228 2.112058 2.460018 3.386763 
2.493673 11.665480 2.534006 7.635824 2.478055 11.681099 2.458284 4.206603 2.506722 11.510874 
2.464504 7.865840 2.525954 11.686641 2.557443 11.655725 2.564695 2.429771 2.500763 3.027290 
2.520815 6.903307 2.529672 3.301742 2.513138 11.543696 2.456156 10.676557 2.518453 11.824328 
2.542548 11.786463 2.468645 7.986498 2.496891 2.760703 2.549121 11.188488 2.524782 7.367916 
2.488612 11.685237 2.471735 10.872358 2.505161 2.490578 2.481075 2.515648 2.523185 10.323611 
2.486318 2.234004 2.529175 6.246278 2.504829 7.685714 2.466197 6.799195 2.498994 2.307445 
2.505001 2.727861 2.481171 2.225508 2.464990 11.417182 2.474110 3.515299 2.520006 8.227420 
2.474939 2.908720 2.494091 7.647514 2.468215 11.653015 2.494499 11.168704 2.557865 2.441932 
2.433902 11.171687 2.589023 6.734772 2.488286 2.459003 2.508367 6.361446 2.505020 6.593876 
2.423649 5.325000 2.520608 6.833615 2.523986 2.386655 2.431757 8.102534 2.527872 6.801520 
2.496659 11.526602 2.505320 2.125711 2.473645 8.174709 2.466221 10.907696 2.548627 11.572136 
2.430451 10.307180 2.533733 4.084624 2.529069 11.899883 2.515242 11.283025 2.500416 2.333833 

Avg Classes:
2.501062 6.987991 2.500831 7.004122 2.500320 6.993248 2.501601 6.996249 2.500578 6.990609 
2.499498 7.005723 2.498374 7.006795 2.501292 7.002107 2.499690 7.004367 2.498954 6.983451 
2.499895 6.977804 2.500798 6.985700 2.497879 6.992608 2.496556 7.012830 2.497165 6.990719 
2.505279 7.053359 2.508546 7.025330 2.503622 7.027224 2.496757 7.017660 2.492969 7.021495 
2.515058 7.299356 2.473616 7.259717 2.514286 7.283912 2.472844 7.284170 2.470785 7.327413 
2.523547 7.069138 2.523547 7.098196 2.523547 7.013026 2.523547 6.972445 2.523547 6.891283 
2.484551 7.143258 2.502809 7.093399 2.549157 7.078652 2.497893 7.214185 2.465590 7.115169 
2.417391 6.704348 2.482609 6.821739 2.565217 6.452174 2.560870 6.960870 2.504348 6.700000 
2.416667 8.583333 2.416667 7.583333 2.416667 8.166667 2.416667 7.083333 2.416667 7.333333 
3.333333 7.666667 3.333333 7.666667 3.333333 12.000000 3.333333 8.000000 3.333333 11.666667 

Cluster 0 is class 8
Cluster 1 is class 0
Cluster 2 is class 8
Cluster 3 is class 0
Cluster 4 is class 0
Cluster 5 is class 0
Cluster 6 is class 0
Cluster 7 is class 0
Cluster 8 is class 0
Cluster 9 is class 0
Cluster 10 is class 0
Cluster 11 is class 8
Cluster 12 is class 0
Cluster 13 is class 0
Cluster 14 is class 5
Cluster 15 is class 0
Cluster 16 is class 0
Cluster 17 is class 8
Cluster 18 is class 4
Cluster 19 is class 9
Cluster 20 is class 8
Cluster 21 is class 0
Cluster 22 is class 4
Cluster 23 is class 9
Cluster 24 is class 3
Cluster 25 is class 9
Cluster 26 is class 0
Cluster 27 is class 0
Cluster 28 is class 0
Cluster 29 is class 0
Cluster 30 is class 0
Cluster 31 is class 0
Cluster 32 is class 0
Cluster 33 is class 0
Cluster 34 is class 0
Cluster 35 is class 0
Cluster 36 is class 7
Cluster 37 is class 0
Cluster 38 is class 7
Cluster 39 is class 0
Cluster 40 is class 9
Cluster 41 is class 8
Cluster 42 is class 0
Cluster 43 is class 4
Cluster 44 is class 0
Cluster 45 is class 0
Cluster 46 is class 0
Cluster 47 is class 0
Cluster 48 is class 0
Cluster 49 is class 0
Cluster 50 is class 8
Cluster 51 is class 8
Cluster 52 is class 0
Cluster 53 is class 0
Cluster 54 is class 0
Cluster 55 is class 0
Cluster 56 is class 8
Cluster 57 is class 0
Cluster 58 is class 9
Cluster 59 is class 4
Cluster 60 is class 0
Cluster 61 is class 0
Cluster 62 is class 0
Cluster 63 is class 0
Cluster 64 is class 9
Cluster 65 is class 0
Cluster 66 is class 8
Cluster 67 is class 8
Cluster 68 is class 0
Cluster 69 is class 9
Cluster 70 is class 0
Cluster 71 is class 8
Cluster 72 is class 4
Cluster 73 is class 0
Cluster 74 is class 0
Cluster 75 is class 0
Cluster 76 is class 0
Cluster 77 is class 9
Cluster 78 is class 1
Cluster 79 is class 9
Cluster 80 is class 0
Cluster 81 is class 0
Cluster 82 is class 0
Cluster 83 is class 0
Cluster 84 is class 0
Cluster 85 is class 0
Cluster 86 is class 7
Cluster 87 is class 4
Cluster 88 is class 8

Overall Accuracy is 0.330553

