Avg Clusters:
2.502126 3.669350 2.514151 10.538554 2.486578 9.258975 2.524466 3.498553 2.498906 4.390022 
2.473873 4.005951 2.496319 7.366288 2.509094 3.774261 2.495344 9.828464 2.473411 4.525049 
2.515172 8.099013 2.506517 11.264002 2.519112 5.023743 2.484087 9.602229 2.471727 9.358637 
2.496250 4.761895 2.494140 9.831214 2.492236 2.963348 2.521886 3.588568 2.480839 3.899859 
2.490655 10.165122 2.511701 10.158372 2.469641 8.283822 2.509409 3.274811 2.488171 10.759640 
2.496839 10.412477 2.499002 3.879191 2.493298 4.140874 2.480455 3.165885 2.486188 4.491471 
2.511614 9.113661 2.453371 10.652674 2.503722 9.885580 2.528605 10.745313 2.513579 3.665564 
2.505001 3.173661 2.527730 9.939657 2.492749 9.798224 2.497070 10.300829 2.500030 10.096419 
2.500257 3.424498 2.511615 9.943000 2.518139 3.785984 2.517928 3.897145 2.506419 10.681680 
2.509024 9.816961 2.512991 3.448412 2.509121 3.681007 2.487822 4.111046 2.510454 10.966572 
2.494922 9.370037 2.503108 3.095744 2.484122 3.939306 2.478484 11.197330 2.507591 8.792446 
2.505331 3.109801 2.490739 3.577404 2.498325 3.912036 2.504340 9.787779 2.498257 10.595482 
2.508480 3.776610 2.516115 3.546684 2.509466 10.180960 2.481884 10.103849 2.509889 3.816025 
2.519665 3.367205 2.509346 3.084978 2.505907 4.773478 2.463025 3.858345 2.492971 3.948632 
2.507692 5.260123 2.496033 3.297299 2.475470 10.959061 2.499423 3.383461 2.461874 5.218737 
2.489802 10.521436 2.496613 3.203428 2.513679 10.700269 2.499413 4.258259 2.496273 10.076550 
2.494548 10.850445 2.490186 5.501174 2.496980 4.154253 2.514385 10.924342 2.498868 2.979701 
2.523757 3.675316 2.487698 11.726268 2.490736 4.366770 2.503387 10.510658 2.543630 3.564498 
2.505144 10.868463 2.478394 10.843072 2.509104 4.149746 2.500524 3.876267 2.494778 3.582638 
2.501876 10.723942 2.529171 2.728164 2.500725 10.175793 2.493475 9.450998 2.501237 3.883274 
2.504893 8.912505 2.486257 2.402864 2.477047 3.230968 2.525903 8.168873 2.510361 3.061304 
2.511318 10.730378 2.499138 11.185848 2.503000 3.265997 2.489929 10.502644 2.483928 3.690512 
2.511728 3.208589 2.512922 9.602184 2.502602 10.739893 2.494072 3.413639 2.480979 10.668671 
2.478856 3.220472 2.491432 3.099502 2.491616 10.209738 2.497835 6.713055 2.500276 10.652386 
2.518926 10.697182 2.508243 9.539602 2.502348 10.592374 2.519709 10.473706 2.503638 10.485863 
2.493107 3.068089 2.500959 10.463258 2.505155 3.108487 2.501978 10.665788 2.513906 10.696955 
2.502086 8.287930 2.451854 7.206440 2.508228 2.960476 2.489883 9.620975 2.476655 11.610976 
2.493954 3.144728 2.486985 10.362374 2.497703 11.004171 2.471989 10.114684 2.519616 3.382438 
2.502615 10.291008 2.478828 10.648037 2.498266 2.621662 2.478608 3.454050 2.512307 10.374098 
2.517213 4.231149 2.488386 3.789518 2.535497 10.507683 2.508457 11.806015 2.490113 9.453901 
2.485692 10.974933 2.475621 3.518873 2.528291 10.972325 2.498805 10.974788 2.482794 9.265957 
2.456097 10.754650 2.459064 4.312331 2.526363 10.620423 2.503471 3.141328 2.520534 2.932913 
2.501539 9.877218 2.533491 10.667043 2.506308 10.773720 2.523695 3.322187 2.513540 3.173864 
2.486627 3.436471 2.533380 2.636749 2.465092 3.606044 2.513303 10.986037 2.528170 3.656408 
2.496562 3.521442 2.472941 3.451735 2.504750 3.933757 2.527479 2.973860 2.508530 10.420713 
2.485782 3.163349 2.462480 6.269589 2.528831 10.473144 2.483254 4.878041 2.529779 2.263507 
2.447592 11.469768 2.497466 11.078747 2.547791 10.400615 2.479544 6.808563 2.501086 5.875272 
2.498150 11.517687 2.472330 3.955590 2.495223 6.682675 2.524141 9.203374 2.517084 11.376883 
2.470148 9.256619 2.539985 6.337228 2.533869 11.310480 2.522640 10.455815 2.486489 2.739182 
2.539279 10.872303 2.552183 7.079798 2.471044 8.002168 2.487664 6.789408 2.474347 4.004026 
2.505081 4.651298 2.484001 3.843285 2.505921 10.291845 2.517427 2.110019 2.518351 11.037877 
2.555316 10.751382 2.500234 7.933302 2.493021 11.586604 2.502670 2.885808 2.489930 8.537611 
2.512411 6.556969 2.530217 11.113060 2.496886 11.417595 2.480923 6.649592 2.515393 9.403649 
2.472032 11.231863 2.546520 6.931789 2.485878 2.623500 2.510615 6.963356 2.509507 7.304043 
2.457105 6.329376 2.472424 6.527193 2.512639 6.794810 2.487265 5.342110 2.520107 8.220318 
2.548212 7.346311 2.533273 4.008714 2.473178 10.470349 2.490267 9.786102 2.498868 12.044477 
2.532281 11.904878 2.472172 10.286683 2.491803 3.218174 2.500405 10.854483 2.536632 10.745396 

Avg Classes:
2.501062 6.987991 2.500831 7.004122 2.500320 6.993248 2.501601 6.996249 2.500578 6.990609 
2.499498 7.005723 2.498374 7.006795 2.501292 7.002107 2.499690 7.004367 2.498954 6.983451 
2.499895 6.977804 2.500798 6.985700 2.497879 6.992608 2.496556 7.012830 2.497165 6.990719 
2.505279 7.053359 2.508546 7.025330 2.503622 7.027224 2.496757 7.017660 2.492969 7.021495 
2.515058 7.299356 2.473616 7.259717 2.514286 7.283912 2.472844 7.284170 2.470785 7.327413 
2.523547 7.069138 2.523547 7.098196 2.523547 7.013026 2.523547 6.972445 2.523547 6.891283 
2.484551 7.143258 2.502809 7.093399 2.549157 7.078652 2.497893 7.214185 2.465590 7.115169 
2.417391 6.704348 2.482609 6.821739 2.565217 6.452174 2.560870 6.960870 2.504348 6.700000 
2.416667 8.583333 2.416667 7.583333 2.416667 8.166667 2.416667 7.083333 2.416667 7.333333 
3.333333 7.666667 3.333333 7.666667 3.333333 12.000000 3.333333 8.000000 3.333333 11.666667 

Cluster 0 is class 0
Cluster 1 is class 0
Cluster 2 is class 0
Cluster 3 is class 7
Cluster 4 is class 8
Cluster 5 is class 7
Cluster 6 is class 4
Cluster 7 is class 4
Cluster 8 is class 0
Cluster 9 is class 0
Cluster 10 is class 0
Cluster 11 is class 0
Cluster 12 is class 0
Cluster 13 is class 7
Cluster 14 is class 0
Cluster 15 is class 8
Cluster 16 is class 0
Cluster 17 is class 5
Cluster 18 is class 0
Cluster 19 is class 0
Cluster 20 is class 0
Cluster 21 is class 0
Cluster 22 is class 0
Cluster 23 is class 0
Cluster 24 is class 8
Cluster 25 is class 0
Cluster 26 is class 0
Cluster 27 is class 0
Cluster 28 is class 0
Cluster 29 is class 0
Cluster 30 is class 9
Cluster 31 is class 8
Cluster 32 is class 1
Cluster 33 is class 7
Cluster 34 is class 0
Cluster 35 is class 0
Cluster 36 is class 8
Cluster 37 is class 8
Cluster 38 is class 8
Cluster 39 is class 1
Cluster 40 is class 0
Cluster 41 is class 8
Cluster 42 is class 9
Cluster 43 is class 7
Cluster 44 is class 0
Cluster 45 is class 9
Cluster 46 is class 0

Overall Accuracy is 0.329737

