----------------------------For Number of clusters 4----------------------------
Avg Clusters:
2.501607 9.788590 2.496121 6.435444 2.500377 7.536271 2.497948 6.767005 2.495285 4.403838 
2.501247 3.050181 2.512404 7.890348 2.497483 8.689576 2.506603 7.123083 2.506238 5.890542 
2.501033 7.055047 2.496206 4.128796 2.503960 6.671468 2.499488 6.512305 2.510388 10.870644 
2.496230 7.406045 2.492912 10.765950 2.503019 3.641452 2.496836 7.977187 2.482162 8.744094 

Avg Classes:
2.501062 6.987991 2.500831 7.004122 2.500320 6.993248 2.501601 6.996249 2.500578 6.990609 
2.499498 7.005723 2.498374 7.006795 2.501292 7.002107 2.499690 7.004367 2.498954 6.983451 
2.499895 6.977804 2.500798 6.985700 2.497879 6.992608 2.496556 7.012830 2.497165 6.990719 
2.505279 7.053359 2.508546 7.025330 2.503622 7.027224 2.496757 7.017660 2.492969 7.021495 
2.515058 7.299356 2.473616 7.259717 2.514286 7.283912 2.472844 7.284170 2.470785 7.327413 
2.523547 7.069138 2.523547 7.098196 2.523547 7.013026 2.523547 6.972445 2.523547 6.891283 
2.484551 7.143258 2.502809 7.093399 2.549157 7.078652 2.497893 7.214185 2.465590 7.115169 
2.417391 6.704348 2.482609 6.821739 2.565217 6.452174 2.560870 6.960870 2.504348 6.700000 
2.416667 8.583333 2.416667 7.583333 2.416667 8.166667 2.416667 7.083333 2.416667 7.333333 
3.333333 7.666667 3.333333 7.666667 3.333333 12.000000 3.333333 8.000000 3.333333 11.666667 

Cluster 0 is class 0
Cluster 1 is class 0
Cluster 2 is class 0
Cluster 3 is class 0

Overall Accuracy is 0.501209

