----------------------------For Number of clusters 32----------------------------
Avg Clusters:
2.483935 9.704561 2.506140 3.786336 2.494774 10.044166 2.496884 3.650470 2.505470 9.413140 
2.504233 4.110378 2.528860 9.752106 2.497063 10.111390 2.492101 9.989043 2.505225 9.740117 
2.489493 3.736497 2.511506 9.938260 2.513373 3.870485 2.516651 3.929772 2.506903 9.832125 
2.500000 3.894378 2.506000 9.859398 2.496106 10.123644 2.517831 3.825822 2.504447 4.071769 
2.497104 3.156135 2.483343 3.763950 2.499070 10.076455 2.506906 4.111944 2.503106 10.036458 
2.487744 10.832413 2.502896 10.370307 2.515045 9.528186 2.521401 9.723235 2.485304 9.138463 
2.507732 9.913078 2.509515 4.336947 2.486817 3.843443 2.478001 4.039519 2.486087 3.926656 
2.510794 4.061372 2.516426 3.926682 2.508469 10.006485 2.483809 10.230385 2.499936 3.863817 
2.492262 10.294416 2.502219 4.247781 2.505308 3.338292 2.493132 3.994602 2.502879 10.648093 
2.522426 4.742894 2.528801 10.710268 2.484062 10.520663 2.500075 3.353521 2.486350 10.777544 
2.489868 10.011843 2.486815 10.938155 2.505369 3.993184 2.513501 4.584057 2.494500 3.976972 
2.507343 9.551285 2.486270 9.710457 2.489236 3.078531 2.488779 10.454761 2.506915 9.850637 
2.486714 3.906487 2.503395 4.077102 2.496044 3.351805 2.499218 9.674352 2.498706 3.994139 
2.476190 10.181508 2.501690 3.936279 2.513896 10.696894 2.507106 5.061143 2.502263 3.176838 
2.526580 9.751963 2.450081 9.663810 2.508538 9.820983 2.512682 10.297302 2.504394 2.936246 
2.499122 11.118787 2.497407 10.217910 2.481651 9.545473 2.500758 3.249422 2.498006 9.866613 
2.486939 10.689761 2.516570 3.162952 2.512482 9.097033 2.495948 11.086288 2.482055 4.797033 
2.494695 4.572857 2.501102 3.129750 2.526184 9.487035 2.520218 10.835813 2.486086 10.640782 
2.502144 3.740353 2.487537 10.738579 2.497058 3.948313 2.506076 10.210651 2.519176 3.903959 
2.505674 3.466475 2.486608 3.135987 2.514139 3.330879 2.498951 3.900082 2.508839 9.178138 
2.498460 3.590627 2.500097 8.939491 2.499552 3.438614 2.510897 3.301415 2.466568 3.166400 
2.521091 10.135917 2.472056 10.974349 2.508340 3.166910 2.486015 3.503906 2.491307 10.599859 
2.498830 10.471552 2.532949 10.403898 2.512919 10.524667 2.495454 3.374370 2.514134 3.308516 
2.504278 3.883781 2.501361 4.304979 2.488526 3.099689 2.501711 10.641851 2.492532 10.607935 
2.496576 3.155190 2.499708 10.862649 2.493018 3.738837 2.484046 10.431590 2.498062 10.703371 
2.486641 10.707644 2.492600 4.343068 2.509057 3.031059 2.529224 10.520107 2.507439 3.832274 
2.512078 10.673440 2.506204 10.886891 2.493017 3.529641 2.493976 10.904933 2.492717 3.378409 
2.536563 10.902482 2.485620 4.038412 2.486004 10.359821 2.493926 10.060786 2.516589 10.950593 
2.486142 3.424842 2.492888 10.763553 2.505108 10.714083 2.477147 10.404263 2.523195 3.419074 
2.509448 10.619897 2.484489 3.052749 2.470998 3.762126 2.491360 10.438157 2.519200 10.543705 
2.548509 6.752814 2.473918 6.431693 2.538323 6.717079 2.460938 6.894110 2.450012 11.037624 
2.514178 3.646899 2.479265 3.141783 2.483483 8.989434 2.494801 3.349551 2.497014 3.192692 

Avg Classes:
2.501062 6.987991 2.500831 7.004122 2.500320 6.993248 2.501601 6.996249 2.500578 6.990609 
2.499498 7.005723 2.498374 7.006795 2.501292 7.002107 2.499690 7.004367 2.498954 6.983451 
2.499895 6.977804 2.500798 6.985700 2.497879 6.992608 2.496556 7.012830 2.497165 6.990719 
2.505279 7.053359 2.508546 7.025330 2.503622 7.027224 2.496757 7.017660 2.492969 7.021495 
2.515058 7.299356 2.473616 7.259717 2.514286 7.283912 2.472844 7.284170 2.470785 7.327413 
2.523547 7.069138 2.523547 7.098196 2.523547 7.013026 2.523547 6.972445 2.523547 6.891283 
2.484551 7.143258 2.502809 7.093399 2.549157 7.078652 2.497893 7.214185 2.465590 7.115169 
2.417391 6.704348 2.482609 6.821739 2.565217 6.452174 2.560870 6.960870 2.504348 6.700000 
2.416667 8.583333 2.416667 7.583333 2.416667 8.166667 2.416667 7.083333 2.416667 7.333333 
3.333333 7.666667 3.333333 7.666667 3.333333 12.000000 3.333333 8.000000 3.333333 11.666667 

Cluster 0 is class 8
Cluster 1 is class 9
Cluster 2 is class 0
Cluster 3 is class 0
Cluster 4 is class 0
Cluster 5 is class 8
Cluster 6 is class 0
Cluster 7 is class 0
Cluster 8 is class 0
Cluster 9 is class 9
Cluster 10 is class 0
Cluster 11 is class 3
Cluster 12 is class 0
Cluster 13 is class 8
Cluster 14 is class 4
Cluster 15 is class 8
Cluster 16 is class 8
Cluster 17 is class 9
Cluster 18 is class 7
Cluster 19 is class 0
Cluster 20 is class 0
Cluster 21 is class 4
Cluster 22 is class 8
Cluster 23 is class 0
Cluster 24 is class 0
Cluster 25 is class 0
Cluster 26 is class 0
Cluster 27 is class 9
Cluster 28 is class 0
Cluster 29 is class 0
Cluster 30 is class 4
Cluster 31 is class 0

Overall Accuracy is 0.279814

