----------------------------For Number of clusters 84----------------------------
Avg Clusters:
2.501272 9.536146 2.487832 7.432122 2.483816 7.048155 2.526881 10.173374 2.485884 3.464928 
2.501734 5.761115 2.537524 7.001334 2.501378 2.877023 2.455762 5.076561 2.477281 10.648631 
2.497161 10.448925 2.500201 3.466047 2.501319 11.028879 2.495820 7.873575 2.496759 4.756359 
2.482439 11.421919 2.459832 3.340931 2.496534 3.921477 2.524213 7.687677 2.504768 9.895102 
2.490643 3.183940 2.477777 3.725844 2.479048 6.308584 2.528173 11.159479 2.506153 3.667057 
2.479530 7.078859 2.511007 3.306644 2.514899 10.802752 2.520403 11.331409 2.516309 7.488188 
2.484903 9.707995 2.494540 3.953221 2.504117 2.566314 2.490568 10.557671 2.518192 3.043450 
2.507745 3.156114 2.517323 10.469701 2.492663 10.258050 2.490115 3.492459 2.481760 9.338655 
2.467984 3.659321 2.504540 4.504303 2.526341 11.268183 2.515937 5.208077 2.489502 10.962735 
2.485942 3.819415 2.505450 10.410667 2.483088 10.910596 2.513684 4.187649 2.530760 2.927626 
2.472339 4.647911 2.506876 10.487245 2.500210 3.145549 2.559994 2.867311 2.453758 3.619095 
2.503991 10.363543 2.483265 3.604531 2.503798 11.156089 2.537719 6.908149 2.511972 11.160337 
2.468241 10.383209 2.501412 10.687856 2.490218 11.079487 2.513684 10.301617 2.512760 6.061258 
2.481219 3.969465 2.489843 2.754376 2.465823 9.960521 2.455922 2.459627 2.487543 7.888910 
2.520306 10.937139 2.474919 10.531273 2.510337 7.421503 2.476021 3.789642 2.456606 6.790797 
2.508498 4.207654 2.534790 2.870138 2.492472 4.186837 2.479868 3.065359 2.486940 3.720657 
2.512076 4.381555 2.446538 3.732905 2.504725 10.784730 2.523380 3.415282 2.502563 2.632158 
2.507833 9.726224 2.503582 11.111933 2.505212 3.484247 2.483490 3.601072 2.498690 11.300856 
2.495745 3.172067 2.473119 8.704076 2.526299 3.082677 2.466194 10.767035 2.481525 4.216313 
2.560278 2.956464 2.504681 11.072828 2.496927 3.688817 2.514904 7.427086 2.536787 10.426512 
2.512987 5.779257 2.493080 10.741210 2.532599 10.088580 2.473232 10.743860 2.517934 2.905648 
2.504305 7.491545 2.501456 9.639950 2.517188 3.034686 2.465407 11.225828 2.486652 10.766429 
2.498131 1.900177 2.476397 9.989083 2.463021 9.734658 2.525177 10.974921 2.509441 3.117821 
2.487716 3.360777 2.533959 10.501092 2.500546 10.494377 2.488098 10.428642 2.520801 10.794824 
2.485631 11.016454 2.505748 10.056407 2.492224 3.559056 2.495830 4.133269 2.498591 2.483433 
2.526953 11.302968 2.510467 7.520512 2.488996 6.664136 2.471053 10.621195 2.498811 10.990492 
2.560519 11.074561 2.488504 11.342092 2.499343 4.137954 2.469207 10.336016 2.488422 2.729184 
2.497095 10.877625 2.487716 3.465969 2.520108 6.452506 2.507336 3.097463 2.475922 3.706691 
2.491318 11.226512 2.506357 5.974651 2.460310 4.165969 2.516977 2.542636 2.534496 10.599845 
2.535733 3.281052 2.517735 3.186050 2.536129 9.856936 2.503165 11.112803 2.475013 11.031514 
2.526720 7.245140 2.456822 5.453929 2.481780 7.358532 2.502487 3.185550 2.533231 7.962926 
2.460412 10.157099 2.498555 2.679253 2.523502 8.815931 2.490561 2.576864 2.508284 11.474186 
2.456933 3.165072 2.503203 10.931978 2.547259 4.025548 2.564028 2.303725 2.471170 10.374595 
2.505533 7.597915 2.475120 2.843935 2.477404 3.547226 2.426858 10.956379 2.527879 11.020490 
2.519478 2.463219 2.438303 5.133775 2.518489 5.848626 2.544493 2.757366 2.532035 11.178960 
2.516610 2.982427 2.538036 6.255657 2.491895 10.497673 2.460600 7.584176 2.499920 4.376264 
2.512423 3.590003 2.528037 11.653147 2.537366 5.124030 2.509378 11.233526 2.513699 7.187764 
2.514447 11.362923 2.465594 2.956012 2.524178 9.577798 2.468176 11.663092 2.510774 10.152418 
2.496066 2.534399 2.500251 5.839053 2.496066 2.985772 2.508955 10.745648 2.513224 10.089053 
2.506898 2.901782 2.485336 2.780448 2.523709 4.498036 2.500594 7.050891 2.499406 7.798995 
2.492083 2.815190 2.523132 6.404008 2.488619 10.861578 2.448046 11.651534 2.497031 6.953859 
2.553146 7.861290 2.482435 7.462329 2.464588 11.358410 2.489439 10.425054 2.483000 11.362815 
2.526043 2.545351 2.479150 2.117638 2.486776 3.661528 2.543566 10.605549 2.471361 11.250203 
2.521725 10.722107 2.512812 10.547270 2.527614 10.757998 2.494907 6.396626 2.510107 2.412781 
2.465654 10.640260 2.514813 5.203907 2.517200 11.292784 2.497884 11.697450 2.525665 2.521867 
2.565238 8.292014 2.512607 8.099703 2.525836 11.892340 2.491803 3.632058 2.482983 7.306586 
2.474017 4.205377 2.529146 2.354044 2.489720 2.632625 2.511975 3.026548 2.515138 10.312472 
2.432816 6.483242 2.473537 11.303652 2.465933 2.874637 2.517459 10.171786 2.548674 3.039620 
2.529825 4.341118 2.541996 2.895614 2.554605 11.237829 2.475768 10.887500 2.456469 2.267654 
2.507338 10.568906 2.460560 11.619583 2.532561 6.113047 2.492204 10.558244 2.447489 7.897157 
2.487236 11.044422 2.531759 8.796583 2.493568 2.410553 2.536080 7.018492 2.517688 6.919095 
2.525368 11.059943 2.518412 2.401903 2.485782 6.780892 2.536109 10.889730 2.483020 3.853212 
2.492300 7.540413 2.481429 6.036940 2.538601 2.595873 2.462909 4.829391 2.521691 3.159839 
2.515876 7.357116 2.482740 11.463541 2.477017 9.052889 2.523999 6.347886 2.520122 11.135038 
2.482749 2.903479 2.470345 1.996293 2.474480 11.064585 2.478329 7.725691 2.525520 5.970060 
2.538841 3.162573 2.509076 11.603043 2.536839 11.203550 2.550320 8.530566 2.481180 6.428324 
2.532913 11.524263 2.470752 11.307726 2.514734 2.872160 2.529541 9.359331 2.488491 11.463568 
2.507720 10.771216 2.513581 3.033585 2.468613 2.285585 2.512566 2.818100 2.499606 6.312972 
2.529891 10.070992 2.513587 11.691916 2.566576 10.558254 2.510870 11.343750 2.488451 11.397418 
2.525901 7.539465 2.554063 8.678594 2.451621 9.949877 2.545795 2.368945 2.513500 11.997933 
2.486467 7.109985 2.509275 10.608718 2.508059 7.601622 2.504815 2.828180 2.520527 3.110289 
2.480623 11.047477 2.548785 5.004112 2.520374 2.672773 2.520498 11.774455 2.446854 7.706044 
2.503454 11.436017 2.509312 3.108591 2.505707 2.937819 2.499549 6.256684 2.486783 2.502103 
2.390088 2.561416 2.475575 10.418938 2.467611 4.889735 2.501593 11.587257 2.487965 11.809381 
2.462566 10.943512 2.525793 2.865580 2.508026 11.393947 2.515501 2.724053 2.452641 7.210513 
2.547119 2.185669 2.479980 7.219360 2.475342 2.870239 2.471680 3.995239 2.494141 5.760498 
2.438611 11.026089 2.493451 6.989139 2.506229 10.824832 2.491109 2.746885 2.532531 2.847940 
2.487510 11.200933 2.482158 11.569997 2.523881 10.977079 2.486961 2.808811 2.475844 10.658386 
2.475563 5.327002 2.551173 2.623397 2.497338 2.540286 2.469272 10.927414 2.542100 5.877692 
2.473565 11.893939 2.542714 9.663443 2.447776 10.458897 2.540619 6.857834 2.559639 10.964378 
2.496275 9.107783 2.508004 2.288477 2.555239 2.898716 2.446505 3.526708 2.485338 11.571564 
2.513972 10.271790 2.493846 2.266134 2.465403 11.296241 2.429308 3.400532 2.531770 2.407186 
2.535923 3.480913 2.459910 2.685614 2.475746 7.479247 2.535756 6.528755 2.516586 11.858143 
2.543583 6.895856 2.531551 11.441979 2.452674 3.366845 2.485428 6.048529 2.501070 6.800267 
2.535980 7.608615 2.593919 2.722973 2.527703 7.105236 2.496959 7.493074 2.531250 9.818412 
2.527235 2.399792 2.478201 11.353996 2.494622 4.325662 2.524575 7.006939 2.544466 2.882040 
2.531283 2.413482 2.484162 7.905759 2.500916 7.357853 2.488874 2.862042 2.416099 3.434817 
2.521991 12.090964 2.518393 6.914234 2.525990 10.695122 2.462615 2.898241 2.499400 9.860656 
2.443339 9.887352 2.588364 11.787858 2.482799 11.555143 2.525801 2.245700 2.523777 3.920742 
2.489245 5.460614 2.466696 7.045691 2.448746 6.950749 2.552589 10.811749 2.454087 9.990803 
2.433919 10.858532 2.489142 10.390693 2.483557 2.119131 2.580352 11.827921 2.532989 6.020062 
2.500000 11.081564 2.447072 10.899775 2.500483 2.827381 2.444337 2.135296 2.516731 6.835103 
2.498969 2.893275 2.492504 3.549168 2.488378 2.624536 2.544217 7.919543 2.469812 2.421538 
2.500429 6.504293 2.490555 2.879651 2.495850 7.182026 2.453921 7.083143 2.469948 2.575558 

Avg Classes:
2.501062 6.987991 2.500831 7.004122 2.500320 6.993248 2.501601 6.996249 2.500578 6.990609 
2.499498 7.005723 2.498374 7.006795 2.501292 7.002107 2.499690 7.004367 2.498954 6.983451 
2.499895 6.977804 2.500798 6.985700 2.497879 6.992608 2.496556 7.012830 2.497165 6.990719 
2.505279 7.053359 2.508546 7.025330 2.503622 7.027224 2.496757 7.017660 2.492969 7.021495 
2.515058 7.299356 2.473616 7.259717 2.514286 7.283912 2.472844 7.284170 2.470785 7.327413 
2.523547 7.069138 2.523547 7.098196 2.523547 7.013026 2.523547 6.972445 2.523547 6.891283 
2.484551 7.143258 2.502809 7.093399 2.549157 7.078652 2.497893 7.214185 2.465590 7.115169 
2.417391 6.704348 2.482609 6.821739 2.565217 6.452174 2.560870 6.960870 2.504348 6.700000 
2.416667 8.583333 2.416667 7.583333 2.416667 8.166667 2.416667 7.083333 2.416667 7.333333 
3.333333 7.666667 3.333333 7.666667 3.333333 12.000000 3.333333 8.000000 3.333333 11.666667 

Cluster 0 is class 0
Cluster 1 is class 0
Cluster 2 is class 8
Cluster 3 is class 0
Cluster 4 is class 7
Cluster 5 is class 0
Cluster 6 is class 7
Cluster 7 is class 0
Cluster 8 is class 9
Cluster 9 is class 0
Cluster 10 is class 0
Cluster 11 is class 9
Cluster 12 is class 8
Cluster 13 is class 0
Cluster 14 is class 8
Cluster 15 is class 0
Cluster 16 is class 0
Cluster 17 is class 8
Cluster 18 is class 7
Cluster 19 is class 0
Cluster 20 is class 0
Cluster 21 is class 0
Cluster 22 is class 0
Cluster 23 is class 9
Cluster 24 is class 5
Cluster 25 is class 8
Cluster 26 is class 0
Cluster 27 is class 0
Cluster 28 is class 0
Cluster 29 is class 9
Cluster 30 is class 0
Cluster 31 is class 0
Cluster 32 is class 0
Cluster 33 is class 0
Cluster 34 is class 0
Cluster 35 is class 2
Cluster 36 is class 0
Cluster 37 is class 8
Cluster 38 is class 0
Cluster 39 is class 7
Cluster 40 is class 0
Cluster 41 is class 9
Cluster 42 is class 0
Cluster 43 is class 8
Cluster 44 is class 0
Cluster 45 is class 8
Cluster 46 is class 0
Cluster 47 is class 0
Cluster 48 is class 0
Cluster 49 is class 0
Cluster 50 is class 0
Cluster 51 is class 0
Cluster 52 is class 7
Cluster 53 is class 8
Cluster 54 is class 0
Cluster 55 is class 0
Cluster 56 is class 3
Cluster 57 is class 0
Cluster 58 is class 9
Cluster 59 is class 9
Cluster 60 is class 0
Cluster 61 is class 0
Cluster 62 is class 0
Cluster 63 is class 0
Cluster 64 is class 8
Cluster 65 is class 7
Cluster 66 is class 8
Cluster 67 is class 8
Cluster 68 is class 0
Cluster 69 is class 8
Cluster 70 is class 0
Cluster 71 is class 8
Cluster 72 is class 0
Cluster 73 is class 0
Cluster 74 is class 0
Cluster 75 is class 0
Cluster 76 is class 7
Cluster 77 is class 8
Cluster 78 is class 8
Cluster 79 is class 4
Cluster 80 is class 0
Cluster 81 is class 0
Cluster 82 is class 7
Cluster 83 is class 7

Overall Accuracy is 0.301469

