----------------------------For Number of clusters 85----------------------------
Avg Clusters:
2.474925 3.112965 2.489391 4.100428 2.494842 2.890179 2.528556 8.947249 2.515934 4.171125 
2.549323 7.092466 2.515382 5.237896 2.502759 2.887364 2.456857 4.114843 2.504965 9.089420 
2.494180 3.138192 2.495635 10.833219 2.494137 9.870624 2.491141 10.857228 2.502825 4.240563 
2.500950 3.043813 2.499276 7.866570 2.488956 3.645967 2.504119 10.265592 2.531819 10.559473 
2.507440 3.403197 2.489779 11.170250 2.468365 3.050598 2.494459 9.109056 2.538699 3.929048 
2.552262 10.371332 2.523457 4.581706 2.503288 6.540976 2.491412 8.351065 2.468103 10.448130 
2.501035 10.757051 2.488455 11.145721 2.505499 3.541493 2.482449 4.016556 2.504281 8.421215 
2.482658 9.985505 2.536924 10.899625 2.522914 10.073202 2.510881 3.631122 2.520208 3.194129 
2.506556 3.388329 2.487375 10.560468 2.509807 3.312473 2.538145 3.051582 2.464619 6.665746 
2.530469 3.578616 2.499547 3.014504 2.509670 10.684226 2.473610 10.215854 2.484488 3.324134 
2.495115 3.238179 2.491138 10.675946 2.473266 10.038788 2.511759 3.135661 2.519173 3.358177 
2.506425 10.984339 2.501255 5.702640 2.455225 6.710772 2.511595 10.612288 2.490162 3.575193 
2.504051 7.197510 2.514782 10.500134 2.531738 10.485593 2.493588 10.440522 2.512368 10.954714 
2.513834 6.595059 2.496416 3.685230 2.481782 5.699745 2.485041 3.572605 2.509568 2.596659 
2.520071 10.661951 2.542352 6.075803 2.508930 11.522252 2.480754 7.612378 2.478515 5.061008 
2.527489 3.731976 2.498622 2.968619 2.500218 7.905904 2.520623 9.209274 2.478604 11.092065 
2.468681 5.359389 2.509162 9.909682 2.520858 3.561858 2.547888 3.278363 2.479662 2.338272 
2.471653 7.613919 2.468103 3.309622 2.489111 2.941413 2.454551 10.862883 2.503314 10.396082 
2.448182 11.697564 2.506306 11.235702 2.534801 9.719786 2.505172 9.419486 2.499566 8.998732 
2.516688 7.496612 2.498703 10.920033 2.516604 10.962610 2.496361 9.491092 2.545295 2.802008 
2.501634 4.536294 2.489607 7.142999 2.498935 10.654671 2.522042 3.129930 2.481983 10.664236 
2.516616 10.665511 2.504335 2.766724 2.462072 2.925228 2.513871 7.200694 2.541324 3.645860 
2.486345 10.934555 2.497109 3.050990 2.510825 11.209189 2.515131 3.569812 2.497171 9.649588 
2.466211 9.392139 2.487992 2.852136 2.527087 10.717328 2.477520 11.363027 2.531137 7.404496 
2.501658 2.942391 2.504476 11.936671 2.513843 5.337284 2.489224 10.142076 2.495275 10.289042 
2.500832 6.664478 2.547500 3.742229 2.484371 11.628054 2.462481 8.205411 2.524648 11.402854 
2.493358 3.064224 2.468255 4.342373 2.546221 11.305360 2.525515 11.673568 2.473110 9.219881 
2.489205 10.876685 2.495431 10.702707 2.481209 2.824880 2.515878 10.910955 2.493432 4.939856 
2.500366 10.106827 2.511002 11.276806 2.482882 10.761683 2.480157 2.940304 2.496776 9.970019 
2.528126 11.396637 2.463327 9.486865 2.510753 3.258984 2.490718 10.137373 2.523082 11.150823 
2.488342 10.274176 2.465617 3.359469 2.533989 2.511854 2.486178 11.784555 2.497491 4.078210 
2.529816 10.727444 2.498116 6.751940 2.439260 9.915540 2.520949 11.601640 2.490357 11.053536 
2.501539 11.549373 2.441830 10.457554 2.520343 10.425115 2.557510 11.429624 2.514185 3.257862 
2.453139 6.308442 2.499351 7.971645 2.531494 3.057143 2.436255 11.234957 2.471970 6.660173 
2.566851 6.025918 2.530616 11.351870 2.491780 7.218420 2.542862 3.456886 2.429961 10.961416 
2.533677 10.322884 2.451272 11.370447 2.495260 3.294529 2.504989 5.349909 2.463662 2.651422 
2.444846 9.143512 2.529828 2.389291 2.522431 10.754703 2.447419 5.877794 2.523074 2.812992 
2.530893 3.080053 2.455476 3.627690 2.493669 10.903411 2.501695 3.144468 2.505639 3.369543 
2.464779 11.302575 2.476377 3.266502 2.506652 2.463074 2.521320 5.059014 2.527716 11.018506 
2.491717 11.373382 2.474962 8.184216 2.483435 6.424410 2.554836 3.048839 2.496097 11.490956 
2.509333 3.332055 2.544950 3.697205 2.473918 6.567652 2.511956 11.500151 2.513268 6.496822 
2.442246 6.794161 2.555991 7.723327 2.492799 7.367689 2.508475 6.028118 2.489958 5.833350 
2.481535 6.740132 2.511115 2.849923 2.486979 9.790219 2.493603 2.806914 2.468923 7.224118 
2.472565 2.502646 2.581376 10.455761 2.515922 11.088664 2.508774 7.452326 2.495404 11.151889 
2.490812 11.371868 2.525671 3.251587 2.483796 4.504845 2.459405 2.105802 2.523332 8.671233 
2.431167 8.958133 2.492513 3.398314 2.522169 8.433639 2.535252 2.756941 2.486844 12.076901 
2.500367 2.289931 2.502940 10.918055 2.505634 7.898579 2.541401 5.648702 2.462763 7.337090 
2.557655 2.465352 2.485210 9.100931 2.434812 10.199397 2.456861 11.854150 2.535333 10.451657 
2.500562 2.677760 2.461435 3.022562 2.521925 3.094521 2.532269 4.255003 2.523874 10.634810 
2.479651 2.666325 2.504664 2.629933 2.473193 10.242235 2.495643 3.044593 2.503024 10.911635 
2.446825 2.687831 2.478439 3.007407 2.499603 11.310847 2.481085 6.748545 2.559392 7.598677 
2.502738 2.707408 2.529290 3.822502 2.520095 2.808968 2.478149 2.903812 2.482798 3.937080 
2.486103 11.198843 2.487782 7.962134 2.534602 3.954673 2.442082 2.361873 2.480228 3.521824 
2.505790 2.990184 2.518694 7.527407 2.510643 10.499614 2.472372 7.293261 2.486048 2.312452 
2.505721 11.709567 2.497700 3.510322 2.517754 6.977704 2.557037 2.924855 2.439424 2.943612 
2.491257 2.544446 2.518794 7.532300 2.509790 4.431787 2.485185 3.123024 2.528008 11.318501 
2.489450 2.411716 2.495419 2.768462 2.500555 2.639645 2.494725 11.050111 2.479733 10.318573 
2.521274 3.036393 2.453840 11.482740 2.507359 11.430961 2.431496 2.456115 2.510570 9.498261 
2.507922 6.136728 2.498665 2.207050 2.487983 5.481930 2.442407 3.049671 2.519138 11.292149 
2.442857 11.199134 2.573304 7.204329 2.526840 2.508658 2.479365 7.198413 2.525253 3.319336 
2.517924 11.564413 2.467016 2.386315 2.533966 10.742184 2.515305 10.223605 2.471108 11.488460 
2.533209 7.819622 2.517478 7.110813 2.517945 11.393731 2.517478 2.472034 2.465626 3.382894 
2.550419 7.904185 2.466581 11.303413 2.458339 6.620992 2.561236 11.058339 2.463361 7.460013 
2.536591 6.441489 2.496860 11.213837 2.483274 2.260532 2.496404 6.732618 2.495947 10.797465 
2.508802 3.345379 2.494556 7.112462 2.529650 6.032546 2.477183 11.480890 2.480079 2.252143 
2.516866 2.546712 2.532256 6.491528 2.474429 7.455775 2.524017 2.561324 2.455153 5.905798 
2.519492 7.583475 2.487712 11.246186 2.556780 5.586582 2.420339 11.184605 2.513701 2.210311 
2.485319 9.942609 2.455789 3.279613 2.487988 1.958458 2.533534 2.430264 2.460127 4.204371 
2.572031 11.625018 2.480112 7.827266 2.456079 8.819396 2.467323 2.862403 2.505271 6.652565 
2.473272 7.435492 2.480211 6.060910 2.550373 11.073631 2.534310 11.474685 2.447700 2.919044 
2.494438 11.953306 2.548344 3.143259 2.511062 3.729862 2.508495 11.382716 2.544432 9.665933 
2.567117 2.648991 2.509088 2.122395 2.511589 6.502084 2.435051 5.193930 2.511923 5.496248 
2.456490 7.239666 2.534083 8.929659 2.571429 5.504714 2.531907 7.768854 2.529732 11.857143 
2.463163 7.504756 2.481541 10.064324 2.491214 2.374174 2.520071 2.158955 2.513622 11.694664 
2.485240 11.278014 2.494052 2.511235 2.489793 10.436041 2.536936 11.227346 2.535908 2.503451 
2.528180 10.973629 2.525618 7.782700 2.485081 11.739602 2.493219 5.295509 2.517932 11.273207 
2.517870 6.293800 2.510430 11.160759 2.457039 11.688694 2.472794 6.755653 2.513494 7.012546 
2.509760 11.737760 2.479040 11.082720 2.470720 7.338880 2.521440 7.493440 2.522240 3.245600 
2.484444 11.513067 2.391644 3.549867 2.490489 11.597867 2.509689 2.310578 2.565333 3.296000 
2.514045 7.280372 2.469136 11.303453 2.493111 2.706745 2.512435 11.781356 2.429952 11.188406 
2.519993 2.751121 2.502429 7.343236 2.503363 11.299514 2.571936 7.906390 2.507100 6.781577 
2.463108 11.015018 2.455109 2.218740 2.512243 6.967516 2.512896 6.539667 2.433072 6.803950 
2.477559 6.520257 2.567200 2.359170 2.498059 5.660480 2.501334 10.489932 2.429282 2.701359 
2.437870 2.050111 2.517382 11.787722 2.509061 3.880917 2.512759 3.873891 2.521080 11.499075 
2.470767 6.844627 2.481674 7.173431 2.513320 2.413910 2.545146 10.586447 2.466476 2.054354 

Avg Classes:
2.501062 6.987991 2.500831 7.004122 2.500320 6.993248 2.501601 6.996249 2.500578 6.990609 
2.499498 7.005723 2.498374 7.006795 2.501292 7.002107 2.499690 7.004367 2.498954 6.983451 
2.499895 6.977804 2.500798 6.985700 2.497879 6.992608 2.496556 7.012830 2.497165 6.990719 
2.505279 7.053359 2.508546 7.025330 2.503622 7.027224 2.496757 7.017660 2.492969 7.021495 
2.515058 7.299356 2.473616 7.259717 2.514286 7.283912 2.472844 7.284170 2.470785 7.327413 
2.523547 7.069138 2.523547 7.098196 2.523547 7.013026 2.523547 6.972445 2.523547 6.891283 
2.484551 7.143258 2.502809 7.093399 2.549157 7.078652 2.497893 7.214185 2.465590 7.115169 
2.417391 6.704348 2.482609 6.821739 2.565217 6.452174 2.560870 6.960870 2.504348 6.700000 
2.416667 8.583333 2.416667 7.583333 2.416667 8.166667 2.416667 7.083333 2.416667 7.333333 
3.333333 7.666667 3.333333 7.666667 3.333333 12.000000 3.333333 8.000000 3.333333 11.666667 

Cluster 0 is class 7
Cluster 1 is class 0
Cluster 2 is class 0
Cluster 3 is class 7
Cluster 4 is class 0
Cluster 5 is class 0
Cluster 6 is class 0
Cluster 7 is class 8
Cluster 8 is class 0
Cluster 9 is class 0
Cluster 10 is class 5
Cluster 11 is class 0
Cluster 12 is class 9
Cluster 13 is class 0
Cluster 14 is class 8
Cluster 15 is class 0
Cluster 16 is class 0
Cluster 17 is class 0
Cluster 18 is class 8
Cluster 19 is class 8
Cluster 20 is class 0
Cluster 21 is class 0
Cluster 22 is class 8
Cluster 23 is class 8
Cluster 24 is class 4
Cluster 25 is class 9
Cluster 26 is class 9
Cluster 27 is class 4
Cluster 28 is class 8
Cluster 29 is class 4
Cluster 30 is class 0
Cluster 31 is class 9
Cluster 32 is class 8
Cluster 33 is class 0
Cluster 34 is class 0
Cluster 35 is class 5
Cluster 36 is class 0
Cluster 37 is class 0
Cluster 38 is class 0
Cluster 39 is class 8
Cluster 40 is class 0
Cluster 41 is class 0
Cluster 42 is class 0
Cluster 43 is class 9
Cluster 44 is class 0
Cluster 45 is class 0
Cluster 46 is class 0
Cluster 47 is class 9
Cluster 48 is class 0
Cluster 49 is class 0
Cluster 50 is class 0
Cluster 51 is class 7
Cluster 52 is class 0
Cluster 53 is class 0
Cluster 54 is class 0
Cluster 55 is class 0
Cluster 56 is class 7
Cluster 57 is class 9
Cluster 58 is class 0
Cluster 59 is class 7
Cluster 60 is class 9
Cluster 61 is class 8
Cluster 62 is class 3
Cluster 63 is class 0
Cluster 64 is class 0
Cluster 65 is class 0
Cluster 66 is class 0
Cluster 67 is class 0
Cluster 68 is class 8
Cluster 69 is class 0
Cluster 70 is class 0
Cluster 71 is class 0
Cluster 72 is class 0
Cluster 73 is class 0
Cluster 74 is class 8
Cluster 75 is class 9
Cluster 76 is class 8
Cluster 77 is class 8
Cluster 78 is class 8
Cluster 79 is class 0
Cluster 80 is class 0
Cluster 81 is class 0
Cluster 82 is class 0
Cluster 83 is class 0
Cluster 84 is class 0

Overall Accuracy is 0.304931

