----------------------------For Number of clusters 25----------------------------
Avg Clusters:
2.495396 9.961681 2.495412 10.381640 2.492000 4.223689 2.501966 3.987095 2.498460 9.540601 
2.492842 9.469356 2.498086 10.151810 2.508266 9.811088 2.506507 3.813075 2.516621 3.770811 
2.510579 10.160184 2.487916 3.944426 2.496910 9.959134 2.504094 9.905925 2.498271 9.269739 
2.499755 4.250528 2.496078 4.120003 2.495229 3.978673 2.491100 10.061981 2.492325 10.095810 
2.500954 9.952603 2.509534 4.417613 2.496551 3.768270 2.481792 4.008466 2.491656 3.854597 
2.496360 3.642435 2.515752 10.225026 2.507810 10.165675 2.504891 8.762255 2.500265 3.763847 
2.498595 9.875460 2.510732 10.991424 2.514147 9.129554 2.499855 10.045131 2.485271 9.824976 
2.496102 10.067073 2.516561 5.900198 2.487729 10.681889 2.504290 3.204216 2.489413 10.199165 
2.493874 9.539524 2.507584 3.141446 2.514154 10.693370 2.486982 5.595647 2.504644 3.288252 
2.511514 10.309263 2.466062 8.569255 2.497732 9.435684 2.514069 10.932009 2.509332 3.084759 
2.503525 3.159994 2.483122 4.208344 2.487924 9.107100 2.500340 3.410434 2.488486 4.243318 
2.516789 3.786752 2.515984 3.596362 2.512457 9.736314 2.484211 10.856714 2.497598 3.939397 
2.493912 3.813207 2.488221 3.720463 2.498167 9.410987 2.498680 3.833457 2.518879 10.729128 
2.492333 9.852315 2.489301 10.550561 2.493825 3.066665 2.492969 9.516177 2.492725 3.898413 
2.503145 3.313515 2.537613 10.005120 2.489481 9.792668 2.485707 10.049507 2.521520 10.484595 
2.496681 3.250947 2.494544 9.829055 2.498732 3.405168 2.501040 10.381606 2.514288 4.442862 
2.477193 10.128554 2.510869 3.284211 2.505653 4.091411 2.522687 10.864060 2.492357 4.050288 
2.498698 3.561071 2.502240 6.608938 2.532528 3.106021 2.507032 3.350201 2.508334 10.008620 
2.524053 4.279282 2.482146 11.173174 2.501468 3.161066 2.497372 8.888853 2.505637 10.792351 
2.517207 3.717253 2.512706 11.020341 2.488320 9.764201 2.506410 3.098598 2.478491 9.405675 
2.506555 3.654948 2.477730 3.427218 2.529274 10.891478 2.503637 10.371498 2.478538 10.519127 
2.497974 4.146846 2.503377 9.982734 2.498972 3.768616 2.529716 3.265328 2.463912 3.390856 
2.492401 3.356137 2.508432 3.168366 2.483116 3.140272 2.502917 8.429348 2.511289 3.604301 
2.502627 10.395678 2.502469 3.007612 2.510019 3.934573 2.491208 4.387625 2.508823 10.597685 
2.509338 10.875690 2.468519 6.161545 2.489677 3.108274 2.498345 10.794050 2.523247 10.679117 

Avg Classes:
2.501062 6.987991 2.500831 7.004122 2.500320 6.993248 2.501601 6.996249 2.500578 6.990609 
2.499498 7.005723 2.498374 7.006795 2.501292 7.002107 2.499690 7.004367 2.498954 6.983451 
2.499895 6.977804 2.500798 6.985700 2.497879 6.992608 2.496556 7.012830 2.497165 6.990719 
2.505279 7.053359 2.508546 7.025330 2.503622 7.027224 2.496757 7.017660 2.492969 7.021495 
2.515058 7.299356 2.473616 7.259717 2.514286 7.283912 2.472844 7.284170 2.470785 7.327413 
2.523547 7.069138 2.523547 7.098196 2.523547 7.013026 2.523547 6.972445 2.523547 6.891283 
2.484551 7.143258 2.502809 7.093399 2.549157 7.078652 2.497893 7.214185 2.465590 7.115169 
2.417391 6.704348 2.482609 6.821739 2.565217 6.452174 2.560870 6.960870 2.504348 6.700000 
2.416667 8.583333 2.416667 7.583333 2.416667 8.166667 2.416667 7.083333 2.416667 7.333333 
3.333333 7.666667 3.333333 7.666667 3.333333 12.000000 3.333333 8.000000 3.333333 11.666667 

Cluster 0 is class 0
Cluster 1 is class 8
Cluster 2 is class 8
Cluster 3 is class 0
Cluster 4 is class 0
Cluster 5 is class 0
Cluster 6 is class 8
Cluster 7 is class 8
Cluster 8 is class 8
Cluster 9 is class 4
Cluster 10 is class 0
Cluster 11 is class 0
Cluster 12 is class 0
Cluster 13 is class 0
Cluster 14 is class 4
Cluster 15 is class 7
Cluster 16 is class 0
Cluster 17 is class 7
Cluster 18 is class 0
Cluster 19 is class 0
Cluster 20 is class 9
Cluster 21 is class 7
Cluster 22 is class 7
Cluster 23 is class 0
Cluster 24 is class 0

Overall Accuracy is 0.285420

