Avg Clusters:
2.497031 4.413522 2.515307 10.255792 2.505469 3.951766 2.488522 9.866963 2.497811 9.810841 
2.500869 10.157640 2.502474 5.458709 2.486409 10.261167 2.502675 3.694483 2.497141 9.750602 
2.506356 4.073558 2.517493 10.358085 2.490755 9.932101 2.509464 3.863962 2.493983 10.002670 
2.503859 4.137209 2.498787 4.048661 2.491005 4.330860 2.493935 4.457010 2.493384 3.948157 
2.492453 9.615446 2.508368 9.364468 2.505359 3.737978 2.505274 3.807245 2.486042 3.700644 
2.509312 3.674327 2.481883 9.114648 2.500396 3.967221 2.510721 10.145027 2.507000 3.193832 
2.495910 9.502707 2.488821 3.416504 2.520002 9.907701 2.493397 4.503895 2.496007 3.280325 
2.496673 9.428705 2.507230 3.555235 2.505103 3.459342 2.488418 4.214323 2.501707 10.099756 
2.504074 3.650274 2.498747 9.490871 2.492586 9.945722 2.516577 3.618204 2.502110 3.375612 
2.492607 10.201455 2.500859 5.952861 2.490909 10.103273 2.498250 10.923500 2.484015 3.961538 
2.489030 3.489980 2.489389 3.105940 2.491182 9.657328 2.494178 4.688676 2.498439 10.093115 
2.495198 10.596883 2.513164 10.960786 2.512873 10.431508 2.509221 4.956553 2.522928 4.284629 
2.491029 10.032270 2.515073 3.490577 2.499458 3.456138 2.507706 10.064585 2.497424 4.184873 
2.508041 3.869279 2.489865 3.257905 2.489077 4.091779 2.497815 10.334122 2.501892 9.746757 
2.506104 10.098725 2.505480 10.564650 2.507325 9.627699 2.506511 10.113728 2.487575 10.196419 
2.506324 3.355887 2.506179 3.604309 2.507944 10.228496 2.493628 10.236621 2.512490 4.252823 
2.508236 9.665503 2.491764 3.135691 2.525395 9.725336 2.499582 10.543629 2.503372 10.571979 
2.501346 10.579336 2.477740 10.890795 2.485410 3.922292 2.498873 10.598059 2.505197 4.430620 
2.496455 4.204722 2.502670 10.929885 2.520254 10.508792 2.490240 10.433274 2.511540 4.157188 
2.513091 3.299049 2.520361 8.161605 2.499835 10.700474 2.490802 10.679286 2.501524 10.801197 
2.513421 10.852659 2.464778 6.786530 2.500515 3.099385 2.504906 10.372991 2.520713 10.920660 
2.500225 3.584505 2.496943 9.457768 2.506842 3.150216 2.520395 3.260039 2.495672 9.717939 
2.498233 10.589472 2.479284 10.962804 2.502818 4.558708 2.490335 3.832458 2.495335 10.508200 

Avg Classes:
2.501062 6.987991 2.500831 7.004122 2.500320 6.993248 2.501601 6.996249 2.500578 6.990609 
2.499498 7.005723 2.498374 7.006795 2.501292 7.002107 2.499690 7.004367 2.498954 6.983451 
2.499895 6.977804 2.500798 6.985700 2.497879 6.992608 2.496556 7.012830 2.497165 6.990719 
2.505279 7.053359 2.508546 7.025330 2.503622 7.027224 2.496757 7.017660 2.492969 7.021495 
2.515058 7.299356 2.473616 7.259717 2.514286 7.283912 2.472844 7.284170 2.470785 7.327413 
2.523547 7.069138 2.523547 7.098196 2.523547 7.013026 2.523547 6.972445 2.523547 6.891283 
2.484551 7.143258 2.502809 7.093399 2.549157 7.078652 2.497893 7.214185 2.465590 7.115169 
2.417391 6.704348 2.482609 6.821739 2.565217 6.452174 2.560870 6.960870 2.504348 6.700000 
2.416667 8.583333 2.416667 7.583333 2.416667 8.166667 2.416667 7.083333 2.416667 7.333333 
3.333333 7.666667 3.333333 7.666667 3.333333 12.000000 3.333333 8.000000 3.333333 11.666667 

Cluster 0 is class 0
Cluster 1 is class 8
Cluster 2 is class 0
Cluster 3 is class 7
Cluster 4 is class 0
Cluster 5 is class 0
Cluster 6 is class 0
Cluster 7 is class 0
Cluster 8 is class 0
Cluster 9 is class 8
Cluster 10 is class 0
Cluster 11 is class 8
Cluster 12 is class 7
Cluster 13 is class 7
Cluster 14 is class 8
Cluster 15 is class 0
Cluster 16 is class 8
Cluster 17 is class 0
Cluster 18 is class 0
Cluster 19 is class 9
Cluster 20 is class 0
Cluster 21 is class 0
Cluster 22 is class 0

Overall Accuracy is 0.327967

