----------------------------For Number of clusters 6----------------------------
Avg Clusters:
2.498185 5.302583 2.505208 5.450932 2.499156 6.432730 2.498617 3.901480 2.496161 9.440923 
2.497672 10.052952 2.496381 5.240209 2.493603 3.938455 2.495779 8.974905 2.502228 6.091134 
2.498823 4.125132 2.500639 10.324344 2.508651 4.990119 2.513118 8.822805 2.486066 5.542081 
2.499432 9.084432 2.497212 8.391121 2.501685 9.529127 2.503877 4.038405 2.510850 3.728053 
2.502293 5.146222 2.497948 4.039385 2.505860 10.360272 2.482796 10.267729 2.506950 5.841240 
2.512092 9.127910 2.498665 9.869212 2.498787 9.334815 2.507787 8.114405 2.498709 10.758781 

Avg Classes:
2.501062 6.987991 2.500831 7.004122 2.500320 6.993248 2.501601 6.996249 2.500578 6.990609 
2.499498 7.005723 2.498374 7.006795 2.501292 7.002107 2.499690 7.004367 2.498954 6.983451 
2.499895 6.977804 2.500798 6.985700 2.497879 6.992608 2.496556 7.012830 2.497165 6.990719 
2.505279 7.053359 2.508546 7.025330 2.503622 7.027224 2.496757 7.017660 2.492969 7.021495 
2.515058 7.299356 2.473616 7.259717 2.514286 7.283912 2.472844 7.284170 2.470785 7.327413 
2.523547 7.069138 2.523547 7.098196 2.523547 7.013026 2.523547 6.972445 2.523547 6.891283 
2.484551 7.143258 2.502809 7.093399 2.549157 7.078652 2.497893 7.214185 2.465590 7.115169 
2.417391 6.704348 2.482609 6.821739 2.565217 6.452174 2.560870 6.960870 2.504348 6.700000 
2.416667 8.583333 2.416667 7.583333 2.416667 8.166667 2.416667 7.083333 2.416667 7.333333 
3.333333 7.666667 3.333333 7.666667 3.333333 12.000000 3.333333 8.000000 3.333333 11.666667 

Cluster 0 is class 0
Cluster 1 is class 7
Cluster 2 is class 0
Cluster 3 is class 0
Cluster 4 is class 0
Cluster 5 is class 8

Overall Accuracy is 0.361776

