----------------------------For Number of clusters 53----------------------------
Avg Clusters:
2.516592 3.112732 2.506077 3.944879 2.486952 8.041092 2.502416 10.185075 2.491667 3.685148 
2.487326 7.616508 2.505575 10.432147 2.496896 4.010576 2.522790 3.571847 2.479423 4.110415 
2.514072 10.432718 2.463572 10.968659 2.508589 3.887153 2.485989 4.995370 2.496650 10.436739 
2.500246 8.787167 2.498242 9.038867 2.515918 4.034005 2.490653 11.121431 2.466340 10.403621 
2.478238 4.427253 2.502269 4.157159 2.497274 2.532087 2.487467 9.980751 2.500807 4.322115 
2.505505 10.813161 2.509701 3.080330 2.496539 3.546889 2.489295 4.913323 2.494172 10.163134 
2.508226 3.131705 2.478204 3.931731 2.521284 3.451767 2.499296 4.253041 2.532742 9.816669 
2.512530 4.032321 2.524397 3.623702 2.496370 5.153564 2.464322 3.226247 2.485011 3.380162 
2.490333 3.190528 2.523961 10.385534 2.484131 10.031406 2.524127 4.455344 2.517030 3.517328 
2.520953 4.356183 2.532399 10.155407 2.488602 10.856712 2.501587 10.179134 2.503062 9.751611 
2.484966 3.391886 2.515656 10.781400 2.504687 3.968688 2.536738 3.344315 2.479482 9.945155 
2.477237 10.636268 2.471778 3.493645 2.506824 9.972673 2.521735 4.026153 2.508644 3.694590 
2.485916 9.703651 2.492098 3.476332 2.507060 10.966637 2.506365 3.949700 2.504682 10.633853 
2.490853 10.983366 2.514825 3.843155 2.496995 3.786912 2.517514 10.344998 2.506624 4.123112 
2.491093 11.875546 2.503018 9.748295 2.505226 4.090347 2.471119 4.746626 2.505030 3.274967 
2.496416 9.678902 2.484818 3.092046 2.472873 4.129360 2.483776 10.750880 2.539898 10.949568 
2.518827 3.055541 2.509458 3.974314 2.491124 4.375560 2.525148 11.014300 2.489152 10.695446 
2.514298 10.108677 2.513316 3.348920 2.475209 3.233616 2.490979 4.449374 2.481959 2.703670 
2.510624 3.688991 2.490539 10.902590 2.501907 4.359060 2.492718 10.445356 2.511205 3.513093 
2.523205 11.120029 2.490172 9.752616 2.505551 9.945354 2.523797 9.721540 2.502958 10.703658 
2.490992 10.583439 2.541446 10.758120 2.494543 10.407706 2.498049 2.837899 2.507781 5.408583 
2.519580 9.032024 2.535841 10.638551 2.452046 10.552821 2.511892 3.380863 2.496571 11.285066 
2.495689 11.034620 2.473405 10.701552 2.501658 2.935668 2.542778 10.378101 2.502122 6.446478 
2.506807 3.137977 2.504212 3.496511 2.492852 10.803565 2.495958 3.487236 2.485279 9.006382 
2.472938 10.292199 2.473186 4.415438 2.519236 3.783178 2.474009 2.030810 2.498888 6.322267 
2.520116 7.355789 2.518048 3.535530 2.515930 10.771064 2.493377 11.034963 2.511548 10.321712 
2.491260 4.004652 2.473875 10.038342 2.514848 11.029555 2.484400 10.730570 2.519171 3.215017 
2.514455 3.700549 2.452506 3.668680 2.488689 11.223325 2.512790 4.019232 2.521359 2.876842 
2.490576 11.851908 2.462993 3.306101 2.497603 9.996257 2.493597 10.382084 2.461811 8.677021 
2.493826 10.349703 2.581008 3.380688 2.519495 10.391265 2.512177 10.585182 2.482735 2.940544 
2.500864 3.033085 2.512689 10.716117 2.522455 2.985849 2.514018 10.468376 2.513420 8.563115 
2.505382 9.905460 2.505070 10.445944 2.486973 3.559126 2.469423 10.748752 2.508736 2.125273 
2.526108 10.191397 2.468445 10.416854 2.535938 10.610193 2.514776 7.005948 2.532494 2.574693 
2.483452 6.379913 2.465637 4.148811 2.458201 6.695759 2.512054 2.622048 2.484187 11.280297 
2.504785 9.298819 2.425554 7.424088 2.488749 7.476420 2.536943 11.229158 2.481593 3.564618 
2.479421 5.661074 2.545868 3.494793 2.544711 11.887769 2.464215 9.924876 2.481818 3.808347 
2.501146 2.250967 2.448575 3.974359 2.521988 11.105286 2.516187 10.670964 2.495559 9.226615 
2.494129 3.477337 2.485667 8.588521 2.502985 10.791735 2.483240 3.183798 2.510331 10.674582 
2.519265 7.065662 2.495902 7.549034 2.534809 10.551390 2.474800 2.371927 2.426001 3.432784 
2.515214 7.752655 2.546087 7.204069 2.499331 2.366467 2.498885 3.525029 2.532346 10.930668 
2.460855 3.038001 2.479768 10.508357 2.475018 6.742787 2.455489 10.336999 2.520408 11.383885 
2.531129 10.822996 2.420972 8.786984 2.497587 11.714723 2.507120 11.408732 2.533482 3.825350 
2.507379 9.623994 2.488148 12.011516 2.467352 8.151051 2.490608 10.874329 2.543269 4.628466 
2.503650 11.698521 2.529483 7.096125 2.513852 7.111475 2.508330 2.967990 2.482497 10.441501 
2.495801 2.684694 2.558504 11.222372 2.524801 8.787594 2.557944 5.144217 2.445863 11.221812 
2.538523 3.526556 2.449624 11.756667 2.510144 11.097447 2.461477 3.294279 2.488261 7.518122 
2.457336 3.752113 2.525047 3.497464 2.510010 9.186849 2.489990 7.332681 2.485719 11.731827 
2.540226 3.761350 2.469654 9.619384 2.515055 2.419078 2.485062 8.358857 2.538932 11.866032 
2.401567 10.018451 2.573716 11.747433 2.531419 11.884073 2.453786 9.944822 2.469452 7.011488 
2.538992 7.055999 2.514246 2.901508 2.517500 6.754510 2.485359 7.228828 2.491866 7.453613 
2.516021 2.608048 2.468269 9.776205 2.477211 3.074640 2.522541 3.949143 2.476403 3.349044 
2.414155 5.746298 2.524940 8.365956 2.503413 6.816234 2.441458 7.079807 2.519269 6.323848 
2.530633 10.628614 2.529830 6.585590 2.528912 11.471776 2.491854 6.233134 2.488871 7.376549 

Avg Classes:
2.501062 6.987991 2.500831 7.004122 2.500320 6.993248 2.501601 6.996249 2.500578 6.990609 
2.499498 7.005723 2.498374 7.006795 2.501292 7.002107 2.499690 7.004367 2.498954 6.983451 
2.499895 6.977804 2.500798 6.985700 2.497879 6.992608 2.496556 7.012830 2.497165 6.990719 
2.505279 7.053359 2.508546 7.025330 2.503622 7.027224 2.496757 7.017660 2.492969 7.021495 
2.515058 7.299356 2.473616 7.259717 2.514286 7.283912 2.472844 7.284170 2.470785 7.327413 
2.523547 7.069138 2.523547 7.098196 2.523547 7.013026 2.523547 6.972445 2.523547 6.891283 
2.484551 7.143258 2.502809 7.093399 2.549157 7.078652 2.497893 7.214185 2.465590 7.115169 
2.417391 6.704348 2.482609 6.821739 2.565217 6.452174 2.560870 6.960870 2.504348 6.700000 
2.416667 8.583333 2.416667 7.583333 2.416667 8.166667 2.416667 7.083333 2.416667 7.333333 
3.333333 7.666667 3.333333 7.666667 3.333333 12.000000 3.333333 8.000000 3.333333 11.666667 

Cluster 0 is class 0
Cluster 1 is class 0
Cluster 2 is class 8
Cluster 3 is class 0
Cluster 4 is class 7
Cluster 5 is class 0
Cluster 6 is class 7
Cluster 7 is class 7
Cluster 8 is class 0
Cluster 9 is class 9
Cluster 10 is class 0
Cluster 11 is class 8
Cluster 12 is class 8
Cluster 13 is class 0
Cluster 14 is class 0
Cluster 15 is class 0
Cluster 16 is class 0
Cluster 17 is class 0
Cluster 18 is class 0
Cluster 19 is class 8
Cluster 20 is class 8
Cluster 21 is class 8
Cluster 22 is class 0
Cluster 23 is class 0
Cluster 24 is class 0
Cluster 25 is class 9
Cluster 26 is class 0
Cluster 27 is class 0
Cluster 28 is class 8
Cluster 29 is class 6
Cluster 30 is class 0
Cluster 31 is class 0
Cluster 32 is class 8
Cluster 33 is class 0
Cluster 34 is class 0
Cluster 35 is class 0
Cluster 36 is class 9
Cluster 37 is class 9
Cluster 38 is class 0
Cluster 39 is class 7
Cluster 40 is class 0
Cluster 41 is class 4
Cluster 42 is class 4
Cluster 43 is class 4
Cluster 44 is class 0
Cluster 45 is class 0
Cluster 46 is class 9
Cluster 47 is class 0
Cluster 48 is class 8
Cluster 49 is class 0
Cluster 50 is class 7
Cluster 51 is class 0
Cluster 52 is class 8

Overall Accuracy is 0.289671

