----------------------------For Number of clusters 80----------------------------
Avg Clusters:
2.486664 10.022379 2.498135 4.902745 2.504398 2.766960 2.501302 10.138107 2.499683 4.031985 
2.510695 3.660037 2.470632 7.294141 2.498068 10.181643 2.502611 3.700887 2.491558 3.767921 
2.480968 11.191134 2.515170 3.744024 2.504742 10.875896 2.509119 10.273441 2.481269 5.316998 
2.507369 10.015136 2.485283 10.944846 2.511163 4.075762 2.496705 3.275650 2.486561 10.526618 
2.494982 3.279583 2.517038 3.415963 2.459064 4.302866 2.530539 9.701141 2.519818 3.444950 
2.512602 2.442143 2.480494 4.485459 2.493545 10.479170 2.487729 10.631910 2.507448 4.687473 
2.503213 10.829593 2.507168 10.644651 2.498715 4.022444 2.509096 6.619834 2.489618 3.009937 
2.510360 3.125164 2.476578 7.224204 2.506111 3.104548 2.495253 4.687248 2.498505 4.846142 
2.488246 3.237776 2.511609 10.962157 2.516291 6.783125 2.507844 3.655500 2.486750 10.579814 
2.488012 3.422149 2.527669 11.811820 2.465361 10.810357 2.514218 4.193825 2.506970 3.563354 
2.525125 3.787243 2.516805 10.103827 2.509040 2.664060 2.501442 7.162285 2.514698 10.979146 
2.519168 9.870316 2.502374 4.249698 2.491366 10.062770 2.513599 10.278967 2.513901 11.479019 
2.537699 3.294645 2.505235 4.031961 2.507600 8.545551 2.499698 11.192319 2.477049 11.080683 
2.493777 7.741050 2.506847 2.987555 2.509346 9.504829 2.495315 3.223055 2.501225 3.137331 
2.508559 8.945866 2.493982 10.840077 2.494708 7.834452 2.508680 2.599528 2.522410 3.973266 
2.494480 3.142910 2.495405 4.438105 2.508234 2.649109 2.510825 11.140134 2.476716 9.457102 
2.490879 10.499938 2.497103 10.734315 2.500740 11.080858 2.540121 10.593554 2.493036 9.303402 
2.454417 11.090425 2.515868 10.822990 2.529951 10.605417 2.512432 4.759720 2.514655 7.677448 
2.507459 7.537873 2.490548 7.583719 2.512603 3.295910 2.463284 10.972222 2.483475 10.211484 
2.531761 7.156527 2.480266 10.460649 2.529017 6.517515 2.466663 11.310836 2.514129 3.369512 
2.508861 3.169118 2.536835 10.527511 2.510136 10.886598 2.486274 10.499247 2.528437 10.457489 
2.523351 9.816276 2.513155 6.180010 2.487852 5.651057 2.491188 6.271148 2.500755 10.505728 
2.459198 10.622572 2.477786 10.187880 2.494374 2.562724 2.476869 2.389681 2.506127 4.331166 
2.509278 7.105534 2.529306 10.186463 2.453527 10.654051 2.485163 6.191204 2.502412 11.548353 
2.520634 10.655516 2.514899 3.230293 2.483864 3.272012 2.471494 3.000394 2.483301 6.260879 
2.512493 11.059290 2.483740 10.732401 2.533512 6.575848 2.438925 10.273151 2.509518 11.384196 
2.490940 10.611880 2.495812 10.982393 2.492308 2.513333 2.533675 11.419231 2.492051 4.437607 
2.501950 3.002553 2.509114 11.217533 2.457408 3.013831 2.507483 10.666288 2.557770 5.946663 
2.531244 11.279348 2.489756 10.241959 2.487195 2.259066 2.528478 7.849314 2.505839 10.180393 
2.469065 7.592569 2.512516 2.245198 2.466782 3.632950 2.484021 9.954424 2.537783 11.125315 
2.475366 11.730393 2.470211 2.924000 2.503498 10.852566 2.528537 3.144414 2.489432 5.576920 
2.503270 10.008589 2.500433 2.864077 2.474667 3.839729 2.497203 5.782050 2.508865 2.334410 
2.552635 7.268375 2.518514 11.317150 2.456315 4.294664 2.488645 7.067233 2.472089 7.142186 
2.516628 11.850954 2.516386 3.544086 2.495692 3.606651 2.489895 11.097592 2.512924 9.853128 
2.503444 3.241834 2.503592 6.229094 2.473076 4.065328 2.539145 2.393675 2.529072 10.851196 
2.506003 7.289455 2.525025 7.359034 2.546290 11.095979 2.491827 9.991248 2.530595 2.714162 
2.464249 5.487473 2.502917 11.180414 2.538840 6.469626 2.532433 11.355909 2.444572 10.566754 
2.463724 7.700268 2.487488 3.075179 2.496085 10.741882 2.504517 3.319334 2.501068 10.806823 
2.517837 10.397723 2.453321 10.925427 2.453321 2.466793 2.510247 12.012524 2.517078 10.682353 
2.516530 3.098961 2.543123 2.463344 2.508610 4.373974 2.461600 3.104410 2.496767 4.456804 
2.525245 6.251052 2.521505 6.685367 2.533544 11.202197 2.436536 10.916082 2.440743 8.214002 
2.485155 11.190945 2.479031 3.720635 2.521247 6.629894 2.512154 2.453516 2.535999 11.318890 
2.495369 6.092417 2.492824 2.806514 2.515420 2.638372 2.484377 5.604173 2.438066 8.668193 
2.504265 10.921845 2.526458 10.138033 2.506876 11.603742 2.511314 3.924891 2.508703 2.593821 
2.515584 11.412684 2.444394 10.715602 2.481886 10.379528 2.525702 10.603487 2.521276 2.851025 
2.515860 3.424717 2.482345 6.570116 2.502655 10.741280 2.511554 2.862208 2.486723 10.489594 
2.506655 5.529889 2.494676 2.343054 2.486205 4.565828 2.508349 2.440223 2.502178 11.218417 
2.512947 2.375367 2.524512 10.175039 2.512084 7.338771 2.533748 10.525893 2.514069 2.891075 
2.489543 7.380808 2.531277 2.724614 2.560329 6.533359 2.433993 11.346551 2.471184 5.518312 
2.497113 11.311611 2.489895 3.612497 2.475253 6.814085 2.579913 10.952774 2.514230 2.417612 
2.441713 11.128620 2.506693 3.940131 2.491847 1.963251 2.508396 4.253711 2.549890 11.337673 
2.523840 6.074227 2.539556 2.338006 2.512477 11.040353 2.473505 10.166083 2.490177 2.446108 
2.485382 4.197620 2.477136 11.293759 2.490817 2.854292 2.518834 6.007777 2.502717 2.357571 
2.516218 10.798712 2.513228 10.289165 2.449160 10.069128 2.518173 2.349781 2.482632 11.566828 
2.501881 2.591215 2.475195 2.511856 2.494181 11.010062 2.484994 4.068597 2.509581 4.286027 
2.509612 3.258325 2.476416 10.912491 2.505830 11.821830 2.468852 10.693665 2.483559 3.420527 
2.453837 11.643643 2.491157 9.756301 2.543657 6.752124 2.459964 10.653391 2.503690 6.324885 
2.479230 2.384833 2.509564 2.278438 2.470628 9.639276 2.466553 3.811545 2.512960 10.684437 
2.448177 6.585719 2.509641 11.636336 2.478608 10.974691 2.521995 8.934468 2.529226 6.274782 
2.504901 7.327285 2.548212 7.766225 2.518940 2.618675 2.487417 2.755497 2.526623 8.869669 
2.515621 3.036525 2.521241 10.816251 2.547988 5.713644 2.520679 2.308272 2.469544 3.411778 
2.600420 11.180912 2.485842 7.133062 2.452937 8.307420 2.460278 2.827216 2.481647 6.735711 
2.485992 7.149546 2.502650 6.576098 2.568147 3.139576 2.494447 2.857395 2.427562 2.443715 
2.452001 2.075773 2.493771 10.037667 2.478089 4.084567 2.500513 11.377253 2.524549 11.406713 
2.465064 3.383374 2.473901 3.232121 2.527127 11.835594 2.544801 7.779182 2.486745 9.862824 
2.511440 2.140704 2.455816 3.043294 2.536923 3.051925 2.517605 6.239759 2.506919 11.058638 
2.481890 3.557870 2.492647 11.644880 2.525327 2.410675 2.543709 2.640931 2.457653 7.429739 
2.525886 9.146041 2.546512 5.802741 2.517996 11.855897 2.485050 5.154070 2.448367 6.984358 
2.543568 3.244539 2.471966 4.944782 2.486286 7.082160 2.498180 7.215898 2.528519 10.130218 
2.517111 5.731092 2.494580 11.303617 2.512605 11.353550 2.474485 2.266472 2.515041 8.896359 
2.543278 11.533000 2.440628 2.150933 2.519881 6.777522 2.494320 7.154720 2.443468 9.064241 
2.455115 11.244373 2.442711 5.705243 2.474425 9.919949 2.444118 6.254604 2.494757 2.184783 
2.491523 1.996109 2.533908 10.519872 2.510422 11.639105 2.526681 4.949138 2.451501 10.211506 
2.467120 4.172029 2.465453 8.187668 2.566722 2.381361 2.455198 11.481220 2.437764 2.597231 
2.481748 6.720351 2.508852 2.826414 2.477988 8.542535 2.506972 6.598778 2.494595 6.205546 
2.478957 2.432066 2.458570 10.402942 2.501529 7.778652 2.510995 8.551769 2.439784 7.058541 
2.462296 11.770912 2.489164 6.090811 2.519792 5.920473 2.523016 2.475909 2.490238 2.358947 
2.542692 11.776437 2.529532 5.919944 2.496788 11.581701 2.486292 4.961147 2.532822 11.392449 
2.464791 7.123096 2.517649 11.385952 2.502956 9.210357 2.503852 6.885684 2.536463 2.269486 
2.410754 6.563776 2.489994 2.008288 2.501718 11.615929 2.529007 11.556701 2.596927 8.368910 

Avg Classes:
2.501062 6.987991 2.500831 7.004122 2.500320 6.993248 2.501601 6.996249 2.500578 6.990609 
2.499498 7.005723 2.498374 7.006795 2.501292 7.002107 2.499690 7.004367 2.498954 6.983451 
2.499895 6.977804 2.500798 6.985700 2.497879 6.992608 2.496556 7.012830 2.497165 6.990719 
2.505279 7.053359 2.508546 7.025330 2.503622 7.027224 2.496757 7.017660 2.492969 7.021495 
2.515058 7.299356 2.473616 7.259717 2.514286 7.283912 2.472844 7.284170 2.470785 7.327413 
2.523547 7.069138 2.523547 7.098196 2.523547 7.013026 2.523547 6.972445 2.523547 6.891283 
2.484551 7.143258 2.502809 7.093399 2.549157 7.078652 2.497893 7.214185 2.465590 7.115169 
2.417391 6.704348 2.482609 6.821739 2.565217 6.452174 2.560870 6.960870 2.504348 6.700000 
2.416667 8.583333 2.416667 7.583333 2.416667 8.166667 2.416667 7.083333 2.416667 7.333333 
3.333333 7.666667 3.333333 7.666667 3.333333 12.000000 3.333333 8.000000 3.333333 11.666667 

Cluster 0 is class 7
Cluster 1 is class 0
Cluster 2 is class 8
Cluster 3 is class 0
Cluster 4 is class 7
Cluster 5 is class 0
Cluster 6 is class 0
Cluster 7 is class 7
Cluster 8 is class 0
Cluster 9 is class 0
Cluster 10 is class 0
Cluster 11 is class 9
Cluster 12 is class 0
Cluster 13 is class 0
Cluster 14 is class 0
Cluster 15 is class 0
Cluster 16 is class 9
Cluster 17 is class 8
Cluster 18 is class 0
Cluster 19 is class 0
Cluster 20 is class 9
Cluster 21 is class 0
Cluster 22 is class 0
Cluster 23 is class 9
Cluster 24 is class 0
Cluster 25 is class 8
Cluster 26 is class 0
Cluster 27 is class 2
Cluster 28 is class 0
Cluster 29 is class 0
Cluster 30 is class 8
Cluster 31 is class 0
Cluster 32 is class 0
Cluster 33 is class 0
Cluster 34 is class 0
Cluster 35 is class 0
Cluster 36 is class 4
Cluster 37 is class 9
Cluster 38 is class 4
Cluster 39 is class 7
Cluster 40 is class 0
Cluster 41 is class 8
Cluster 42 is class 0
Cluster 43 is class 8
Cluster 44 is class 8
Cluster 45 is class 0
Cluster 46 is class 0
Cluster 47 is class 0
Cluster 48 is class 0
Cluster 49 is class 0
Cluster 50 is class 0
Cluster 51 is class 0
Cluster 52 is class 7
Cluster 53 is class 8
Cluster 54 is class 0
Cluster 55 is class 0
Cluster 56 is class 8
Cluster 57 is class 0
Cluster 58 is class 8
Cluster 59 is class 0
Cluster 60 is class 7
Cluster 61 is class 5
Cluster 62 is class 7
Cluster 63 is class 0
Cluster 64 is class 9
Cluster 65 is class 0
Cluster 66 is class 0
Cluster 67 is class 8
Cluster 68 is class 0
Cluster 69 is class 4
Cluster 70 is class 0
Cluster 71 is class 8
Cluster 72 is class 9
Cluster 73 is class 7
Cluster 74 is class 0
Cluster 75 is class 0
Cluster 76 is class 8
Cluster 77 is class 9
Cluster 78 is class 0
Cluster 79 is class 9

Overall Accuracy is 0.309091

