----------------------------For Number of clusters 76----------------------------
Avg Clusters:
2.495666 3.608285 2.531994 10.625523 2.509009 10.471318 2.481479 9.898711 2.495439 9.770412 
2.511789 10.819218 2.494574 3.814309 2.483689 3.895349 2.522965 9.731557 2.515536 3.431331 
2.495716 3.912404 2.511733 3.176726 2.501662 10.325927 2.501279 10.027941 2.485518 10.150352 
2.501473 9.953992 2.529574 3.861434 2.529651 11.121705 2.478217 8.416085 2.508605 3.258333 
2.524836 3.358447 2.530038 6.495141 2.521989 10.124080 2.481300 6.710906 2.502503 2.812506 
2.505713 6.599333 2.503163 3.227846 2.515669 4.213378 2.470796 2.711147 2.511696 9.936197 
2.529107 4.047485 2.491176 10.877077 2.514142 6.833592 2.487270 10.950445 2.514518 3.448492 
2.486728 10.921421 2.515334 10.512104 2.515957 9.997626 2.507511 10.118004 2.486923 9.346696 
2.534165 10.771611 2.495138 3.665009 2.495937 7.096035 2.504373 10.024686 2.495360 10.654398 
2.493090 10.859065 2.456648 3.233478 2.512657 8.561140 2.527161 2.991334 2.508005 3.862623 
2.497948 3.478384 2.523057 2.963843 2.473974 3.682096 2.503843 10.389345 2.530044 4.211354 
2.485394 10.778780 2.506988 7.995747 2.539752 3.400701 2.471839 3.051133 2.470203 4.837439 
2.512501 3.141559 2.520741 5.969857 2.489682 10.854567 2.475315 11.756603 2.514262 3.961194 
2.508841 3.257875 2.489113 3.801355 2.505841 10.353380 2.504841 3.510660 2.493250 10.878722 
2.500036 5.269768 2.483834 11.099864 2.529214 11.620188 2.498100 10.039644 2.521830 3.250556 
2.477145 11.645285 2.497933 4.618812 2.480246 3.437062 2.509705 3.676869 2.513323 10.450672 
2.481644 10.949467 2.502321 11.056388 2.511868 8.444351 2.477371 5.060608 2.509442 3.717481 
2.508120 4.325341 2.470856 3.269238 2.477057 10.385874 2.496722 2.687120 2.491466 3.189866 
2.443031 7.281350 2.478820 7.749056 2.509576 2.906962 2.467496 10.900252 2.463442 4.698099 
2.493635 3.461582 2.483718 10.744338 2.486580 3.061858 2.515873 3.919892 2.478248 3.676192 
2.527898 6.762837 2.502065 10.758338 2.517787 3.087030 2.493594 10.347591 2.470143 10.684701 
2.526613 11.120507 2.514055 7.339286 2.463710 10.317281 2.508237 4.497465 2.499021 10.679147 
2.557963 9.636892 2.461261 11.618597 2.497909 3.391915 2.496341 4.197061 2.496051 8.681961 
2.495313 6.612786 2.511363 3.535235 2.476431 3.285117 2.484928 3.998651 2.498415 2.851237 
2.492206 10.263739 2.466374 3.235053 2.526674 11.850933 2.494036 9.978485 2.501866 10.171021 
2.462766 11.214004 2.512719 4.427840 2.471833 9.954748 2.499538 11.917387 2.473848 5.097725 
2.511815 11.461734 2.496508 10.411512 2.493616 3.502151 2.518798 10.629470 2.510686 6.976441 
2.507559 3.488904 2.521175 10.798236 2.499370 9.664745 2.493604 3.495736 2.474804 11.151953 
2.499756 2.714208 2.499973 10.435399 2.519405 3.178512 2.522706 5.206008 2.525521 10.486495 
2.509117 3.368573 2.471529 6.336186 2.473241 5.801791 2.536107 10.605885 2.536963 11.052992 
2.464458 6.592039 2.537035 8.999912 2.517617 3.508655 2.534487 2.474036 2.492224 11.403304 
2.518137 2.848139 2.477536 8.327642 2.477378 10.991266 2.534897 3.055079 2.503816 6.808797 
2.490668 10.379339 2.487557 11.790684 2.498199 10.047151 2.508104 3.091765 2.497954 10.472577 
2.541864 10.801012 2.447515 10.430338 2.506929 11.395735 2.509169 10.142478 2.509252 3.224878 
2.478889 3.165780 2.437910 1.977470 2.499024 10.794926 2.490509 9.217403 2.501863 4.031134 
2.516911 9.957217 2.481156 2.370904 2.541685 8.348941 2.528332 3.798384 2.516911 10.983836 
2.513483 2.655248 2.516469 10.941590 2.495477 2.550285 2.524726 10.692402 2.534212 5.549934 
2.501643 2.723887 2.501444 2.863786 2.508613 7.357463 2.525341 3.780743 2.505427 6.965747 
2.453784 2.294055 2.514031 11.318792 2.487166 4.356696 2.480516 11.126214 2.489028 11.037904 
2.516436 10.672675 2.469649 10.270919 2.475439 6.627195 2.516436 10.993930 2.503269 2.601139 
2.482944 5.182091 2.481049 2.289561 2.489972 3.533560 2.478443 10.997631 2.497315 10.661166 
2.523392 2.187840 2.462392 5.206090 2.494253 3.461887 2.511494 2.826578 2.530349 10.535289 
2.529823 11.403747 2.488803 2.607235 2.499031 2.778316 2.502046 3.662252 2.467593 4.190568 
2.501197 5.721631 2.505076 9.508129 2.481060 7.184864 2.518363 2.914830 2.510027 2.839894 
2.491055 10.152213 2.511067 10.892207 2.530928 2.176016 2.464979 11.086871 2.526834 2.337932 
2.469223 2.579141 2.526176 11.819121 2.437526 9.437014 2.525460 5.970654 2.482106 4.380675 
2.560655 7.638897 2.493228 6.329533 2.447627 2.741401 2.448894 7.316477 2.491669 10.261230 
2.535060 3.338675 2.481566 11.157470 2.533855 6.364940 2.528434 2.282771 2.495301 7.162892 
2.524924 2.087151 2.521452 3.377058 2.537583 3.426683 2.453232 3.697659 2.472723 3.640305 
2.555577 7.406292 2.532602 10.753480 2.523451 11.470448 2.475214 3.519733 2.512488 6.424976 
2.463823 7.724556 2.524056 3.635825 2.492876 11.618708 2.480385 4.076610 2.491025 7.510270 
2.537003 7.101525 2.473304 7.736652 2.487219 10.972789 2.506906 10.844465 2.538033 11.331581 
2.489600 3.583840 2.522004 6.991934 2.485779 2.315976 2.520023 4.310457 2.488892 5.288241 
2.494560 11.699275 2.484787 9.582108 2.522366 3.587346 2.482470 9.973000 2.511283 11.783498 
2.469228 3.291940 2.470947 10.636832 2.461731 11.422212 2.513433 2.445798 2.529053 2.316776 
2.464378 6.962109 2.531330 11.499080 2.482158 3.019375 2.521766 7.741631 2.514776 3.632128 
2.451887 10.705353 2.491956 7.099970 2.503288 11.340281 2.494587 3.509258 2.494789 2.552059 
2.533827 7.798025 2.438889 11.182963 2.477778 6.786049 2.491605 6.848642 2.511975 11.377901 
2.440896 6.969811 2.536562 6.916678 2.452167 10.554542 2.522877 2.859520 2.470951 11.602442 
2.486859 11.544593 2.529405 2.902951 2.491922 2.381193 2.495799 10.159306 2.570336 10.218871 
2.485056 6.733369 2.537761 2.885056 2.505624 7.920086 2.533690 11.552544 2.445742 2.750295 
2.443961 8.162389 2.567928 7.067856 2.435842 7.062201 2.513267 4.560244 2.523126 6.906046 
2.494619 8.935739 2.485122 4.812441 2.546850 2.801045 2.477683 12.080880 2.425926 8.674422 
2.480631 2.649015 2.483206 2.718316 2.522056 3.175101 2.497089 6.884348 2.448724 10.726601 
2.438811 11.711785 2.520899 10.551230 2.494492 3.682662 2.504904 2.900709 2.478950 11.737136 
2.555263 11.801053 2.530877 8.853333 2.476842 11.070526 2.487193 2.230000 2.540351 6.328596 
2.497721 2.671046 2.467426 6.814075 2.551609 6.977480 2.471850 8.008043 2.499732 6.945710 
2.442531 11.490824 2.518835 2.695589 2.480844 11.895686 2.465712 3.078880 2.478429 10.172891 
2.507887 2.497864 2.534998 5.948078 2.524154 2.038285 2.524482 11.383667 2.499178 9.184686 
2.471453 7.324659 2.492729 6.962192 2.560692 8.054186 2.524568 11.192867 2.523955 6.202051 
2.437953 2.810363 2.426036 7.370207 2.488342 3.340026 2.489249 9.587824 2.488731 2.039637 
2.486764 9.566316 2.483928 11.842788 2.495273 3.369665 2.538628 2.695975 2.497569 2.611831 
2.478452 8.336995 2.529491 2.026027 2.480987 2.982255 2.536082 6.462734 2.472030 10.190975 
2.535703 11.627290 2.467091 10.228966 2.492238 3.105713 2.487426 6.664700 2.472990 2.584756 
2.493321 8.562977 2.570420 11.483779 2.545611 11.475573 2.557443 3.497137 2.484733 2.055153 
2.495326 7.619819 2.542069 2.241508 2.523839 7.139296 2.478186 7.132128 2.447647 5.128701 

Avg Classes:
2.501062 6.987991 2.500831 7.004122 2.500320 6.993248 2.501601 6.996249 2.500578 6.990609 
2.499498 7.005723 2.498374 7.006795 2.501292 7.002107 2.499690 7.004367 2.498954 6.983451 
2.499895 6.977804 2.500798 6.985700 2.497879 6.992608 2.496556 7.012830 2.497165 6.990719 
2.505279 7.053359 2.508546 7.025330 2.503622 7.027224 2.496757 7.017660 2.492969 7.021495 
2.515058 7.299356 2.473616 7.259717 2.514286 7.283912 2.472844 7.284170 2.470785 7.327413 
2.523547 7.069138 2.523547 7.098196 2.523547 7.013026 2.523547 6.972445 2.523547 6.891283 
2.484551 7.143258 2.502809 7.093399 2.549157 7.078652 2.497893 7.214185 2.465590 7.115169 
2.417391 6.704348 2.482609 6.821739 2.565217 6.452174 2.560870 6.960870 2.504348 6.700000 
2.416667 8.583333 2.416667 7.583333 2.416667 8.166667 2.416667 7.083333 2.416667 7.333333 
3.333333 7.666667 3.333333 7.666667 3.333333 12.000000 3.333333 8.000000 3.333333 11.666667 

Cluster 0 is class 4
Cluster 1 is class 0
Cluster 2 is class 9
Cluster 3 is class 8
Cluster 4 is class 0
Cluster 5 is class 7
Cluster 6 is class 0
Cluster 7 is class 8
Cluster 8 is class 0
Cluster 9 is class 0
Cluster 10 is class 0
Cluster 11 is class 0
Cluster 12 is class 0
Cluster 13 is class 0
Cluster 14 is class 4
Cluster 15 is class 0
Cluster 16 is class 8
Cluster 17 is class 0
Cluster 18 is class 7
Cluster 19 is class 0
Cluster 20 is class 0
Cluster 21 is class 8
Cluster 22 is class 0
Cluster 23 is class 7
Cluster 24 is class 9
Cluster 25 is class 8
Cluster 26 is class 0
Cluster 27 is class 0
Cluster 28 is class 0
Cluster 29 is class 0
Cluster 30 is class 0
Cluster 31 is class 0
Cluster 32 is class 8
Cluster 33 is class 8
Cluster 34 is class 0
Cluster 35 is class 0
Cluster 36 is class 7
Cluster 37 is class 0
Cluster 38 is class 2
Cluster 39 is class 0
Cluster 40 is class 7
Cluster 41 is class 7
Cluster 42 is class 0
Cluster 43 is class 0
Cluster 44 is class 0
Cluster 45 is class 0
Cluster 46 is class 0
Cluster 47 is class 0
Cluster 48 is class 7
Cluster 49 is class 8
Cluster 50 is class 0
Cluster 51 is class 9
Cluster 52 is class 7
Cluster 53 is class 8
Cluster 54 is class 0
Cluster 55 is class 0
Cluster 56 is class 5
Cluster 57 is class 4
Cluster 58 is class 9
Cluster 59 is class 0
Cluster 60 is class 0
Cluster 61 is class 0
Cluster 62 is class 0
Cluster 63 is class 7
Cluster 64 is class 8
Cluster 65 is class 8
Cluster 66 is class 0
Cluster 67 is class 8
Cluster 68 is class 7
Cluster 69 is class 0
Cluster 70 is class 0
Cluster 71 is class 0
Cluster 72 is class 0
Cluster 73 is class 0
Cluster 74 is class 0
Cluster 75 is class 7

Overall Accuracy is 0.308905

