Avg Clusters:
2.505065 3.851503 2.474049 3.790073 2.491004 10.248942 2.482267 3.989543 2.489202 3.696535 
2.486414 9.524720 2.535413 4.310477 2.501129 9.847214 2.499961 10.933041 2.495082 3.833173 
2.495936 10.470158 2.508788 4.433738 2.500076 3.513410 2.480444 3.817418 2.489816 4.126733 
2.487189 9.293573 2.488033 11.011666 2.508079 4.435914 2.516730 3.867065 2.494725 3.466902 
2.487697 10.442273 2.532835 10.675537 2.513672 10.729683 2.506128 5.588381 2.502944 4.218240 
2.474526 9.942080 2.514681 4.008715 2.503318 9.730207 2.474760 2.786519 2.497084 10.187068 
2.510864 10.878469 2.501506 9.955420 2.470742 3.329090 2.495080 3.792964 2.516888 8.926142 
2.500271 3.163587 2.499410 4.016882 2.496091 9.998181 2.526057 3.855625 2.501644 10.592117 
2.512938 3.996560 2.505581 11.320280 2.483549 5.543096 2.512279 10.133441 2.497420 9.394905 
2.518536 9.464607 2.432627 10.711145 2.521236 9.571847 2.509856 11.243066 2.503183 4.245882 
2.514108 10.182669 2.504905 3.495588 2.504488 3.167140 2.507367 4.481612 2.512631 10.903572 
2.501972 4.110522 2.490737 2.893819 2.496305 4.363546 2.499122 10.453322 2.506545 10.437117 
2.529249 2.961135 2.509361 3.909594 2.502477 10.265717 2.499563 10.750856 2.495301 4.098528 
2.488789 10.663813 2.502509 3.998246 2.509141 3.314748 2.514650 10.650093 2.503421 4.061195 
2.502764 3.310321 2.521151 4.339161 2.498101 3.281218 2.492047 4.138635 2.478022 3.857755 
2.481399 5.700382 2.529198 10.536520 2.501273 3.620884 2.503275 3.061579 2.480171 10.900082 
2.464086 9.461557 2.501312 10.514676 2.493056 2.896960 2.477640 10.770630 2.514628 6.088913 
2.516903 3.667434 2.490436 10.151585 2.510657 4.159314 2.505661 10.422978 2.509642 2.687110 
2.502345 2.194397 2.463050 8.394195 2.540096 3.599573 2.531667 4.317505 2.543717 10.574346 
2.519015 10.387837 2.508335 9.451751 2.485467 10.484252 2.522617 10.020230 2.516544 10.654088 
2.545101 6.037112 2.516587 10.573433 2.453677 10.731795 2.514279 3.204526 2.500611 10.115863 
2.511855 10.950559 2.493764 3.104698 2.481244 5.777986 2.488047 10.412234 2.519298 10.541726 
2.490354 3.604574 2.519335 10.641847 2.502881 10.667292 2.489176 7.190512 2.530290 3.484724 
2.480915 11.248774 2.497903 10.413747 2.518658 7.524771 2.507925 3.611913 2.468050 10.929846 
2.529967 11.257809 2.494213 10.486047 2.473284 3.855954 2.516252 9.898129 2.491517 2.197241 
2.551939 10.339892 2.437050 10.494373 2.532022 2.683426 2.482471 8.290098 2.503927 11.436726 
2.489719 3.735312 2.512446 8.799552 2.498531 2.352582 2.481293 10.707483 2.513683 11.255489 
2.496785 3.122950 2.500614 10.398757 2.483927 10.697826 2.483855 11.779383 2.497797 4.729972 
2.480314 3.832960 2.496228 2.922964 2.525345 3.400566 2.492927 3.338265 2.511553 10.465107 
2.551714 7.255671 2.487411 2.831094 2.455700 7.718638 2.508185 4.969096 2.498715 6.853189 
2.488766 10.100297 2.501060 6.623993 2.493260 2.948538 2.516151 11.462738 2.499618 10.648326 
2.489133 3.206604 2.482932 10.538019 2.493491 4.169507 2.530979 3.045813 2.463266 3.322364 
2.488706 4.175658 2.529790 2.911666 2.486846 3.817752 2.528355 10.527079 2.514377 3.153548 
2.464593 10.969527 2.489583 3.202228 2.501241 10.908697 2.475905 6.296935 2.499740 3.698159 
2.488406 4.800920 2.490957 3.463578 2.526673 11.191381 2.500478 10.445128 2.490820 10.597604 
2.514799 3.996276 2.483274 10.230241 2.492135 10.923917 2.520064 2.248283 2.513836 3.587737 
2.489695 10.522911 2.503235 7.234643 2.505636 10.133329 2.511038 2.281798 2.488428 3.559261 
2.504743 11.217880 2.516086 9.802949 2.468653 11.930707 2.479068 3.722211 2.515364 10.249124 
2.489402 11.165045 2.472203 3.390375 2.539698 11.285181 2.494527 10.917217 2.475764 9.510858 
2.502146 10.312621 2.477248 2.253166 2.531874 9.824962 2.547757 2.175681 2.531445 3.473063 
2.519877 6.766021 2.440368 4.169699 2.476661 2.455301 2.467366 8.007417 2.433940 7.340190 
2.486825 4.100060 2.552532 10.562204 2.526382 11.365152 2.462211 10.165166 2.525782 10.712894 
2.554309 2.763016 2.487163 6.917415 2.469390 8.410054 2.535189 10.964452 2.472890 10.614183 
2.434164 2.463579 2.461012 6.347203 2.506792 2.789282 2.494919 10.940742 2.510750 6.353835 
2.489858 2.694642 2.491971 10.614689 2.518171 7.733350 2.497295 3.351842 2.462897 7.748394 
2.471283 2.071390 2.539023 10.719163 2.510896 10.705958 2.507461 5.166935 2.444659 11.162748 
2.510021 7.116456 2.506540 6.560549 2.533755 7.582700 2.482595 7.053481 2.461920 11.359072 
2.516434 10.357450 2.488502 2.892156 2.513179 11.243096 2.532815 6.538276 2.506563 11.048619 
2.466674 2.963181 2.483531 6.475990 2.529333 7.998226 2.458911 7.641677 2.525008 6.207386 
2.544438 3.752969 2.524644 11.022367 2.485451 2.367973 2.473080 6.668250 2.528899 6.498120 
2.518670 8.160025 2.483631 6.556636 2.511557 6.884217 2.433114 7.270369 2.504236 2.435938 
2.492521 10.093428 2.501839 11.643821 2.539603 5.986268 2.502452 11.141491 2.452550 11.005763 

Avg Classes:
2.501062 6.987991 2.500831 7.004122 2.500320 6.993248 2.501601 6.996249 2.500578 6.990609 
2.499498 7.005723 2.498374 7.006795 2.501292 7.002107 2.499690 7.004367 2.498954 6.983451 
2.499895 6.977804 2.500798 6.985700 2.497879 6.992608 2.496556 7.012830 2.497165 6.990719 
2.505279 7.053359 2.508546 7.025330 2.503622 7.027224 2.496757 7.017660 2.492969 7.021495 
2.515058 7.299356 2.473616 7.259717 2.514286 7.283912 2.472844 7.284170 2.470785 7.327413 
2.523547 7.069138 2.523547 7.098196 2.523547 7.013026 2.523547 6.972445 2.523547 6.891283 
2.484551 7.143258 2.502809 7.093399 2.549157 7.078652 2.497893 7.214185 2.465590 7.115169 
2.417391 6.704348 2.482609 6.821739 2.565217 6.452174 2.560870 6.960870 2.504348 6.700000 
2.416667 8.583333 2.416667 7.583333 2.416667 8.166667 2.416667 7.083333 2.416667 7.333333 
3.333333 7.666667 3.333333 7.666667 3.333333 12.000000 3.333333 8.000000 3.333333 11.666667 

Cluster 0 is class 0
Cluster 1 is class 0
Cluster 2 is class 5
Cluster 3 is class 5
Cluster 4 is class 8
Cluster 5 is class 8
Cluster 6 is class 8
Cluster 7 is class 0
Cluster 8 is class 0
Cluster 9 is class 4
Cluster 10 is class 0
Cluster 11 is class 0
Cluster 12 is class 0
Cluster 13 is class 0
Cluster 14 is class 7
Cluster 15 is class 0
Cluster 16 is class 4
Cluster 17 is class 0
Cluster 18 is class 0
Cluster 19 is class 9
Cluster 20 is class 4
Cluster 21 is class 0
Cluster 22 is class 0
Cluster 23 is class 8
Cluster 24 is class 0
Cluster 25 is class 0
Cluster 26 is class 0
Cluster 27 is class 0
Cluster 28 is class 7
Cluster 29 is class 0
Cluster 30 is class 0
Cluster 31 is class 0
Cluster 32 is class 0
Cluster 33 is class 8
Cluster 34 is class 9
Cluster 35 is class 0
Cluster 36 is class 8
Cluster 37 is class 8
Cluster 38 is class 9
Cluster 39 is class 0
Cluster 40 is class 7
Cluster 41 is class 9
Cluster 42 is class 0
Cluster 43 is class 7
Cluster 44 is class 0
Cluster 45 is class 9
Cluster 46 is class 0
Cluster 47 is class 8
Cluster 48 is class 0
Cluster 49 is class 0
Cluster 50 is class 0
Cluster 51 is class 4

Overall Accuracy is 0.293610

