----------------------------For Number of clusters 87----------------------------
Avg Clusters:
2.489282 10.338101 2.469074 9.686156 2.510287 10.381371 2.515131 10.664853 2.497578 4.036999 
2.520276 3.402943 2.501149 4.250161 2.501057 4.514759 2.504138 2.750483 2.517701 9.196598 
2.497573 8.965353 2.536195 10.592811 2.507616 10.730103 2.526906 3.721357 2.528956 3.003180 
2.499674 6.918687 2.489284 3.819304 2.504041 3.416002 2.448477 11.225117 2.494403 8.137228 
2.483969 4.282415 2.530421 2.729211 2.466347 4.860695 2.530316 10.846567 2.521141 3.204213 
2.486811 11.058856 2.503372 3.372917 2.486216 10.769486 2.490728 6.211821 2.496132 3.298245 
2.491328 10.519976 2.529221 7.007826 2.484829 3.214269 2.512837 9.664043 2.486660 3.324196 
2.533161 7.676226 2.491293 11.329125 2.502934 4.509176 2.476320 10.348134 2.484346 10.303872 
2.481386 3.609101 2.519458 10.890899 2.512603 5.562012 2.526946 2.931449 2.477906 10.967939 
2.482822 3.036370 2.488757 7.092775 2.491262 6.823216 2.476452 8.897153 2.510263 7.095497 
2.485598 4.394653 2.512925 9.401645 2.503865 6.298341 2.519425 2.832882 2.493328 3.235167 
2.524201 10.533961 2.480679 4.335325 2.523802 8.982870 2.506523 6.184394 2.531122 11.005478 
2.505429 4.154509 2.515114 11.227456 2.536015 10.066779 2.477749 10.319264 2.506245 3.128460 
2.526998 3.268138 2.452775 10.135827 2.502680 11.193454 2.486371 3.428053 2.495246 7.277935 
2.523119 3.899084 2.496646 11.034985 2.530405 10.417947 2.487773 10.701291 2.507899 7.898579 
2.507099 9.960387 2.500861 4.914770 2.512778 2.856258 2.487502 2.777219 2.469581 4.436950 
2.490818 6.681761 2.489095 3.757592 2.520770 10.414453 2.506567 2.401795 2.499435 3.709514 
2.493844 10.591214 2.520985 11.013654 2.519866 10.867655 2.518970 9.357806 2.496530 10.323391 
2.494384 2.937888 2.491542 2.793247 2.515924 10.784327 2.501189 10.493987 2.495441 5.209000 
2.532752 6.433845 2.515172 7.551785 2.493235 10.441642 2.478484 10.774211 2.538256 11.361691 
2.463106 3.541866 2.493984 3.163536 2.513689 10.476980 2.500430 7.293186 2.517127 11.091037 
2.508228 2.781932 2.499415 10.284996 2.541555 2.595538 2.522413 7.187633 2.552090 10.027887 
2.510006 11.654591 2.511271 7.852250 2.489599 6.340346 2.469351 10.937357 2.485091 9.934114 
2.487617 3.469668 2.523213 10.697182 2.484107 8.146696 2.516695 7.673819 2.511080 11.694074 
2.483578 10.652995 2.500406 10.944267 2.492614 3.075970 2.505546 3.944916 2.507981 3.516260 
2.530180 6.528425 2.497123 3.052657 2.484642 7.265431 2.534081 11.121307 2.468552 11.254412 
2.469586 6.882571 2.478999 11.028941 2.493405 3.471123 2.477846 10.798374 2.529581 3.585094 
2.518036 10.833400 2.505344 3.151102 2.482498 7.588043 2.534603 11.241349 2.501737 3.645224 
2.490751 11.123231 2.499284 9.179838 2.535432 3.195421 2.503737 3.533153 2.531404 10.978163 
2.491670 10.210824 2.506699 2.756787 2.480252 3.863626 2.484213 3.065070 2.498194 10.748631 
2.481902 2.602912 2.461583 3.274597 2.462241 10.567703 2.492020 3.214462 2.471372 6.539487 
2.450787 11.438026 2.505827 3.594045 2.465674 3.366397 2.529137 7.302850 2.512548 7.543428 
2.509797 11.590158 2.488307 11.248488 2.483070 2.786998 2.535260 9.194673 2.515576 8.467088 
2.507864 10.836091 2.458129 3.055351 2.475388 2.794730 2.499898 9.575878 2.551981 11.708946 
2.502939 6.307011 2.462490 6.851101 2.458191 8.733702 2.499781 2.895060 2.507151 11.191015 
2.523512 2.842735 2.488267 7.180731 2.497653 10.871354 2.492132 5.041410 2.513941 2.490016 
2.443504 2.793307 2.488976 9.653839 2.483366 4.063287 2.529724 11.873327 2.502953 11.087008 
2.502883 11.109025 2.470430 2.683117 2.549283 2.439051 2.491082 11.549283 2.512270 4.856377 
2.528150 2.629133 2.514548 4.178821 2.487814 2.356698 2.480068 10.522483 2.480918 10.604289 
2.537098 3.588810 2.500519 7.981235 2.490747 2.243947 2.500865 3.934884 2.464545 3.719647 
2.537550 2.224261 2.457373 2.541976 2.499544 6.369647 2.566966 10.659248 2.487960 10.416894 
2.519940 10.973857 2.520190 7.784448 2.468737 7.774373 2.481808 3.293065 2.449754 7.158688 
2.514240 2.261639 2.493190 5.756439 2.516964 11.127662 2.474368 11.474988 2.451585 10.053244 
2.533195 10.772650 2.473425 11.152355 2.516550 7.075941 2.489313 7.487800 2.494704 3.229242 
2.513392 11.631902 2.491546 11.354182 2.490498 3.734550 2.493491 11.476882 2.478378 2.996558 
2.516930 7.344900 2.555521 6.448896 2.493270 11.352366 2.517666 7.648370 2.491693 6.179706 
2.527934 3.536690 2.509470 2.673265 2.484629 6.006091 2.491767 4.372609 2.487960 2.745313 
2.481621 5.026626 2.489750 11.763902 2.522149 2.645264 2.476555 5.594722 2.480443 3.046890 
2.444363 6.908636 2.442897 5.394772 2.569073 7.824722 2.430072 8.121290 2.516306 2.236228 
2.501207 8.080461 2.592097 3.453238 2.564325 11.632931 2.461690 11.509769 2.520856 2.899341 
2.446667 11.074756 2.506667 2.908356 2.532800 11.333422 2.507022 2.775111 2.480978 9.222844 
2.460551 11.315490 2.474425 3.504349 2.501553 11.314765 2.495962 10.860944 2.481156 7.779250 
2.541770 2.067189 2.471212 11.045189 2.485482 4.446239 2.528293 9.736696 2.525419 3.123675 
2.500391 3.611662 2.537047 10.921863 2.511740 11.887686 2.487216 5.150535 2.441169 11.544873 
2.527969 3.401478 2.477574 2.396439 2.508483 11.394591 2.494205 6.397615 2.516042 2.282043 
2.474331 6.336634 2.486615 2.499450 2.472497 11.684268 2.519435 11.480931 2.503484 9.388706 
2.488344 10.453608 2.481378 11.592273 2.489273 7.938237 2.506641 4.020526 2.474413 11.178508 
2.468658 4.165190 2.470627 2.873974 2.507494 2.303687 2.521715 6.586588 2.443934 6.645662 
2.470478 2.536056 2.493116 11.270945 2.488448 11.139790 2.528821 11.430805 2.504317 11.470012 
2.510652 2.850868 2.481852 11.304971 2.512625 3.182930 2.559311 2.504603 2.464098 6.800237 
2.460296 4.295728 2.553395 11.658133 2.453724 7.817634 2.507530 5.987130 2.489184 6.289978 
2.497598 6.082993 2.553687 6.963728 2.492794 2.257627 2.519457 3.095724 2.499760 11.202498 
2.511502 10.217391 2.506326 2.455602 2.494594 3.459167 2.508052 6.524270 2.524960 2.288705 
2.508097 3.177207 2.540330 10.466086 2.497709 2.358234 2.494959 11.469753 2.464406 6.747021 
2.477567 6.412467 2.531984 2.787734 2.477064 11.085585 2.479578 2.719367 2.502702 10.827825 
2.462941 3.286859 2.539463 3.019631 2.524239 2.297676 2.461338 2.416066 2.553285 3.528446 
2.514165 11.518644 2.487167 6.692010 2.507385 8.007627 2.514044 2.909080 2.471429 2.275303 
2.521665 7.254521 2.505275 1.968726 2.470987 10.661454 2.461191 6.685381 2.522231 6.678787 
2.483414 3.656352 2.499279 2.787466 2.538219 3.232857 2.480136 5.810804 2.505048 11.872296 
2.539466 8.423263 2.539354 11.006981 2.475059 11.692039 2.533273 2.714559 2.505348 10.061930 
2.505357 11.525960 2.504203 2.507829 2.518543 7.555958 2.456568 11.233064 2.505687 10.986319 
2.475410 11.771285 2.513485 9.370439 2.509122 11.830777 2.497620 3.330513 2.519302 6.528556 
2.515525 2.189650 2.521005 6.631963 2.556164 11.154947 2.527245 2.968493 2.488584 11.075951 
2.469424 3.119458 2.484339 6.706169 2.516475 2.660610 2.419797 11.390780 2.513763 3.034712 
2.561646 7.564682 2.527576 2.575814 2.504301 6.245741 2.549334 6.080621 2.512903 7.851408 
2.574687 2.872995 2.517145 6.614422 2.473289 8.613098 2.533922 11.709639 2.418249 2.742311 
2.490775 11.304897 2.454709 2.132196 2.511305 7.260092 2.492579 2.540713 2.479262 4.310861 
2.535418 11.478007 2.521109 7.509097 2.430136 10.848437 2.489489 3.149974 2.472355 11.835188 
2.447400 2.938039 2.516493 11.824814 2.442645 10.963893 2.500743 3.565973 2.527786 2.490936 
2.560373 10.558623 2.509236 3.792922 2.534124 12.027027 2.515458 9.939529 2.467626 11.960140 
2.496734 9.950023 2.494304 7.694516 2.552028 2.271001 2.513748 11.368373 2.488531 11.447820 
2.526624 10.576485 2.421360 11.969837 2.485842 6.089258 2.442752 2.520622 2.514774 6.784395 
2.473819 3.452362 2.497638 4.994488 2.485236 2.513583 2.523228 7.459055 2.439567 2.328150 
2.510578 2.388340 2.470381 2.209920 2.505642 8.812647 2.479314 2.824871 2.528209 11.604607 
2.499898 2.732856 2.502149 7.214534 2.495803 12.251791 2.512385 10.303992 2.578506 2.920368 
2.533623 7.719832 2.474141 11.578234 2.456639 2.400184 2.470325 4.065535 2.457429 9.170549 
2.514614 7.129436 2.510140 7.222487 2.446764 3.606174 2.483746 7.414554 2.506710 10.686251 

Avg Classes:
2.501062 6.987991 2.500831 7.004122 2.500320 6.993248 2.501601 6.996249 2.500578 6.990609 
2.499498 7.005723 2.498374 7.006795 2.501292 7.002107 2.499690 7.004367 2.498954 6.983451 
2.499895 6.977804 2.500798 6.985700 2.497879 6.992608 2.496556 7.012830 2.497165 6.990719 
2.505279 7.053359 2.508546 7.025330 2.503622 7.027224 2.496757 7.017660 2.492969 7.021495 
2.515058 7.299356 2.473616 7.259717 2.514286 7.283912 2.472844 7.284170 2.470785 7.327413 
2.523547 7.069138 2.523547 7.098196 2.523547 7.013026 2.523547 6.972445 2.523547 6.891283 
2.484551 7.143258 2.502809 7.093399 2.549157 7.078652 2.497893 7.214185 2.465590 7.115169 
2.417391 6.704348 2.482609 6.821739 2.565217 6.452174 2.560870 6.960870 2.504348 6.700000 
2.416667 8.583333 2.416667 7.583333 2.416667 8.166667 2.416667 7.083333 2.416667 7.333333 
3.333333 7.666667 3.333333 7.666667 3.333333 12.000000 3.333333 8.000000 3.333333 11.666667 

Cluster 0 is class 4
Cluster 1 is class 7
Cluster 2 is class 8
Cluster 3 is class 0
Cluster 4 is class 0
Cluster 5 is class 8
Cluster 6 is class 0
Cluster 7 is class 0
Cluster 8 is class 0
Cluster 9 is class 0
Cluster 10 is class 0
Cluster 11 is class 8
Cluster 12 is class 0
Cluster 13 is class 0
Cluster 14 is class 4
Cluster 15 is class 0
Cluster 16 is class 0
Cluster 17 is class 9
Cluster 18 is class 0
Cluster 19 is class 9
Cluster 20 is class 9
Cluster 21 is class 0
Cluster 22 is class 8
Cluster 23 is class 4
Cluster 24 is class 5
Cluster 25 is class 4
Cluster 26 is class 0
Cluster 27 is class 0
Cluster 28 is class 3
Cluster 29 is class 0
Cluster 30 is class 0
Cluster 31 is class 0
Cluster 32 is class 0
Cluster 33 is class 0
Cluster 34 is class 0
Cluster 35 is class 0
Cluster 36 is class 0
Cluster 37 is class 6
Cluster 38 is class 0
Cluster 39 is class 7
Cluster 40 is class 0
Cluster 41 is class 8
Cluster 42 is class 9
Cluster 43 is class 8
Cluster 44 is class 0
Cluster 45 is class 8
Cluster 46 is class 0
Cluster 47 is class 0
Cluster 48 is class 0
Cluster 49 is class 0
Cluster 50 is class 8
Cluster 51 is class 8
Cluster 52 is class 7
Cluster 53 is class 9
Cluster 54 is class 0
Cluster 55 is class 9
Cluster 56 is class 8
Cluster 57 is class 0
Cluster 58 is class 9
Cluster 59 is class 0
Cluster 60 is class 0
Cluster 61 is class 0
Cluster 62 is class 7
Cluster 63 is class 7
Cluster 64 is class 9
Cluster 65 is class 7
Cluster 66 is class 0
Cluster 67 is class 0
Cluster 68 is class 0
Cluster 69 is class 9
Cluster 70 is class 0
Cluster 71 is class 8
Cluster 72 is class 9
Cluster 73 is class 7
Cluster 74 is class 0
Cluster 75 is class 0
Cluster 76 is class 0
Cluster 77 is class 9
Cluster 78 is class 0
Cluster 79 is class 9
Cluster 80 is class 0
Cluster 81 is class 8
Cluster 82 is class 7
Cluster 83 is class 0
Cluster 84 is class 0
Cluster 85 is class 0
Cluster 86 is class 4

Overall Accuracy is 0.284898

