----------------------------For Number of clusters 37----------------------------
Avg Clusters:
2.488097 4.834378 2.517105 9.318182 2.502544 4.107855 2.479692 10.813071 2.490618 10.129980 
2.496108 10.350404 2.505055 4.241048 2.491105 9.864509 2.498827 4.111058 2.500509 9.898532 
2.489008 6.770522 2.522370 9.898095 2.503324 9.948463 2.499813 3.903374 2.553044 3.808739 
2.508128 10.364631 2.501947 4.762308 2.487768 3.507778 2.489704 3.705683 2.490263 4.461998 
2.463712 3.745408 2.500211 3.736488 2.497053 10.119652 2.512578 7.371112 2.496290 9.299826 
2.500688 4.871098 2.512615 9.602453 2.512036 3.567879 2.498370 3.561795 2.501799 10.262271 
2.512718 4.368450 2.525962 10.309859 2.483228 10.661912 2.507313 10.085618 2.509805 10.195531 
2.521927 3.765122 2.512503 4.276437 2.510045 10.037724 2.483258 10.522791 2.497084 3.355665 
2.516801 10.917969 2.486625 10.004276 2.489667 3.647920 2.498986 9.525051 2.488900 9.724990 
2.486259 10.092223 2.488530 11.174900 2.509298 3.533950 2.498075 4.482079 2.490472 3.745219 
2.505468 9.853979 2.487124 3.196694 2.489089 4.198458 2.496195 10.124956 2.510558 9.952830 
2.507597 4.066746 2.485594 9.828444 2.500841 3.855731 2.513381 10.223791 2.505258 3.307492 
2.492272 3.334387 2.515279 3.766900 2.511794 3.645897 2.469104 4.256623 2.490368 4.213352 
2.502541 10.696500 2.484111 9.712282 2.494131 4.860614 2.500644 11.061623 2.502791 3.415295 
2.500274 9.889703 2.518846 3.681765 2.501567 3.322389 2.491262 3.376538 2.500862 10.848523 
2.467782 10.046507 2.482370 3.401065 2.533805 10.721421 2.509394 4.041545 2.495865 3.368351 
2.477729 3.910624 2.506203 3.188161 2.488178 3.337607 2.505911 11.003871 2.532512 4.742861 
2.504065 3.154413 2.489682 3.476595 2.512149 3.411292 2.491603 9.036091 2.487315 11.078524 
2.516174 10.232255 2.483152 4.255584 2.523524 10.756986 2.504208 10.721337 2.503888 9.897987 
2.535656 3.609380 2.482669 3.621496 2.534571 9.709506 2.508289 11.933872 2.497257 10.195190 
2.484752 11.478205 2.514295 10.781056 2.506174 10.675769 2.500373 4.255366 2.501947 6.018977 
2.485626 10.698542 2.535582 4.022241 2.476438 10.080772 2.493741 10.758297 2.502737 3.489951 
2.495251 10.866778 2.475426 10.761084 2.505055 5.116154 2.500810 3.226750 2.498140 10.694472 
2.532564 7.481291 2.519463 10.299152 2.453817 10.887889 2.506927 3.513478 2.472856 11.088454 
2.532703 3.201609 2.461690 4.100334 2.477528 10.433995 2.507876 3.093571 2.489684 3.912636 
2.489592 10.634197 2.504508 3.420336 2.518993 3.207530 2.522542 10.191511 2.501247 3.285276 
2.483561 10.894374 2.486216 10.770063 2.532111 10.320860 2.506330 10.511180 2.496222 9.426792 
2.491446 3.654174 2.482916 10.267189 2.490840 3.459889 2.530835 3.294038 2.461008 3.497133 
2.517974 8.142774 2.475021 10.635696 2.524639 10.902758 2.497203 10.523666 2.499392 3.011529 
2.495469 3.334451 2.476036 3.619873 2.489760 5.213609 2.541093 2.743387 2.530250 10.709811 
2.487749 2.301604 2.504491 10.158679 2.516954 10.079246 2.492405 3.638198 2.482481 9.958143 
2.536060 6.950755 2.493010 3.049563 2.500238 6.697935 2.473471 7.034075 2.438602 3.172200 
2.486337 2.512992 2.500876 10.813106 2.486956 10.361930 2.485255 9.741957 2.492112 3.995102 
2.524587 2.485067 2.488818 11.453327 2.515488 3.730449 2.544867 7.499792 2.567996 8.735658 
2.535180 2.219903 2.522213 10.853679 2.483005 9.639837 2.521676 3.263562 2.461981 3.592419 
2.518070 11.508684 2.490789 8.115526 2.493860 8.331754 2.516140 5.974211 2.481140 2.639561 
2.510033 4.180748 2.504074 3.402761 2.504602 11.173431 2.474049 2.525422 2.492683 10.733555 

Avg Classes:
2.501062 6.987991 2.500831 7.004122 2.500320 6.993248 2.501601 6.996249 2.500578 6.990609 
2.499498 7.005723 2.498374 7.006795 2.501292 7.002107 2.499690 7.004367 2.498954 6.983451 
2.499895 6.977804 2.500798 6.985700 2.497879 6.992608 2.496556 7.012830 2.497165 6.990719 
2.505279 7.053359 2.508546 7.025330 2.503622 7.027224 2.496757 7.017660 2.492969 7.021495 
2.515058 7.299356 2.473616 7.259717 2.514286 7.283912 2.472844 7.284170 2.470785 7.327413 
2.523547 7.069138 2.523547 7.098196 2.523547 7.013026 2.523547 6.972445 2.523547 6.891283 
2.484551 7.143258 2.502809 7.093399 2.549157 7.078652 2.497893 7.214185 2.465590 7.115169 
2.417391 6.704348 2.482609 6.821739 2.565217 6.452174 2.560870 6.960870 2.504348 6.700000 
2.416667 8.583333 2.416667 7.583333 2.416667 8.166667 2.416667 7.083333 2.416667 7.333333 
3.333333 7.666667 3.333333 7.666667 3.333333 12.000000 3.333333 8.000000 3.333333 11.666667 

Cluster 0 is class 0
Cluster 1 is class 8
Cluster 2 is class 5
Cluster 3 is class 0
Cluster 4 is class 0
Cluster 5 is class 0
Cluster 6 is class 9
Cluster 7 is class 0
Cluster 8 is class 3
Cluster 9 is class 0
Cluster 10 is class 2
Cluster 11 is class 7
Cluster 12 is class 7
Cluster 13 is class 0
Cluster 14 is class 0
Cluster 15 is class 0
Cluster 16 is class 0
Cluster 17 is class 0
Cluster 18 is class 9
Cluster 19 is class 4
Cluster 20 is class 8
Cluster 21 is class 0
Cluster 22 is class 0
Cluster 23 is class 9
Cluster 24 is class 0
Cluster 25 is class 7
Cluster 26 is class 8
Cluster 27 is class 0
Cluster 28 is class 8
Cluster 29 is class 0
Cluster 30 is class 0
Cluster 31 is class 0
Cluster 32 is class 0
Cluster 33 is class 0
Cluster 34 is class 0
Cluster 35 is class 8
Cluster 36 is class 0

Overall Accuracy is 0.303923

