Avg Clusters:
2.507580 8.441988 2.494115 4.362711 2.504234 8.992734 2.490734 4.139271 2.495016 3.399378 
2.502375 4.247198 2.485285 3.799650 2.507074 5.020353 2.492606 5.241868 2.501847 10.033999 
2.495181 10.123138 2.493514 10.064457 2.502615 4.666696 2.489891 4.488283 2.501236 9.605396 
2.505239 3.504285 2.502906 6.002516 2.505509 8.565522 2.491272 10.676663 2.503754 4.071802 
2.506924 3.784360 2.519524 10.286155 2.491840 10.412617 2.514137 4.451976 2.498807 7.874925 
2.504815 4.609900 2.508595 9.829412 2.504504 4.293460 2.493822 10.529851 2.502231 9.874149 
2.502621 8.631327 2.498170 4.354924 2.509161 9.861799 2.506293 10.494350 2.495599 10.212173 
2.495546 10.188157 2.507842 3.615354 2.482347 3.385875 2.516515 9.531414 2.511165 5.571899 
2.497496 9.500703 2.468137 10.576001 2.492536 4.125353 2.493016 9.139785 2.502141 3.194948 
2.495672 10.080477 2.507948 4.585686 2.489735 10.280883 2.502509 3.361895 2.501685 10.255985 
2.485697 4.041903 2.513825 8.837612 2.502571 3.619562 2.517878 3.874028 2.479288 3.557886 
2.493757 10.224855 2.505064 10.337821 2.509462 10.976932 2.514449 8.973208 2.495863 5.057747 

Avg Classes:
2.501062 6.987991 2.500831 7.004122 2.500320 6.993248 2.501601 6.996249 2.500578 6.990609 
2.499498 7.005723 2.498374 7.006795 2.501292 7.002107 2.499690 7.004367 2.498954 6.983451 
2.499895 6.977804 2.500798 6.985700 2.497879 6.992608 2.496556 7.012830 2.497165 6.990719 
2.505279 7.053359 2.508546 7.025330 2.503622 7.027224 2.496757 7.017660 2.492969 7.021495 
2.515058 7.299356 2.473616 7.259717 2.514286 7.283912 2.472844 7.284170 2.470785 7.327413 
2.523547 7.069138 2.523547 7.098196 2.523547 7.013026 2.523547 6.972445 2.523547 6.891283 
2.484551 7.143258 2.502809 7.093399 2.549157 7.078652 2.497893 7.214185 2.465590 7.115169 
2.417391 6.704348 2.482609 6.821739 2.565217 6.452174 2.560870 6.960870 2.504348 6.700000 
2.416667 8.583333 2.416667 7.583333 2.416667 8.166667 2.416667 7.083333 2.416667 7.333333 
3.333333 7.666667 3.333333 7.666667 3.333333 12.000000 3.333333 8.000000 3.333333 11.666667 

Cluster 0 is class 0
Cluster 1 is class 0
Cluster 2 is class 4
Cluster 3 is class 0
Cluster 4 is class 0
Cluster 5 is class 0
Cluster 6 is class 4
Cluster 7 is class 0
Cluster 8 is class 0
Cluster 9 is class 4
Cluster 10 is class 0
Cluster 11 is class 8

Overall Accuracy is 0.362802

