----------------------------For Number of clusters 63----------------------------
Avg Clusters:
2.506893 3.553367 2.509991 9.595634 2.497769 10.048975 2.501236 3.510105 2.487735 10.630084 
2.530058 10.724843 2.467724 10.147907 2.485871 3.688948 2.505255 7.335673 2.494454 9.165836 
2.500132 3.493111 2.488695 3.608471 2.493144 4.613382 2.535102 3.221127 2.518952 9.941991 
2.493210 10.744366 2.495413 3.059701 2.472551 3.701170 2.491513 10.254442 2.524162 10.101307 
2.491189 10.838282 2.507225 4.917269 2.508590 4.488238 2.508238 2.910837 2.501366 10.948546 
2.498839 3.684894 2.501094 9.541104 2.503416 3.834539 2.532288 3.448868 2.470370 3.334455 
2.532308 4.424469 2.487882 9.883997 2.513248 7.274646 2.505412 11.102336 2.499435 4.183935 
2.487703 3.467977 2.492058 3.206046 2.496999 9.602254 2.486459 7.217940 2.504319 4.646391 
2.494462 3.541137 2.506396 10.629869 2.514039 3.166183 2.528017 4.092696 2.491846 10.673397 
2.484041 4.248365 2.491022 3.080081 2.513105 10.895509 2.481012 3.936954 2.487817 10.702068 
2.516370 9.785762 2.521269 3.640881 2.485216 3.881022 2.508123 7.958026 2.509885 2.904493 
2.486118 9.826736 2.499836 7.422890 2.548178 10.455215 2.508446 4.453683 2.513335 3.220256 
2.474623 3.170449 2.508368 3.862669 2.477601 3.283833 2.516637 10.316324 2.514913 3.834019 
2.489281 3.725643 2.532500 10.790839 2.475070 11.047077 2.471846 6.605264 2.522977 3.762026 
2.467073 11.008262 2.531373 3.977626 2.474067 9.965273 2.512148 10.940322 2.487402 3.825016 
2.490122 3.971394 2.514949 11.372542 2.496054 4.297489 2.469840 10.575939 2.511744 10.461038 
2.507684 2.790640 2.480277 3.872729 2.512456 10.045445 2.511449 10.924478 2.480058 9.938094 
2.463252 10.558557 2.507860 3.718665 2.525088 10.682750 2.518582 2.880023 2.511451 9.908234 
2.498337 10.100155 2.490798 2.463449 2.476680 2.991352 2.452953 3.452731 2.475867 7.224776 
2.481560 7.050463 2.554637 2.613371 2.549325 6.611398 2.451814 11.129838 2.473896 6.249431 
2.493633 10.900535 2.496371 10.701730 2.514828 3.870422 2.491518 3.766851 2.497532 3.325190 
2.508393 10.832016 2.465352 6.129449 2.507674 3.086670 2.497551 11.611325 2.491738 3.512769 
2.501904 9.883753 2.489379 11.069221 2.493701 3.182904 2.464474 2.590683 2.521975 10.647085 
2.491339 10.015248 2.536655 11.789522 2.477495 10.650586 2.522566 3.423762 2.509576 3.826604 
2.509486 3.529870 2.466742 2.912535 2.522756 3.320384 2.491474 10.019819 2.491248 10.855223 
2.482242 10.386721 2.520812 11.339102 2.498190 3.787128 2.496380 10.893790 2.480771 3.770105 
2.540774 10.423307 2.459891 4.721831 2.505188 11.394905 2.516695 11.084741 2.507117 9.387655 
2.512466 3.802861 2.513416 3.045293 2.500831 3.915351 2.471981 3.396474 2.492283 3.334619 
2.500793 9.052718 2.519763 11.248965 2.509587 10.253669 2.496395 10.370814 2.503503 10.534387 
2.475918 10.283098 2.477935 2.454525 2.508681 10.324989 2.508737 3.783770 2.513161 3.225190 
2.522248 7.747173 2.518018 4.013504 2.492231 7.529732 2.488083 6.974457 2.526072 11.380623 
2.520960 11.217094 2.420823 10.504205 2.499967 9.838060 2.513397 10.451268 2.512941 3.413521 
2.530666 10.816175 2.481093 10.264698 2.525590 3.604771 2.492006 11.712715 2.491160 10.744522 
2.503342 2.767422 2.543632 10.618022 2.501609 10.840203 2.503094 10.296138 2.503713 10.365887 
2.514006 3.302035 2.452096 10.037657 2.498617 10.576555 2.521381 2.108574 2.515070 3.903908 
2.529017 9.927360 2.539906 9.923513 2.433946 11.495175 2.504695 3.685250 2.486828 10.763563 
2.554431 3.446982 2.505612 3.449651 2.513225 10.495958 2.494153 11.585590 2.497057 2.937368 
2.498813 3.080456 2.472831 10.704430 2.477783 2.501255 2.491079 10.394546 2.518147 3.814395 
2.457715 2.753579 2.489066 7.078598 2.462457 5.285325 2.452182 7.565469 2.567928 9.560727 
2.577807 11.409168 2.490007 7.921149 2.440489 8.346923 2.455702 2.828378 2.480064 6.825694 
2.470601 11.740844 2.491880 6.525255 2.483929 8.472057 2.531302 9.851159 2.499272 11.444171 
2.498387 7.155840 2.493089 7.368463 2.512900 2.559894 2.449090 10.126814 2.475697 11.420295 
2.453165 11.055256 2.468465 11.282884 2.512933 7.738360 2.544964 3.787452 2.508751 11.031811 
2.477750 7.255043 2.539888 4.645312 2.546275 11.495692 2.465687 9.279473 2.487785 2.786619 
2.528543 5.574088 2.514714 7.148071 2.504731 11.698659 2.491733 8.213476 2.492773 8.784236 
2.532525 4.895573 2.464237 3.502334 2.467776 10.466195 2.484490 2.262912 2.459268 4.935251 
2.446246 6.906991 2.472294 6.518123 2.499939 2.433100 2.498710 10.951100 2.503133 6.671581 
2.516101 6.656042 2.540661 11.114071 2.471783 2.721100 2.510425 6.338828 2.518175 6.124877 
2.517221 2.273585 2.514076 7.309075 2.507038 2.969901 2.568284 11.779125 2.451033 10.231956 
2.501661 6.282920 2.540587 11.035792 2.545049 7.314345 2.475743 3.069116 2.503560 7.288332 
2.520146 2.284172 2.506213 5.086858 2.476591 9.986946 2.510481 3.565960 2.467177 2.359232 
2.498617 11.459073 2.481900 3.134194 2.522366 7.220890 2.507840 6.546345 2.490546 6.821651 
2.507805 7.002624 2.552538 2.592155 2.505182 10.669421 2.485767 11.031090 2.516857 11.651318 
2.471068 2.787980 2.497542 9.246872 2.472297 11.520889 2.505585 11.353329 2.513293 3.177837 
2.451105 11.458251 2.517930 10.778219 2.545190 11.237925 2.502183 7.844912 2.530899 7.429271 
2.497926 6.537538 2.479908 7.531818 2.510940 7.619191 2.537109 11.631632 2.485771 10.376805 
2.446375 7.927302 2.503295 6.539944 2.508189 2.892451 2.484721 2.823048 2.541642 5.474536 
2.508281 2.081305 2.502635 11.322208 2.545671 6.655583 2.576537 6.451317 2.443162 5.848055 
2.575218 6.560401 2.553232 4.605329 2.546780 1.985422 2.489425 5.113634 2.480822 11.069184 
2.531513 11.092199 2.441188 2.651412 2.503145 11.649538 2.489897 6.989964 2.464204 10.089522 
2.492053 7.454120 2.514225 10.889408 2.570188 11.599305 2.452651 11.035795 2.503005 3.416589 
2.523834 11.158242 2.499640 3.993102 2.498713 4.019253 2.502419 2.561927 2.438485 2.465356 
2.483995 6.810901 2.451242 10.387838 2.503522 4.504511 2.518601 7.693116 2.513534 1.880855 

Avg Classes:
2.501062 6.987991 2.500831 7.004122 2.500320 6.993248 2.501601 6.996249 2.500578 6.990609 
2.499498 7.005723 2.498374 7.006795 2.501292 7.002107 2.499690 7.004367 2.498954 6.983451 
2.499895 6.977804 2.500798 6.985700 2.497879 6.992608 2.496556 7.012830 2.497165 6.990719 
2.505279 7.053359 2.508546 7.025330 2.503622 7.027224 2.496757 7.017660 2.492969 7.021495 
2.515058 7.299356 2.473616 7.259717 2.514286 7.283912 2.472844 7.284170 2.470785 7.327413 
2.523547 7.069138 2.523547 7.098196 2.523547 7.013026 2.523547 6.972445 2.523547 6.891283 
2.484551 7.143258 2.502809 7.093399 2.549157 7.078652 2.497893 7.214185 2.465590 7.115169 
2.417391 6.704348 2.482609 6.821739 2.565217 6.452174 2.560870 6.960870 2.504348 6.700000 
2.416667 8.583333 2.416667 7.583333 2.416667 8.166667 2.416667 7.083333 2.416667 7.333333 
3.333333 7.666667 3.333333 7.666667 3.333333 12.000000 3.333333 8.000000 3.333333 11.666667 

Cluster 0 is class 0
Cluster 1 is class 8
Cluster 2 is class 7
Cluster 3 is class 0
Cluster 4 is class 0
Cluster 5 is class 7
Cluster 6 is class 0
Cluster 7 is class 0
Cluster 8 is class 0
Cluster 9 is class 0
Cluster 10 is class 0
Cluster 11 is class 8
Cluster 12 is class 0
Cluster 13 is class 0
Cluster 14 is class 0
Cluster 15 is class 0
Cluster 16 is class 0
Cluster 17 is class 0
Cluster 18 is class 0
Cluster 19 is class 7
Cluster 20 is class 0
Cluster 21 is class 5
Cluster 22 is class 0
Cluster 23 is class 8
Cluster 24 is class 7
Cluster 25 is class 8
Cluster 26 is class 9
Cluster 27 is class 0
Cluster 28 is class 9
Cluster 29 is class 8
Cluster 30 is class 0
Cluster 31 is class 8
Cluster 32 is class 0
Cluster 33 is class 9
Cluster 34 is class 0
Cluster 35 is class 9
Cluster 36 is class 0
Cluster 37 is class 7
Cluster 38 is class 0
Cluster 39 is class 8
Cluster 40 is class 8
Cluster 41 is class 4
Cluster 42 is class 8
Cluster 43 is class 0
Cluster 44 is class 9
Cluster 45 is class 0
Cluster 46 is class 7
Cluster 47 is class 5
Cluster 48 is class 0
Cluster 49 is class 0
Cluster 50 is class 0
Cluster 51 is class 0
Cluster 52 is class 9
Cluster 53 is class 0
Cluster 54 is class 8
Cluster 55 is class 0
Cluster 56 is class 7
Cluster 57 is class 0
Cluster 58 is class 7
Cluster 59 is class 9
Cluster 60 is class 4
Cluster 61 is class 0
Cluster 62 is class 0

Overall Accuracy is 0.303617

