----------------------------For Number of clusters 42----------------------------
Avg Clusters:
2.493905 9.722487 2.483639 9.943482 2.494881 5.781683 2.512651 6.347337 2.471588 8.820459 
2.502360 4.017320 2.500362 3.269247 2.485105 9.282616 2.504841 4.770312 2.502075 9.990538 
2.501854 10.295546 2.507070 3.894324 2.509517 3.774139 2.481633 3.957334 2.505142 10.286029 
2.473450 3.457034 2.493692 4.895843 2.501525 3.217672 2.500672 9.875549 2.510599 4.218422 
2.495819 9.921937 2.498097 3.765087 2.476686 4.262515 2.497293 10.830796 2.502278 10.209401 
2.506568 3.689737 2.515703 10.174060 2.501768 3.785373 2.488813 9.937240 2.507884 10.453227 
2.508544 10.934408 2.485273 5.634408 2.498105 4.467387 2.517387 10.467453 2.490991 3.061602 
2.519571 3.418598 2.521711 10.693383 2.487034 10.882576 2.484496 4.979359 2.480980 8.562229 
2.494422 9.579737 2.476128 9.931665 2.513891 10.240689 2.512661 10.465409 2.515532 3.812715 
2.515479 9.264031 2.503200 10.738059 2.516916 3.245787 2.478513 3.064135 2.497932 10.950276 
2.493497 4.384293 2.507240 4.000206 2.518387 10.496210 2.495326 11.021145 2.496063 9.851160 
2.503371 9.608137 2.519959 4.458180 2.495327 3.706295 2.488919 3.229891 2.476270 3.409519 
2.505900 4.047593 2.484490 11.104664 2.499363 4.513222 2.494917 10.389043 2.519890 3.631157 
2.492412 3.544050 2.518110 10.042470 2.480849 7.629024 2.524082 3.535021 2.505469 3.403827 
2.497594 3.552087 2.485822 4.316375 2.517590 2.980346 2.501621 3.909851 2.524482 10.036032 
2.496659 4.164260 2.522770 10.568889 2.499422 10.460152 2.498762 10.829511 2.511426 10.154855 
2.492849 10.328428 2.529511 3.191177 2.523395 10.796878 2.482019 9.826756 2.495461 4.580092 
2.515194 3.344497 2.500602 3.156707 2.499305 5.304336 2.467528 3.481008 2.488095 3.464703 
2.537390 10.777306 2.482016 4.392032 2.488319 10.751514 2.526431 8.981748 2.511433 10.987846 
2.453462 10.531885 2.521751 3.420277 2.510294 10.578126 2.508787 2.891222 2.491943 9.806728 
2.514336 10.583790 2.460471 10.595249 2.513269 3.247332 2.499768 10.908602 2.514800 9.911153 
2.500143 3.234991 2.493841 9.392961 2.493964 10.947084 2.485738 10.082095 2.509310 3.225905 
2.472464 9.673883 2.466643 3.019578 2.517307 10.009833 2.504431 3.517704 2.511354 3.104855 
2.516745 4.943524 2.474793 8.513984 2.517525 11.700696 2.506242 2.736886 2.498560 3.509243 
2.498726 10.303932 2.518524 10.726652 2.464728 10.821591 2.509876 3.662616 2.498362 10.477426 
2.503007 10.530800 2.512254 11.163525 2.488403 3.364647 2.489868 9.328011 2.478498 3.105463 
2.506772 10.549836 2.472437 10.780129 2.519839 6.713734 2.484816 3.075812 2.514919 3.200296 
2.496438 10.694628 2.516912 10.779218 2.520762 10.264810 2.509659 10.716450 2.486875 10.406071 
2.517125 3.402266 2.476534 3.304454 2.488124 11.050621 2.500286 5.547633 2.510680 3.556260 
2.538370 3.120048 2.503153 3.177692 2.522903 9.962582 2.485187 11.092742 2.464961 3.510648 
2.513345 3.239581 2.485773 3.318919 2.513443 3.783094 2.509819 10.564719 2.483079 10.715118 
2.487642 3.057017 2.496910 10.841635 2.500094 3.319446 2.549387 3.459180 2.482399 8.936195 
2.506288 4.482665 2.498244 9.922048 2.507138 2.402561 2.530875 4.078235 2.481135 3.063619 
2.480437 7.012969 2.565027 2.572969 2.485902 5.884809 2.506812 10.591038 2.464627 3.312058 
2.463196 3.688610 2.514994 9.608950 2.532216 8.034377 2.516923 3.146818 2.501430 11.776581 
2.527244 5.433428 2.445741 6.234219 2.493154 11.419094 2.475512 2.530552 2.501792 10.504181 
2.512279 6.526172 2.508072 7.156051 2.458859 6.254183 2.467762 10.875452 2.504647 7.157030 
2.479377 11.010187 2.489896 10.403926 2.493954 2.149081 2.507951 3.412374 2.508945 4.806526 
2.486851 10.786859 2.472163 2.337519 2.486378 3.005054 2.521598 7.805417 2.543710 4.893785 
2.460225 10.774082 2.529588 7.347566 2.489813 11.381124 2.498876 4.482697 2.498352 3.427491 
2.485161 10.014654 2.548387 11.841014 2.504055 11.400369 2.519908 4.760092 2.512258 3.301659 
2.615643 11.365534 2.492211 7.431307 2.507032 9.088165 2.471982 3.065448 2.477066 7.103851 

Avg Classes:
2.501062 6.987991 2.500831 7.004122 2.500320 6.993248 2.501601 6.996249 2.500578 6.990609 
2.499498 7.005723 2.498374 7.006795 2.501292 7.002107 2.499690 7.004367 2.498954 6.983451 
2.499895 6.977804 2.500798 6.985700 2.497879 6.992608 2.496556 7.012830 2.497165 6.990719 
2.505279 7.053359 2.508546 7.025330 2.503622 7.027224 2.496757 7.017660 2.492969 7.021495 
2.515058 7.299356 2.473616 7.259717 2.514286 7.283912 2.472844 7.284170 2.470785 7.327413 
2.523547 7.069138 2.523547 7.098196 2.523547 7.013026 2.523547 6.972445 2.523547 6.891283 
2.484551 7.143258 2.502809 7.093399 2.549157 7.078652 2.497893 7.214185 2.465590 7.115169 
2.417391 6.704348 2.482609 6.821739 2.565217 6.452174 2.560870 6.960870 2.504348 6.700000 
2.416667 8.583333 2.416667 7.583333 2.416667 8.166667 2.416667 7.083333 2.416667 7.333333 
3.333333 7.666667 3.333333 7.666667 3.333333 12.000000 3.333333 8.000000 3.333333 11.666667 

Cluster 0 is class 8
Cluster 1 is class 0
Cluster 2 is class 0
Cluster 3 is class 0
Cluster 4 is class 0
Cluster 5 is class 0
Cluster 6 is class 7
Cluster 7 is class 0
Cluster 8 is class 8
Cluster 9 is class 4
Cluster 10 is class 9
Cluster 11 is class 7
Cluster 12 is class 0
Cluster 13 is class 0
Cluster 14 is class 7
Cluster 15 is class 9
Cluster 16 is class 8
Cluster 17 is class 7
Cluster 18 is class 9
Cluster 19 is class 0
Cluster 20 is class 0
Cluster 21 is class 0
Cluster 22 is class 0
Cluster 23 is class 0
Cluster 24 is class 8
Cluster 25 is class 0
Cluster 26 is class 0
Cluster 27 is class 9
Cluster 28 is class 0
Cluster 29 is class 0
Cluster 30 is class 7
Cluster 31 is class 0
Cluster 32 is class 0
Cluster 33 is class 0
Cluster 34 is class 0
Cluster 35 is class 9
Cluster 36 is class 0
Cluster 37 is class 0
Cluster 38 is class 0
Cluster 39 is class 8
Cluster 40 is class 8
Cluster 41 is class 8

Overall Accuracy is 0.309439

