----------------------------For Number of clusters 11----------------------------
Avg Clusters:
2.500741 10.388492 2.494298 3.508518 2.506646 7.946828 2.494251 5.506716 2.501661 9.290181 
2.498325 9.956655 2.495831 8.424678 2.504598 9.265106 2.506886 5.223690 2.502070 3.082370 
2.504564 5.144727 2.490819 10.353159 2.501206 5.050156 2.505491 10.199578 2.493670 4.107945 
2.500649 4.410440 2.507479 3.571186 2.500715 9.546487 2.487827 10.171659 2.500353 5.354671 
2.497136 10.432282 2.506170 4.667462 2.482282 3.544703 2.515099 9.742503 2.504494 4.779197 
2.506787 8.398052 2.503603 9.977628 2.499489 9.989099 2.499454 9.777091 2.505997 10.217040 
2.496399 3.996529 2.497585 5.694660 2.507855 3.674946 2.507246 3.408860 2.493200 5.766619 
2.501345 4.197977 2.496332 7.109224 2.506605 3.610349 2.489697 9.631704 2.505966 10.974356 
2.497862 9.680604 2.502295 10.469948 2.496516 3.965065 2.496450 3.905968 2.486906 9.522612 
2.500724 3.763596 2.499037 5.127575 2.497931 10.189383 2.500381 3.830080 2.491972 10.391447 
2.500955 3.291543 2.514156 10.695052 2.499924 10.138368 2.503524 4.143929 2.506499 5.405115 

Avg Classes:
2.501062 6.987991 2.500831 7.004122 2.500320 6.993248 2.501601 6.996249 2.500578 6.990609 
2.499498 7.005723 2.498374 7.006795 2.501292 7.002107 2.499690 7.004367 2.498954 6.983451 
2.499895 6.977804 2.500798 6.985700 2.497879 6.992608 2.496556 7.012830 2.497165 6.990719 
2.505279 7.053359 2.508546 7.025330 2.503622 7.027224 2.496757 7.017660 2.492969 7.021495 
2.515058 7.299356 2.473616 7.259717 2.514286 7.283912 2.472844 7.284170 2.470785 7.327413 
2.523547 7.069138 2.523547 7.098196 2.523547 7.013026 2.523547 6.972445 2.523547 6.891283 
2.484551 7.143258 2.502809 7.093399 2.549157 7.078652 2.497893 7.214185 2.465590 7.115169 
2.417391 6.704348 2.482609 6.821739 2.565217 6.452174 2.560870 6.960870 2.504348 6.700000 
2.416667 8.583333 2.416667 7.583333 2.416667 8.166667 2.416667 7.083333 2.416667 7.333333 
3.333333 7.666667 3.333333 7.666667 3.333333 12.000000 3.333333 8.000000 3.333333 11.666667 

Cluster 0 is class 0
Cluster 1 is class 0
Cluster 2 is class 7
Cluster 3 is class 0
Cluster 4 is class 0
Cluster 5 is class 8
Cluster 6 is class 7
Cluster 7 is class 0
Cluster 8 is class 0
Cluster 9 is class 0
Cluster 10 is class 0

Overall Accuracy is 0.390509

