----------------------------For Number of clusters 64----------------------------
Avg Clusters:
2.501779 3.740723 2.512134 9.601626 2.513059 9.841582 2.510630 3.353368 2.492697 10.665577 
2.499404 10.734429 2.510509 4.783192 2.504554 3.214321 2.495376 3.547607 2.502627 10.496847 
2.496902 9.573148 2.519199 11.296173 2.496515 9.248645 2.505743 4.058370 2.504420 3.714023 
2.499389 3.754949 2.499968 3.211756 2.482967 10.893013 2.477600 5.137903 2.477343 9.910625 
2.496028 4.207106 2.518025 3.755866 2.516986 9.804900 2.506843 11.248870 2.491385 9.892399 
2.523365 3.721970 2.466364 6.885827 2.498673 10.016133 2.512068 3.298143 2.498117 3.211785 
2.502031 4.237594 2.479951 2.932654 2.500222 3.146544 2.480764 9.669657 2.499114 10.216955 
2.517394 3.963216 2.489242 10.528409 2.503189 3.884880 2.491368 10.679991 2.504252 3.788346 
2.516647 10.621087 2.475537 4.220298 2.506341 10.660320 2.490479 10.875330 2.506647 8.649324 
2.512452 10.150429 2.483838 11.138912 2.486483 4.040132 2.493838 4.225595 2.499677 10.131008 
2.510183 6.131694 2.520189 10.723538 2.490572 10.839795 2.492734 7.909137 2.512646 10.313823 
2.523113 10.053881 2.470685 9.094728 2.507850 3.010805 2.495300 10.552476 2.519188 11.145121 
2.507419 3.385060 2.521576 3.345564 2.527869 3.601165 2.484588 3.838952 2.484716 3.898134 
2.497054 10.383604 2.517549 4.357814 2.485568 2.940265 2.517933 9.429590 2.521563 2.740863 
2.479398 10.631718 2.477862 10.571148 2.496801 10.324433 2.510920 10.729142 2.517233 4.376855 
2.498343 11.434904 2.522652 10.183750 2.520897 10.362301 2.526617 9.358856 2.516477 10.883913 
2.496129 3.257693 2.486268 3.104030 2.480445 5.854477 2.538879 3.124942 2.537555 10.904176 
2.520783 3.370777 2.507228 3.192391 2.505877 10.165650 2.475654 10.159589 2.480036 3.289078 
2.511471 10.556152 2.486886 10.784209 2.497180 3.930241 2.487488 10.479439 2.487434 2.875705 
2.531773 3.517593 2.506970 11.322678 2.511104 3.318593 2.506105 9.003269 2.511104 10.356133 
2.504502 2.981893 2.498954 11.008275 2.497007 4.031248 2.521295 3.380385 2.475980 4.722025 
2.478793 10.297716 2.510930 10.863051 2.478385 2.820228 2.539315 9.628956 2.502365 6.859625 
2.503429 7.634256 2.538232 6.237838 2.566493 10.891401 2.480503 10.083323 2.518735 2.834117 
2.524780 10.665319 2.488621 2.850682 2.474815 4.357209 2.497747 10.364429 2.546153 11.179124 
2.488751 10.433370 2.483302 3.404205 2.508044 10.986411 2.509903 6.171207 2.520800 11.263509 
2.518929 5.435818 2.501627 11.380213 2.554644 10.478039 2.482550 9.542147 2.522109 2.974490 
2.480862 3.275559 2.506214 3.499531 2.488705 3.306324 2.512621 10.792654 2.523447 3.702347 
2.502433 10.794173 2.523229 5.939642 2.520182 3.585512 2.506335 2.853622 2.464902 3.222294 
2.497922 4.223918 2.476856 2.250430 2.482373 10.550803 2.516910 3.598596 2.494339 3.640155 
2.503836 11.047529 2.494733 2.858713 2.476268 10.712094 2.504616 7.539272 2.507802 3.351625 
2.530451 8.947828 2.500257 11.021567 2.542364 6.803841 2.481565 11.674438 2.413269 10.142241 
2.491233 10.661253 2.462130 11.318770 2.487928 2.976717 2.476071 4.027235 2.509845 3.511641 
2.497119 11.003816 2.441364 2.567279 2.480844 7.181280 2.511680 3.158387 2.470332 4.315683 
2.490136 10.600031 2.554793 4.003006 2.521887 11.421008 2.509325 2.764103 2.464165 8.050632 
2.477310 10.802588 2.518081 10.200366 2.465552 10.404573 2.499350 2.994091 2.499764 10.705861 
2.495607 7.910880 2.539956 2.455229 2.548910 6.572141 2.511742 11.034719 2.445683 4.411894 
2.527764 9.172670 2.474746 2.347465 2.457557 2.428585 2.505746 5.059681 2.543699 5.903525 
2.493612 4.400192 2.500878 5.107713 2.540562 2.166081 2.507346 3.129751 2.493053 10.793357 
2.441979 9.331640 2.473400 3.548896 2.492274 8.526703 2.539355 2.366795 2.529192 11.731411 
2.456881 11.044618 2.484542 7.627387 2.516999 11.254517 2.511176 3.424253 2.515115 2.987326 
2.457956 2.924257 2.516929 7.384120 2.452869 4.241138 2.531553 11.424734 2.488237 10.590844 
2.481594 2.576898 2.484866 10.752045 2.513907 9.041476 2.498446 11.071090 2.517179 10.457952 
2.473594 3.814297 2.518264 11.128035 2.508030 3.403601 2.557182 2.828117 2.478748 10.852170 
2.422628 11.047890 2.504540 4.053577 2.513419 2.994413 2.474409 11.350095 2.462536 6.893744 
2.535730 6.828383 2.482582 4.669942 2.470411 6.719964 2.464158 6.371818 2.484368 3.010161 
2.515248 3.417863 2.496004 11.430356 2.483821 11.005354 2.481105 2.954140 2.513929 5.495538 
2.461310 6.412415 2.518920 9.897321 2.533907 3.234800 2.556866 3.184524 2.483418 2.501701 
2.459743 2.452977 2.498985 7.429550 2.507781 9.651133 2.500761 7.841171 2.489175 6.069520 
2.492437 2.290962 2.541630 11.985636 2.450235 9.405618 2.512648 9.463709 2.500699 5.539342 
2.469849 9.596818 2.512331 2.946221 2.512013 11.465394 2.442164 2.600955 2.544153 2.562768 
2.488627 6.000000 2.506720 7.557796 2.498966 3.046836 2.436621 6.758685 2.491625 7.395058 
2.494229 6.523538 2.536766 7.399559 2.454156 4.688497 2.476722 2.071716 2.484632 7.192841 
2.533767 7.276112 2.503985 6.067324 2.518981 7.027055 2.472735 7.402999 2.445575 11.317638 
2.657461 9.860473 2.505500 8.129125 2.522477 9.877810 2.464371 3.226805 2.488642 6.987327 
2.501710 11.690359 2.510072 3.456607 2.514000 6.265298 2.466743 6.800709 2.466869 8.475231 
2.457213 2.796913 2.545996 11.156174 2.438111 10.190098 2.526284 5.367512 2.490831 1.852842 
2.489783 6.719742 2.493084 2.589437 2.518076 7.042439 2.496070 2.723200 2.499843 7.473122 
2.477535 2.476657 2.456451 8.844127 2.469880 10.635668 2.532003 11.923444 2.512299 3.242219 
2.467181 2.911454 2.434540 7.805697 2.479288 3.098398 2.542908 7.137804 2.533650 2.587300 
2.526844 5.177652 2.525244 9.736942 2.472719 11.997818 2.507639 11.861487 2.540230 9.408846 
2.508458 11.603778 2.502902 7.855414 2.533770 7.120509 2.492283 7.862699 2.458328 4.039141 
2.517586 1.947109 2.478284 7.321876 2.528511 4.033440 2.456568 5.934053 2.537437 10.628963 
2.468507 11.745913 2.486465 3.988743 2.483248 8.614715 2.528009 11.895738 2.535111 2.793487 
2.486111 6.765292 2.491863 7.090348 2.468575 4.020763 2.458754 11.826599 2.481201 6.539001 

Avg Classes:
2.501062 6.987991 2.500831 7.004122 2.500320 6.993248 2.501601 6.996249 2.500578 6.990609 
2.499498 7.005723 2.498374 7.006795 2.501292 7.002107 2.499690 7.004367 2.498954 6.983451 
2.499895 6.977804 2.500798 6.985700 2.497879 6.992608 2.496556 7.012830 2.497165 6.990719 
2.505279 7.053359 2.508546 7.025330 2.503622 7.027224 2.496757 7.017660 2.492969 7.021495 
2.515058 7.299356 2.473616 7.259717 2.514286 7.283912 2.472844 7.284170 2.470785 7.327413 
2.523547 7.069138 2.523547 7.098196 2.523547 7.013026 2.523547 6.972445 2.523547 6.891283 
2.484551 7.143258 2.502809 7.093399 2.549157 7.078652 2.497893 7.214185 2.465590 7.115169 
2.417391 6.704348 2.482609 6.821739 2.565217 6.452174 2.560870 6.960870 2.504348 6.700000 
2.416667 8.583333 2.416667 7.583333 2.416667 8.166667 2.416667 7.083333 2.416667 7.333333 
3.333333 7.666667 3.333333 7.666667 3.333333 12.000000 3.333333 8.000000 3.333333 11.666667 

Cluster 0 is class 0
Cluster 1 is class 0
Cluster 2 is class 4
Cluster 3 is class 0
Cluster 4 is class 0
Cluster 5 is class 0
Cluster 6 is class 0
Cluster 7 is class 0
Cluster 8 is class 4
Cluster 9 is class 8
Cluster 10 is class 9
Cluster 11 is class 0
Cluster 12 is class 7
Cluster 13 is class 0
Cluster 14 is class 8
Cluster 15 is class 9
Cluster 16 is class 0
Cluster 17 is class 0
Cluster 18 is class 5
Cluster 19 is class 0
Cluster 20 is class 0
Cluster 21 is class 4
Cluster 22 is class 0
Cluster 23 is class 4
Cluster 24 is class 9
Cluster 25 is class 0
Cluster 26 is class 7
Cluster 27 is class 0
Cluster 28 is class 0
Cluster 29 is class 0
Cluster 30 is class 4
Cluster 31 is class 0
Cluster 32 is class 0
Cluster 33 is class 8
Cluster 34 is class 8
Cluster 35 is class 0
Cluster 36 is class 7
Cluster 37 is class 0
Cluster 38 is class 0
Cluster 39 is class 8
Cluster 40 is class 0
Cluster 41 is class 4
Cluster 42 is class 0
Cluster 43 is class 0
Cluster 44 is class 0
Cluster 45 is class 0
Cluster 46 is class 0
Cluster 47 is class 0
Cluster 48 is class 0
Cluster 49 is class 8
Cluster 50 is class 7
Cluster 51 is class 0
Cluster 52 is class 0
Cluster 53 is class 8
Cluster 54 is class 8
Cluster 55 is class 0
Cluster 56 is class 0
Cluster 57 is class 0
Cluster 58 is class 7
Cluster 59 is class 9
Cluster 60 is class 8
Cluster 61 is class 0
Cluster 62 is class 0
Cluster 63 is class 0

Overall Accuracy is 0.332263

