----------------------------For Number of clusters 69----------------------------
Avg Clusters:
2.479641 4.630857 2.564391 10.751055 2.467185 8.512439 2.512787 5.746729 2.523604 4.435016 
2.470957 11.193278 2.535828 7.258266 2.503471 3.166647 2.486018 4.445896 2.482370 7.163823 
2.505274 3.744114 2.482774 3.290097 2.517186 3.078370 2.499418 4.297638 2.513416 10.224040 
2.495633 9.292709 2.490383 10.752229 2.505589 3.024121 2.520840 4.068652 2.479884 2.882608 
2.526992 9.872194 2.478264 9.217933 2.520930 3.722557 2.476653 11.007098 2.492154 10.727852 
2.504702 8.628819 2.502517 10.143119 2.500215 10.494323 2.514768 10.423114 2.496664 10.852706 
2.513087 9.518709 2.480457 11.241238 2.513790 3.927975 2.486210 3.571542 2.483838 11.059245 
2.515638 3.925906 2.481629 3.553494 2.505177 10.305651 2.495506 4.865833 2.507334 2.916523 
2.515532 3.504459 2.520343 11.298412 2.495085 9.788852 2.487661 4.098586 2.456099 10.255153 
2.499606 3.960942 2.497405 3.621181 2.496649 10.023487 2.500591 11.041522 2.494908 9.589087 
2.515692 10.760408 2.497596 2.930204 2.488934 3.962086 2.498005 4.202449 2.485261 3.329070 
2.483916 10.270929 2.519500 2.933479 2.508737 10.676172 2.501668 3.967395 2.504448 10.031374 
2.491033 2.549103 2.508140 4.075266 2.482326 4.299016 2.537089 10.485939 2.513103 3.719267 
2.488929 10.182740 2.519233 3.495553 2.513560 11.015847 2.496761 10.283607 2.518794 3.975442 
2.520024 10.223732 2.489713 3.351249 2.511993 10.274343 2.492463 10.732864 2.505611 11.002310 
2.526818 2.948659 2.484839 10.977591 2.519147 3.895567 2.538475 2.856849 2.450713 5.130647 
2.504865 3.882764 2.485041 3.073913 2.511232 3.946066 2.504658 10.512474 2.484679 10.967236 
2.487818 10.621617 2.496742 3.185287 2.496624 3.287618 2.495978 3.152351 2.510714 10.748899 
2.520015 3.396040 2.511693 11.162854 2.520314 4.052706 2.482332 9.094870 2.516388 10.515193 
2.521279 3.417049 2.490087 10.747368 2.503132 3.037714 2.502938 11.094285 2.519664 5.491314 
2.501620 3.202676 2.519930 2.956408 2.507042 3.900634 2.472394 3.528944 2.491127 3.590211 
2.483276 2.936899 2.499509 9.655757 2.507364 3.303921 2.544413 3.146233 2.510375 11.024285 
2.467058 6.777981 2.550954 8.976594 2.457234 3.663938 2.453381 3.202081 2.543441 7.511077 
2.491983 9.939397 2.534879 10.385184 2.503555 11.273923 2.541386 3.359762 2.512664 3.439420 
2.529993 3.267135 2.517425 4.543352 2.507657 10.840955 2.472912 10.964780 2.493769 3.355793 
2.455660 10.552610 2.475660 3.010909 2.521818 10.834487 2.500997 3.533372 2.530381 3.406217 
2.531028 11.254772 2.503416 7.606889 2.493907 10.402127 2.528562 6.423258 2.502360 9.662182 
2.503160 2.786982 2.525449 10.531659 2.485363 10.627523 2.482868 10.797793 2.497172 9.470559 
2.484839 6.672513 2.489594 10.546965 2.520348 10.963009 2.491509 10.668313 2.492929 3.295992 
2.533382 9.740231 2.507987 7.090440 2.506676 9.594331 2.444089 7.801999 2.489064 3.013271 
2.498945 10.744313 2.505615 3.049940 2.473804 3.196397 2.486916 10.439998 2.535545 10.215894 
2.541989 11.391843 2.460237 10.895271 2.526227 6.858402 2.404043 2.717517 2.523733 5.586695 
2.492580 10.565670 2.507918 6.429457 2.519767 3.578516 2.499502 10.866058 2.493854 3.131617 
2.442817 6.553563 2.457874 10.477785 2.484532 3.313806 2.461412 10.679036 2.495886 2.577999 
2.502242 2.960883 2.461745 9.912453 2.494929 11.218075 2.495826 2.645257 2.514936 3.556882 
2.491728 11.261171 2.530804 4.782088 2.468530 7.576060 2.508557 11.293307 2.426602 6.881917 
2.537503 2.142029 2.461513 10.670894 2.490597 11.291494 2.468183 9.255631 2.515307 3.150120 
2.536061 10.275482 2.502223 11.288161 2.491685 6.275811 2.512350 11.036720 2.509880 5.154536 
2.517445 2.655061 2.500649 5.472895 2.486448 8.287558 2.546280 3.310121 2.479888 8.133002 
2.485474 11.659021 2.468017 6.533129 2.484072 8.237258 2.542304 3.115953 2.437054 3.108180 
2.545967 7.294102 2.498092 2.810581 2.561665 5.854206 2.487164 7.623244 2.467823 6.853946 
2.468295 11.176790 2.467269 11.890109 2.461830 3.683562 2.544634 8.563616 2.505130 9.060332 
2.452905 3.625222 2.472098 6.756128 2.513716 2.630750 2.472306 7.754981 2.515698 6.743715 
2.495110 11.595728 2.421585 10.366610 2.520405 11.042945 2.538392 11.298595 2.521529 3.404947 
2.491990 3.457153 2.505352 5.852956 2.552151 11.094089 2.513466 6.686114 2.498216 11.273172 
2.517033 10.701646 2.510220 8.034444 2.432911 10.023089 2.519209 2.112793 2.480223 10.973126 
2.449676 3.413283 2.495219 2.122134 2.470546 10.979644 2.489771 6.439087 2.489668 7.806312 
2.521753 11.192503 2.467345 2.141730 2.502544 3.263628 2.534109 10.478247 2.540442 3.975807 
2.466183 3.305252 2.514820 7.550030 2.446787 3.577581 2.528546 11.500995 2.510543 11.111796 
2.503276 6.503506 2.485343 6.593516 2.501667 6.952063 2.477526 2.423957 2.493620 2.731693 
2.528895 6.731866 2.452564 6.266941 2.541039 11.526835 2.463298 2.802776 2.435108 7.395750 
2.486541 7.274905 2.526600 2.858309 2.462802 6.233891 2.516956 10.843790 2.453582 2.310513 
2.505909 2.915212 2.510463 10.140952 2.532798 7.173805 2.542340 11.389570 2.489862 3.122195 
2.480016 6.153477 2.523981 8.273914 2.508793 7.397415 2.499600 11.117506 2.534772 7.936984 
2.491935 9.985548 2.500047 11.989184 2.489697 10.673846 2.503030 3.842051 2.515058 10.514126 
2.469268 4.324425 2.497916 2.432496 2.511170 8.049920 2.500481 3.439658 2.488081 11.835382 
2.521326 6.734828 2.468560 7.045455 2.490373 6.887156 2.476846 3.507068 2.520960 11.599561 
2.420143 11.171459 2.501148 11.487107 2.539220 10.865938 2.494532 7.918861 2.492237 6.880248 
2.479239 6.184704 2.504286 3.257836 2.511787 2.405706 2.460488 11.635280 2.551433 6.398339 
2.510299 11.205739 2.472199 3.501726 2.499464 6.417431 2.510775 7.003215 2.498750 11.413502 
2.512376 11.365172 2.497088 11.153029 2.479616 6.569307 2.536838 7.466948 2.523296 2.259027 
2.472653 7.665661 2.500206 2.544071 2.486086 6.612611 2.511172 2.197395 2.510624 6.742700 
2.502459 11.480406 2.492940 11.161034 2.549580 2.050135 2.526892 10.544503 2.456767 3.446930 
2.531600 3.191027 2.463593 2.944632 2.456649 12.000178 2.483176 2.170198 2.516646 10.155955 
2.530984 7.637775 2.526934 6.768732 2.457675 2.309977 2.494397 6.663832 2.489267 11.558796 
2.480213 3.496751 2.532979 8.498720 2.474306 11.332546 2.536720 2.045285 2.568025 11.662926 
2.500605 6.298939 2.516593 4.647723 2.474943 2.500873 2.453177 6.945452 2.467553 2.296520 
2.501954 2.629458 2.450293 10.436615 2.492550 3.099170 2.507694 6.575476 2.547509 2.397655 
2.521731 3.710129 2.494253 6.747665 2.495330 2.184447 2.546875 2.299749 2.449892 3.683549 

Avg Classes:
2.501062 6.987991 2.500831 7.004122 2.500320 6.993248 2.501601 6.996249 2.500578 6.990609 
2.499498 7.005723 2.498374 7.006795 2.501292 7.002107 2.499690 7.004367 2.498954 6.983451 
2.499895 6.977804 2.500798 6.985700 2.497879 6.992608 2.496556 7.012830 2.497165 6.990719 
2.505279 7.053359 2.508546 7.025330 2.503622 7.027224 2.496757 7.017660 2.492969 7.021495 
2.515058 7.299356 2.473616 7.259717 2.514286 7.283912 2.472844 7.284170 2.470785 7.327413 
2.523547 7.069138 2.523547 7.098196 2.523547 7.013026 2.523547 6.972445 2.523547 6.891283 
2.484551 7.143258 2.502809 7.093399 2.549157 7.078652 2.497893 7.214185 2.465590 7.115169 
2.417391 6.704348 2.482609 6.821739 2.565217 6.452174 2.560870 6.960870 2.504348 6.700000 
2.416667 8.583333 2.416667 7.583333 2.416667 8.166667 2.416667 7.083333 2.416667 7.333333 
3.333333 7.666667 3.333333 7.666667 3.333333 12.000000 3.333333 8.000000 3.333333 11.666667 

Cluster 0 is class 0
Cluster 1 is class 0
Cluster 2 is class 0
Cluster 3 is class 0
Cluster 4 is class 4
Cluster 5 is class 9
Cluster 6 is class 0
Cluster 7 is class 0
Cluster 8 is class 0
Cluster 9 is class 0
Cluster 10 is class 0
Cluster 11 is class 8
Cluster 12 is class 0
Cluster 13 is class 8
Cluster 14 is class 9
Cluster 15 is class 0
Cluster 16 is class 0
Cluster 17 is class 0
Cluster 18 is class 0
Cluster 19 is class 0
Cluster 20 is class 0
Cluster 21 is class 0
Cluster 22 is class 0
Cluster 23 is class 8
Cluster 24 is class 0
Cluster 25 is class 8
Cluster 26 is class 8
Cluster 27 is class 0
Cluster 28 is class 0
Cluster 29 is class 8
Cluster 30 is class 0
Cluster 31 is class 8
Cluster 32 is class 0
Cluster 33 is class 0
Cluster 34 is class 0
Cluster 35 is class 8
Cluster 36 is class 0
Cluster 37 is class 3
Cluster 38 is class 0
Cluster 39 is class 8
Cluster 40 is class 0
Cluster 41 is class 0
Cluster 42 is class 7
Cluster 43 is class 8
Cluster 44 is class 9
Cluster 45 is class 8
Cluster 46 is class 0
Cluster 47 is class 0
Cluster 48 is class 0
Cluster 49 is class 0
Cluster 50 is class 8
Cluster 51 is class 0
Cluster 52 is class 0
Cluster 53 is class 0
Cluster 54 is class 8
Cluster 55 is class 0
Cluster 56 is class 0
Cluster 57 is class 8
Cluster 58 is class 0
Cluster 59 is class 4
Cluster 60 is class 8
Cluster 61 is class 0
Cluster 62 is class 0
Cluster 63 is class 0
Cluster 64 is class 0
Cluster 65 is class 9
Cluster 66 is class 0
Cluster 67 is class 7
Cluster 68 is class 7

Overall Accuracy is 0.341613

