----------------------------For Number of clusters 14----------------------------
Avg Clusters:
2.496144 8.114476 2.498165 10.659178 2.505351 3.383035 2.503440 5.237285 2.488151 8.687640 
2.494406 9.772930 2.489810 9.907946 2.504195 9.557438 2.509273 9.351998 2.510912 3.927970 
2.491567 4.295455 2.490524 4.235609 2.502648 9.309997 2.503555 4.186042 2.503419 10.161555 
2.508479 9.865539 2.494119 4.330839 2.505486 8.661789 2.505016 10.474440 2.498052 10.127361 
2.504968 4.724709 2.503810 4.825319 2.489034 4.063491 2.500154 4.288934 2.488893 3.601743 
2.504627 3.684488 2.526617 10.356306 2.492561 8.751918 2.494891 9.897923 2.500556 9.913605 
2.497655 4.192838 2.496139 4.245841 2.502081 3.164596 2.485972 9.997849 2.508736 9.532862 
2.494080 10.705131 2.493841 4.014710 2.503938 4.133536 2.480549 3.710273 2.499069 9.374058 
2.507533 10.184671 2.501369 4.388304 2.514276 10.264757 2.504169 3.989659 2.488822 3.864719 
2.510396 9.888920 2.511661 10.279282 2.482725 10.368937 2.508005 3.837945 2.502589 10.039609 
2.504784 3.757582 2.503972 10.312834 2.500544 9.649449 2.500739 3.726719 2.505905 4.067476 
2.498952 4.644736 2.484427 10.219796 2.508447 3.597040 2.507409 10.422042 2.500647 3.761632 
2.508253 3.895770 2.505640 3.867693 2.509577 10.156310 2.484663 10.325258 2.502442 4.024037 
2.492550 10.750424 2.505865 4.691513 2.483729 3.634280 2.511478 9.974768 2.501445 3.725883 

Avg Classes:
2.501062 6.987991 2.500831 7.004122 2.500320 6.993248 2.501601 6.996249 2.500578 6.990609 
2.499498 7.005723 2.498374 7.006795 2.501292 7.002107 2.499690 7.004367 2.498954 6.983451 
2.499895 6.977804 2.500798 6.985700 2.497879 6.992608 2.496556 7.012830 2.497165 6.990719 
2.505279 7.053359 2.508546 7.025330 2.503622 7.027224 2.496757 7.017660 2.492969 7.021495 
2.515058 7.299356 2.473616 7.259717 2.514286 7.283912 2.472844 7.284170 2.470785 7.327413 
2.523547 7.069138 2.523547 7.098196 2.523547 7.013026 2.523547 6.972445 2.523547 6.891283 
2.484551 7.143258 2.502809 7.093399 2.549157 7.078652 2.497893 7.214185 2.465590 7.115169 
2.417391 6.704348 2.482609 6.821739 2.565217 6.452174 2.560870 6.960870 2.504348 6.700000 
2.416667 8.583333 2.416667 7.583333 2.416667 8.166667 2.416667 7.083333 2.416667 7.333333 
3.333333 7.666667 3.333333 7.666667 3.333333 12.000000 3.333333 8.000000 3.333333 11.666667 

Cluster 0 is class 0
Cluster 1 is class 4
Cluster 2 is class 0
Cluster 3 is class 4
Cluster 4 is class 7
Cluster 5 is class 0
Cluster 6 is class 0
Cluster 7 is class 0
Cluster 8 is class 0
Cluster 9 is class 8
Cluster 10 is class 0
Cluster 11 is class 5
Cluster 12 is class 7
Cluster 13 is class 7

Overall Accuracy is 0.285925

