----------------------------For Number of clusters 49----------------------------
Avg Clusters:
2.504834 10.376716 2.495077 4.103512 2.493715 4.144930 2.508831 10.064639 2.502891 9.588876 
2.492970 4.025297 2.516765 9.778873 2.505258 3.600709 2.526499 3.057565 2.490446 9.753876 
2.509618 4.014739 2.513439 3.810190 2.502833 4.021705 2.471640 4.947544 2.484871 3.524149 
2.511904 10.722875 2.525823 6.883740 2.515507 3.784804 2.504667 4.200131 2.490028 3.443458 
2.504320 10.187606 2.469623 10.697582 2.499809 5.059297 2.494709 10.563582 2.483155 10.475383 
2.511468 9.769700 2.465856 9.814177 2.477567 6.712149 2.505434 10.387510 2.524380 3.420081 
2.500910 10.642759 2.485726 10.061365 2.512232 4.074284 2.490032 3.107621 2.498237 10.377733 
2.479941 4.852418 2.501226 2.825285 2.485003 10.057411 2.494246 3.789442 2.484940 10.116991 
2.510432 3.442652 2.468811 5.509726 2.496805 10.652734 2.487485 3.423907 2.492004 3.222897 
2.508815 4.583245 2.530097 9.852003 2.489546 10.336171 2.497714 10.133358 2.505623 10.292945 
2.492716 3.710749 2.519548 11.223257 2.487330 9.334902 2.519678 4.076117 2.524740 4.131209 
2.503636 4.165762 2.493270 3.218876 2.525422 10.371343 2.458551 10.841281 2.515911 4.958963 
2.496133 11.019576 2.515289 3.412587 2.502637 10.021906 2.501116 10.215531 2.488238 4.311729 
2.486324 10.808488 2.515462 10.093148 2.511326 11.196259 2.513629 9.965081 2.498355 8.855062 
2.508030 10.830673 2.469070 2.265635 2.471059 4.416088 2.484110 3.660909 2.475571 4.967833 
2.485485 9.441760 2.481208 11.592866 2.504641 4.338202 2.501911 3.677905 2.475157 3.381654 
2.523897 10.796625 2.476876 3.908661 2.518186 10.561171 2.509469 7.165801 2.491777 10.658264 
2.473748 10.837831 2.511714 4.160966 2.517728 10.199404 2.506014 2.338511 2.493934 9.837256 
2.468143 10.782969 2.469781 4.942278 2.514770 10.754412 2.508684 3.170919 2.512616 3.162446 
2.495859 4.165573 2.482737 3.289323 2.527596 3.053469 2.484009 4.154174 2.512711 10.572700 
2.496175 9.903954 2.547835 10.995960 2.505818 10.919252 2.503501 4.194193 2.510019 3.034906 
2.493691 3.461198 2.490589 10.005210 2.500738 3.567561 2.498419 10.257325 2.506911 3.962297 
2.534802 3.344057 2.526223 6.225190 2.485085 9.434978 2.552869 10.356730 2.476311 2.153571 
2.479622 9.990670 2.507655 3.723864 2.504135 3.178464 2.512999 10.615845 2.498028 3.148352 
2.509153 3.384500 2.524414 6.681796 2.491774 3.440607 2.492920 10.814874 2.522430 10.327026 
2.488480 5.544593 2.480862 11.030534 2.538028 10.879661 2.484578 10.517156 2.500186 3.113031 
2.517949 10.821272 2.503145 10.458987 2.509753 10.276511 2.478684 3.238262 2.488595 7.781244 
2.474478 3.500427 2.509987 3.124794 2.481420 3.363341 2.508507 11.105730 2.524327 4.283901 
2.509925 7.981314 2.519912 3.484499 2.505820 10.033697 2.489033 11.600355 2.509741 10.976719 
2.492584 10.595341 2.522588 3.465287 2.498562 3.348035 2.515369 3.635723 2.515876 11.026225 
2.505156 3.442354 2.482448 10.058578 2.498519 3.042672 2.529125 3.428861 2.457437 3.391125 
2.500856 3.215123 2.486958 7.432420 2.543341 7.772823 2.465420 5.263799 2.527006 11.080556 
2.540429 6.471782 2.520868 10.747767 2.448636 10.651358 2.509447 3.223073 2.490250 10.843448 
2.471025 9.826605 2.507683 10.686157 2.519273 2.163693 2.504232 10.811369 2.486391 4.207319 
2.526744 1.999668 2.497056 10.691931 2.493905 10.169251 2.478730 10.507836 2.499627 5.535865 
2.554892 7.234385 2.491794 10.061584 2.510915 2.551068 2.459369 7.355880 2.481278 10.855402 
2.488970 11.333444 2.502716 10.288881 2.458597 9.856446 2.515131 4.763995 2.526771 11.966190 
2.484819 4.533825 2.455445 2.229967 2.486036 3.797884 2.480709 10.720874 2.468762 10.997641 
2.511744 2.517705 2.498399 11.623310 2.522509 3.785320 2.525979 7.635676 2.530071 10.224911 
2.519207 11.446874 2.521251 10.455558 2.476298 2.936146 2.531058 6.806293 2.525235 7.126890 
2.525367 11.159256 2.444956 9.418903 2.512145 11.520372 2.515181 10.238198 2.512341 2.714006 
2.474445 2.044686 2.530751 11.259802 2.516675 10.516675 2.510628 3.982239 2.441852 10.372036 
2.475533 3.663454 2.471250 11.627797 2.524360 4.481957 2.498447 11.894957 2.502623 10.040583 
2.490085 2.636548 2.473435 3.775431 2.515465 11.056582 2.520948 9.843858 2.494146 10.944230 
2.509761 2.798954 2.463373 6.400181 2.497484 11.324210 2.532099 2.669551 2.502918 9.260616 
2.566414 2.827569 2.513917 2.805772 2.462546 6.854380 2.538580 8.022820 2.499284 8.736799 
2.462769 7.178250 2.571245 5.937856 2.526108 10.966170 2.474720 7.040724 2.533554 4.268799 
2.497053 7.139595 2.502394 5.372652 2.435451 6.401197 2.482044 2.662615 2.541160 7.075046 
2.479297 7.633634 2.511785 1.748294 2.486395 9.919738 2.505415 5.426426 2.483574 3.605970 

Avg Classes:
2.501062 6.987991 2.500831 7.004122 2.500320 6.993248 2.501601 6.996249 2.500578 6.990609 
2.499498 7.005723 2.498374 7.006795 2.501292 7.002107 2.499690 7.004367 2.498954 6.983451 
2.499895 6.977804 2.500798 6.985700 2.497879 6.992608 2.496556 7.012830 2.497165 6.990719 
2.505279 7.053359 2.508546 7.025330 2.503622 7.027224 2.496757 7.017660 2.492969 7.021495 
2.515058 7.299356 2.473616 7.259717 2.514286 7.283912 2.472844 7.284170 2.470785 7.327413 
2.523547 7.069138 2.523547 7.098196 2.523547 7.013026 2.523547 6.972445 2.523547 6.891283 
2.484551 7.143258 2.502809 7.093399 2.549157 7.078652 2.497893 7.214185 2.465590 7.115169 
2.417391 6.704348 2.482609 6.821739 2.565217 6.452174 2.560870 6.960870 2.504348 6.700000 
2.416667 8.583333 2.416667 7.583333 2.416667 8.166667 2.416667 7.083333 2.416667 7.333333 
3.333333 7.666667 3.333333 7.666667 3.333333 12.000000 3.333333 8.000000 3.333333 11.666667 

Cluster 0 is class 0
Cluster 1 is class 7
Cluster 2 is class 0
Cluster 3 is class 0
Cluster 4 is class 4
Cluster 5 is class 8
Cluster 6 is class 0
Cluster 7 is class 0
Cluster 8 is class 0
Cluster 9 is class 9
Cluster 10 is class 0
Cluster 11 is class 0
Cluster 12 is class 8
Cluster 13 is class 8
Cluster 14 is class 0
Cluster 15 is class 0
Cluster 16 is class 8
Cluster 17 is class 0
Cluster 18 is class 0
Cluster 19 is class 0
Cluster 20 is class 8
Cluster 21 is class 7
Cluster 22 is class 0
Cluster 23 is class 0
Cluster 24 is class 7
Cluster 25 is class 0
Cluster 26 is class 8
Cluster 27 is class 7
Cluster 28 is class 9
Cluster 29 is class 0
Cluster 30 is class 0
Cluster 31 is class 0
Cluster 32 is class 8
Cluster 33 is class 0
Cluster 34 is class 0
Cluster 35 is class 0
Cluster 36 is class 8
Cluster 37 is class 0
Cluster 38 is class 0
Cluster 39 is class 0
Cluster 40 is class 8
Cluster 41 is class 0
Cluster 42 is class 0
Cluster 43 is class 9
Cluster 44 is class 0
Cluster 45 is class 0
Cluster 46 is class 0
Cluster 47 is class 0
Cluster 48 is class 0

Overall Accuracy is 0.322356

