Avg Clusters:
2.494199 7.628923 2.498677 8.285469 2.499402 7.525334 2.502361 4.089592 2.497777 4.054699 
2.500184 7.124803 2.504392 5.448022 2.499795 9.264414 2.500276 5.618755 2.505596 10.592848 
2.506157 5.386989 2.497042 7.074481 2.504497 9.001561 2.500313 10.934668 2.496167 4.692329 
2.506575 5.807714 2.500003 9.975203 2.509400 3.604822 2.496556 7.930302 2.494940 9.672873 
2.498775 9.062277 2.498133 3.496231 2.490638 3.533138 2.501427 8.908722 2.501881 6.344809 

Avg Classes:
2.501062 6.987991 2.500831 7.004122 2.500320 6.993248 2.501601 6.996249 2.500578 6.990609 
2.499498 7.005723 2.498374 7.006795 2.501292 7.002107 2.499690 7.004367 2.498954 6.983451 
2.499895 6.977804 2.500798 6.985700 2.497879 6.992608 2.496556 7.012830 2.497165 6.990719 
2.505279 7.053359 2.508546 7.025330 2.503622 7.027224 2.496757 7.017660 2.492969 7.021495 
2.515058 7.299356 2.473616 7.259717 2.514286 7.283912 2.472844 7.284170 2.470785 7.327413 
2.523547 7.069138 2.523547 7.098196 2.523547 7.013026 2.523547 6.972445 2.523547 6.891283 
2.484551 7.143258 2.502809 7.093399 2.549157 7.078652 2.497893 7.214185 2.465590 7.115169 
2.417391 6.704348 2.482609 6.821739 2.565217 6.452174 2.560870 6.960870 2.504348 6.700000 
2.416667 8.583333 2.416667 7.583333 2.416667 8.166667 2.416667 7.083333 2.416667 7.333333 
3.333333 7.666667 3.333333 7.666667 3.333333 12.000000 3.333333 8.000000 3.333333 11.666667 

Cluster 0 is class 0
Cluster 1 is class 0
Cluster 2 is class 0
Cluster 3 is class 0
Cluster 4 is class 0

Overall Accuracy is 0.501209

