Avg Clusters:
2.502031 3.773493 2.505732 9.851891 2.491109 10.287213 2.522296 3.746028 2.501625 4.093248 
2.489996 4.348185 2.514482 4.461219 2.503245 4.361143 2.490743 10.438372 2.498912 4.359070 
2.502978 9.799307 2.496086 10.063425 2.494213 3.909623 2.490090 4.181231 2.492201 10.063206 
2.502220 3.117576 2.503218 9.818645 2.521868 4.013213 2.519504 4.121726 2.509837 10.205154 
2.494165 9.914559 2.491127 9.769341 2.511359 9.677638 2.511935 10.247393 2.492255 9.741811 
2.479370 4.074656 2.505948 3.828298 2.500913 10.321125 2.494497 9.849686 2.498797 9.973979 
2.497973 10.216406 2.526466 4.084985 2.494075 9.985955 2.499026 9.989875 2.491432 3.855901 
2.504488 4.288698 2.495027 3.957388 2.490769 10.003545 2.503927 3.356582 2.490692 10.211889 
2.515135 3.270829 2.534489 10.598156 2.515004 9.915839 2.497996 9.954938 2.508390 10.069630 
2.498737 10.722912 2.517855 9.886144 2.518280 10.024170 2.506687 3.912441 2.518360 3.810125 
2.520637 3.336645 2.502754 4.296800 2.512933 10.671408 2.493307 10.082828 2.502510 3.323642 
2.506290 9.755989 2.489351 9.620506 2.500325 2.969584 2.492133 10.762326 2.506878 9.555191 
2.506957 7.101904 2.480277 3.193716 2.501300 9.807698 2.489947 3.612186 2.499388 3.832505 
2.504741 10.828874 2.491622 4.273152 2.508410 3.343129 2.481426 5.793187 2.514937 4.989577 
2.492950 10.805267 2.504364 3.982574 2.514008 10.120422 2.502289 4.003693 2.496826 10.301758 
2.500587 9.975920 2.489459 3.192736 2.484513 4.111066 2.498362 10.047604 2.503462 10.545224 
2.513226 10.151802 2.485084 10.428892 2.494639 4.112415 2.493717 10.239854 2.498817 3.107991 
2.510993 3.241367 2.485871 10.781839 2.490156 3.795498 2.497230 10.130806 2.525733 3.922820 
2.499248 9.732930 2.489437 10.474800 2.503007 3.360986 2.508703 3.270631 2.483859 3.377482 
2.497038 3.664223 2.483955 3.288216 2.534583 3.382399 2.493416 6.568506 2.494609 10.536757 
2.511180 4.647774 2.512060 3.733696 2.498033 3.632402 2.505487 2.212422 2.513251 8.731470 
2.495541 3.359567 2.492511 9.515974 2.504026 3.487576 2.514762 3.421991 2.466926 3.392900 
2.515089 4.641750 2.515644 10.672007 2.485070 10.547250 2.497284 3.322402 2.485783 10.699290 
2.496073 11.013276 2.507191 10.638843 2.460173 10.486614 2.496460 3.649187 2.502600 10.380960 
2.506181 8.845875 2.469811 10.710383 2.521589 10.880185 2.512273 10.439622 2.522485 3.255173 
2.481392 10.686077 2.493159 3.525996 2.502682 3.362577 2.524518 11.133757 2.491079 3.439580 
2.484991 3.487517 2.512579 10.269773 2.488660 3.435249 2.498380 10.578712 2.485039 10.692920 
2.497459 2.929462 2.487598 10.834241 2.492438 10.556624 2.467574 10.460436 2.500968 3.556382 
2.510809 2.204524 2.492888 3.457673 2.480356 9.094304 2.468388 3.743468 2.499029 3.599662 
2.485901 10.720722 2.505996 3.450140 2.479419 3.460296 2.515125 3.165244 2.515503 10.716616 
2.534492 10.595262 2.481488 3.364562 2.512998 10.694407 2.493473 10.687430 2.518062 10.545859 
2.529420 3.202698 2.471916 3.968877 2.486810 3.762239 2.511053 11.653376 2.508248 10.622320 
2.473318 11.733856 2.469603 3.378884 2.501486 10.316874 2.516414 3.509727 2.496487 3.462240 
2.485593 9.615140 2.525146 3.703169 2.503138 4.088633 2.495349 2.355593 2.448007 2.781593 
2.499426 3.774892 2.504519 3.151004 2.494261 2.848780 2.498780 5.044405 2.472095 3.048565 
2.462199 6.729549 2.512044 10.929486 2.499881 6.972573 2.504492 6.507831 2.493441 5.465299 

Avg Classes:
2.501062 6.987991 2.500831 7.004122 2.500320 6.993248 2.501601 6.996249 2.500578 6.990609 
2.499498 7.005723 2.498374 7.006795 2.501292 7.002107 2.499690 7.004367 2.498954 6.983451 
2.499895 6.977804 2.500798 6.985700 2.497879 6.992608 2.496556 7.012830 2.497165 6.990719 
2.505279 7.053359 2.508546 7.025330 2.503622 7.027224 2.496757 7.017660 2.492969 7.021495 
2.515058 7.299356 2.473616 7.259717 2.514286 7.283912 2.472844 7.284170 2.470785 7.327413 
2.523547 7.069138 2.523547 7.098196 2.523547 7.013026 2.523547 6.972445 2.523547 6.891283 
2.484551 7.143258 2.502809 7.093399 2.549157 7.078652 2.497893 7.214185 2.465590 7.115169 
2.417391 6.704348 2.482609 6.821739 2.565217 6.452174 2.560870 6.960870 2.504348 6.700000 
2.416667 8.583333 2.416667 7.583333 2.416667 8.166667 2.416667 7.083333 2.416667 7.333333 
3.333333 7.666667 3.333333 7.666667 3.333333 12.000000 3.333333 8.000000 3.333333 11.666667 

Cluster 0 is class 0
Cluster 1 is class 7
Cluster 2 is class 0
Cluster 3 is class 7
Cluster 4 is class 8
Cluster 5 is class 0
Cluster 6 is class 0
Cluster 7 is class 0
Cluster 8 is class 4
Cluster 9 is class 8
Cluster 10 is class 0
Cluster 11 is class 4
Cluster 12 is class 0
Cluster 13 is class 0
Cluster 14 is class 8
Cluster 15 is class 0
Cluster 16 is class 0
Cluster 17 is class 0
Cluster 18 is class 0
Cluster 19 is class 7
Cluster 20 is class 7
Cluster 21 is class 0
Cluster 22 is class 9
Cluster 23 is class 8
Cluster 24 is class 8
Cluster 25 is class 0
Cluster 26 is class 0
Cluster 27 is class 0
Cluster 28 is class 0
Cluster 29 is class 0
Cluster 30 is class 9
Cluster 31 is class 0
Cluster 32 is class 8
Cluster 33 is class 7
Cluster 34 is class 0
Cluster 35 is class 0

Overall Accuracy is 0.309588

