----------------------------For Number of clusters 72----------------------------
Avg Clusters:
2.478754 6.904012 2.516633 3.708566 2.470078 10.786990 2.497884 3.334307 2.517395 9.795793 
2.506550 3.452410 2.516497 7.260391 2.480188 9.979015 2.479824 11.000647 2.496765 4.535339 
2.496700 5.606504 2.517332 6.202474 2.486515 2.832058 2.484286 10.531145 2.489924 7.410500 
2.526914 3.580202 2.469136 7.351066 2.493154 9.193446 2.488889 3.027924 2.492929 3.037980 
2.494597 10.391640 2.494597 2.925310 2.493979 3.738604 2.490414 10.011897 2.523411 10.542620 
2.489731 10.647209 2.521929 11.023743 2.508532 9.895800 2.508918 9.322253 2.510154 10.232608 
2.488869 4.031742 2.489982 3.460083 2.522070 3.558993 2.497198 3.607776 2.523029 10.693521 
2.491981 3.555397 2.485042 10.607325 2.501402 3.267359 2.537062 3.401590 2.470567 3.616700 
2.489968 11.132170 2.502148 9.598751 2.509545 8.110245 2.494530 5.862072 2.499801 2.884307 
2.524375 10.398893 2.489320 3.067072 2.515079 10.713301 2.503197 10.371775 2.512766 10.294590 
2.508490 10.062418 2.481734 10.663804 2.506669 3.602810 2.484781 3.225806 2.503345 10.800356 
2.508037 10.488523 2.527269 10.593480 2.509221 10.951610 2.504596 2.970673 2.517399 7.013818 
2.497936 10.695080 2.520680 3.915380 2.494840 9.883514 2.514365 10.676752 2.501321 2.912862 
2.523362 10.611131 2.434055 10.514786 2.526319 9.884079 2.505737 11.301455 2.500532 3.479181 
2.469783 10.565339 2.476924 3.424129 2.521900 10.344754 2.517290 3.185373 2.512996 3.302581 
2.519481 10.381141 2.451466 10.606694 2.495919 3.115600 2.497305 10.891176 2.509984 10.279760 
2.496011 3.067752 2.503770 10.627472 2.532292 2.962408 2.546170 4.542017 2.517594 10.625615 
2.505857 3.615133 2.532408 3.200979 2.521029 3.260947 2.484540 4.844152 2.480555 3.433167 
2.520693 10.686874 2.504721 8.658763 2.456023 10.140626 2.525520 3.437425 2.497409 11.754383 
2.486916 10.640485 2.512203 4.076575 2.505955 3.005032 2.527594 9.934874 2.504026 3.210014 
2.513624 6.828967 2.483686 10.849842 2.518068 4.191381 2.473804 11.210385 2.490177 3.321366 
2.504272 10.777796 2.498721 3.433578 2.490395 2.813061 2.484735 3.352218 2.488109 8.330340 
2.521380 3.400435 2.503005 3.963252 2.514132 10.154964 2.497208 10.484418 2.477342 10.984226 
2.516163 10.761058 2.498789 3.810064 2.479892 3.542673 2.500311 3.377172 2.478646 2.700838 
2.498529 3.338826 2.552729 10.557770 2.516549 11.000187 2.505439 9.571122 2.507773 10.517483 
2.496111 3.141994 2.523396 10.793502 2.475586 3.860579 2.478877 10.896003 2.486417 10.764122 
2.504751 11.193698 2.528547 7.421749 2.478437 4.418582 2.490538 6.669455 2.507350 8.659790 
2.478669 2.936623 2.521037 11.318232 2.473564 11.007159 2.511296 3.692154 2.499853 5.181503 
2.485229 9.453480 2.523451 8.491244 2.525963 2.858078 2.530836 2.821684 2.493985 3.603396 
2.510854 2.638929 2.499156 6.838760 2.523637 10.270562 2.507959 3.171792 2.494030 10.427400 
2.510568 10.687737 2.423882 12.081426 2.498490 4.037791 2.464108 3.029804 2.509886 4.038570 
2.460976 6.783222 2.551831 11.367715 2.517879 11.405535 2.515472 9.240846 2.520715 3.941980 
2.566673 4.583453 2.485822 11.452710 2.442660 8.650485 2.528446 5.258525 2.464375 11.085607 
2.489718 11.725251 2.501833 2.972501 2.531404 10.616691 2.488761 3.676710 2.476885 9.957676 
2.468187 6.592292 2.558810 10.192311 2.501383 6.789373 2.501097 3.098445 2.467996 7.043976 
2.467358 3.006356 2.476058 2.398433 2.489757 4.250710 2.542268 10.062631 2.492966 8.899420 
2.539468 8.066855 2.450362 7.020942 2.493758 11.373439 2.488421 11.173077 2.472916 8.787857 
2.540945 3.838677 2.494582 4.898112 2.530667 2.907049 2.467992 11.156407 2.497821 12.002234 
2.465841 5.595525 2.490388 11.194200 2.536440 7.694906 2.496579 11.481807 2.497773 8.339198 
2.467705 2.632507 2.469827 6.733743 2.494551 3.575525 2.510570 10.417453 2.519274 2.657596 
2.469382 2.900688 2.487236 2.892514 2.495554 10.072207 2.537645 6.827191 2.545103 6.261222 
2.480631 10.170732 2.491631 2.707604 2.517743 6.978957 2.535629 7.001148 2.494118 6.510091 
2.503573 10.963101 2.506985 6.015997 2.440653 6.162952 2.471046 11.764957 2.470086 6.651274 
2.503930 6.959513 2.490578 10.115322 2.514483 2.745666 2.477226 7.109831 2.509099 2.946592 
2.541748 7.341263 2.529622 7.050699 2.501675 2.525696 2.511953 6.428687 2.497286 11.493821 
2.544343 2.345904 2.472491 11.566350 2.481802 10.018715 2.479075 10.257312 2.507571 3.140318 
2.503347 8.188016 2.521312 2.728855 2.501897 11.770364 2.433162 7.637916 2.483486 4.913524 
2.483614 9.137196 2.477009 7.056199 2.527227 6.937695 2.506542 10.959751 2.444984 11.917383 
2.496155 9.060430 2.511731 10.596313 2.511041 11.355382 2.519519 2.924685 2.493001 2.280560 
2.504309 2.351970 2.507078 11.558268 2.481330 3.121358 2.494666 10.260259 2.540931 4.712864 
2.499114 2.473840 2.479272 9.418094 2.562773 6.555569 2.504429 6.867722 2.487776 6.432266 
2.489762 2.869676 2.491406 11.000897 2.541922 6.953669 2.483037 1.868331 2.497235 10.768196 
2.522366 11.725716 2.485682 10.596294 2.510387 3.186599 2.497567 10.580666 2.494947 3.146360 
2.538295 3.078300 2.490084 6.471051 2.428425 3.013905 2.505471 2.730340 2.475268 7.135286 
2.503686 11.096495 2.515328 7.136334 2.519984 11.299314 2.496960 6.989135 2.521278 6.881257 
2.498068 5.953510 2.510057 11.019049 2.500733 11.885174 2.497402 2.702944 2.474890 10.601705 
2.434957 11.198424 2.543013 11.324007 2.470333 2.643351 2.555716 7.022994 2.414054 5.961409 
2.571532 3.210810 2.521423 3.192344 2.528893 11.271709 2.459695 8.797593 2.439568 2.118685 
2.475250 6.454558 2.484176 7.030024 2.562348 11.182175 2.507844 6.660671 2.522586 2.575872 
2.502702 6.068958 2.499568 2.772482 2.510808 6.785560 2.498271 2.260700 2.474384 5.469520 
2.476065 2.810240 2.507175 2.223625 2.489152 10.024567 2.490759 4.713236 2.479164 11.479738 
2.490688 2.577370 2.463240 6.825515 2.482285 6.103347 2.489147 7.862484 2.552304 11.181487 
2.461948 4.710308 2.481376 2.354535 2.543745 10.271501 2.473704 11.920307 2.516520 6.328796 
2.509152 4.860953 2.553533 2.227317 2.493210 3.517123 2.501279 11.253493 2.511710 3.456111 
2.485891 7.563524 2.487543 5.212663 2.492636 7.794357 2.474329 5.686717 2.509291 11.601789 
2.488320 10.584106 2.507880 3.287359 2.508997 5.267799 2.506650 2.832905 2.512686 11.942774 
2.479302 4.441367 2.464850 3.078880 2.495258 8.071805 2.555622 11.392293 2.503387 2.245973 
2.542243 11.728878 2.462689 7.458870 2.483532 6.820843 2.441846 2.192045 2.444073 7.031185 
2.536045 3.179481 2.475151 2.690163 2.465555 11.158917 2.474237 2.528505 2.514452 3.957500 
2.502678 7.145173 2.473585 3.040816 2.463598 6.547547 2.451006 6.547836 2.482270 2.311188 
2.464635 5.327597 2.517209 11.461478 2.394222 7.691664 2.544680 6.152352 2.575781 2.261288 
2.506167 6.895863 2.527713 11.781733 2.464793 2.974863 2.479625 7.362685 2.553942 8.898829 

Avg Classes:
2.501062 6.987991 2.500831 7.004122 2.500320 6.993248 2.501601 6.996249 2.500578 6.990609 
2.499498 7.005723 2.498374 7.006795 2.501292 7.002107 2.499690 7.004367 2.498954 6.983451 
2.499895 6.977804 2.500798 6.985700 2.497879 6.992608 2.496556 7.012830 2.497165 6.990719 
2.505279 7.053359 2.508546 7.025330 2.503622 7.027224 2.496757 7.017660 2.492969 7.021495 
2.515058 7.299356 2.473616 7.259717 2.514286 7.283912 2.472844 7.284170 2.470785 7.327413 
2.523547 7.069138 2.523547 7.098196 2.523547 7.013026 2.523547 6.972445 2.523547 6.891283 
2.484551 7.143258 2.502809 7.093399 2.549157 7.078652 2.497893 7.214185 2.465590 7.115169 
2.417391 6.704348 2.482609 6.821739 2.565217 6.452174 2.560870 6.960870 2.504348 6.700000 
2.416667 8.583333 2.416667 7.583333 2.416667 8.166667 2.416667 7.083333 2.416667 7.333333 
3.333333 7.666667 3.333333 7.666667 3.333333 12.000000 3.333333 8.000000 3.333333 11.666667 

Cluster 0 is class 0
Cluster 1 is class 0
Cluster 2 is class 0
Cluster 3 is class 0
Cluster 4 is class 0
Cluster 5 is class 8
Cluster 6 is class 0
Cluster 7 is class 0
Cluster 8 is class 8
Cluster 9 is class 9
Cluster 10 is class 0
Cluster 11 is class 8
Cluster 12 is class 0
Cluster 13 is class 8
Cluster 14 is class 8
Cluster 15 is class 4
Cluster 16 is class 0
Cluster 17 is class 7
Cluster 18 is class 8
Cluster 19 is class 0
Cluster 20 is class 0
Cluster 21 is class 0
Cluster 22 is class 9
Cluster 23 is class 7
Cluster 24 is class 9
Cluster 25 is class 0
Cluster 26 is class 8
Cluster 27 is class 0
Cluster 28 is class 0
Cluster 29 is class 0
Cluster 30 is class 0
Cluster 31 is class 8
Cluster 32 is class 0
Cluster 33 is class 8
Cluster 34 is class 5
Cluster 35 is class 0
Cluster 36 is class 9
Cluster 37 is class 0
Cluster 38 is class 0
Cluster 39 is class 0
Cluster 40 is class 0
Cluster 41 is class 0
Cluster 42 is class 8
Cluster 43 is class 0
Cluster 44 is class 0
Cluster 45 is class 0
Cluster 46 is class 0
Cluster 47 is class 0
Cluster 48 is class 8
Cluster 49 is class 0
Cluster 50 is class 7
Cluster 51 is class 0
Cluster 52 is class 0
Cluster 53 is class 7
Cluster 54 is class 8
Cluster 55 is class 9
Cluster 56 is class 0
Cluster 57 is class 0
Cluster 58 is class 0
Cluster 59 is class 0
Cluster 60 is class 0
Cluster 61 is class 0
Cluster 62 is class 0
Cluster 63 is class 7
Cluster 64 is class 0
Cluster 65 is class 0
Cluster 66 is class 7
Cluster 67 is class 8
Cluster 68 is class 0
Cluster 69 is class 7
Cluster 70 is class 0
Cluster 71 is class 0

Overall Accuracy is 0.334633

