----------------------------For Number of clusters 13----------------------------
Avg Clusters:
2.498202 4.156774 2.511498 10.349755 2.505327 5.775586 2.510321 3.668979 2.482468 8.313233 
2.519129 4.023605 2.499332 9.692638 2.502166 9.710072 2.502947 9.929240 2.501995 4.480679 
2.504455 5.029035 2.506827 9.281856 2.502198 3.652248 2.489383 10.508774 2.494720 10.023130 
2.500175 7.307263 2.493978 3.603016 2.492233 10.301493 2.503597 3.527548 2.491244 8.321206 
2.503090 10.426851 2.507642 6.106021 2.497889 3.554815 2.497172 3.896164 2.501474 4.738713 
2.502561 10.690864 2.502410 10.206392 2.491866 9.331291 2.515377 6.849656 2.498142 10.124109 
2.487870 3.895877 2.501321 3.690614 2.502959 4.710888 2.492798 8.701656 2.503717 3.695811 
2.511148 5.206958 2.487012 3.657271 2.508777 3.672329 2.493984 4.325831 2.517058 10.759723 
2.496312 10.173579 2.471472 10.115485 2.494620 4.412963 2.499824 10.018934 2.498276 3.658637 
2.489783 4.747555 2.506718 4.226043 2.504046 10.318060 2.490861 10.467943 2.501609 10.191470 
2.497826 10.279007 2.502786 3.980942 2.513948 10.176214 2.490840 9.471154 2.497214 3.739643 
2.489878 7.530665 2.504576 9.685061 2.506497 10.297835 2.506982 3.227251 2.514280 3.113626 
2.501297 10.733551 2.487928 3.782527 2.491799 4.148129 2.501392 10.037438 2.513579 9.921082 

Avg Classes:
2.501062 6.987991 2.500831 7.004122 2.500320 6.993248 2.501601 6.996249 2.500578 6.990609 
2.499498 7.005723 2.498374 7.006795 2.501292 7.002107 2.499690 7.004367 2.498954 6.983451 
2.499895 6.977804 2.500798 6.985700 2.497879 6.992608 2.496556 7.012830 2.497165 6.990719 
2.505279 7.053359 2.508546 7.025330 2.503622 7.027224 2.496757 7.017660 2.492969 7.021495 
2.515058 7.299356 2.473616 7.259717 2.514286 7.283912 2.472844 7.284170 2.470785 7.327413 
2.523547 7.069138 2.523547 7.098196 2.523547 7.013026 2.523547 6.972445 2.523547 6.891283 
2.484551 7.143258 2.502809 7.093399 2.549157 7.078652 2.497893 7.214185 2.465590 7.115169 
2.417391 6.704348 2.482609 6.821739 2.565217 6.452174 2.560870 6.960870 2.504348 6.700000 
2.416667 8.583333 2.416667 7.583333 2.416667 8.166667 2.416667 7.083333 2.416667 7.333333 
3.333333 7.666667 3.333333 7.666667 3.333333 12.000000 3.333333 8.000000 3.333333 11.666667 

Cluster 0 is class 0
Cluster 1 is class 0
Cluster 2 is class 0
Cluster 3 is class 8
Cluster 4 is class 0
Cluster 5 is class 8
Cluster 6 is class 7
Cluster 7 is class 0
Cluster 8 is class 0
Cluster 9 is class 9
Cluster 10 is class 0
Cluster 11 is class 0
Cluster 12 is class 4

Overall Accuracy is 0.324211

