Avg Clusters:
2.503160 4.381288 2.509170 4.331266 2.504587 8.531375 2.489433 8.971385 2.500188 3.523873 
2.494849 10.295175 2.487964 4.378872 2.492677 4.157941 2.500876 10.097982 2.511444 7.636161 
2.506619 4.138186 2.509017 10.125142 2.497759 9.565331 2.518142 3.811479 2.493421 7.465192 
2.503886 4.169346 2.497666 10.187595 2.498396 3.765768 2.495431 9.978187 2.500865 7.314551 
2.491374 10.058609 2.500009 4.194814 2.500046 10.192355 2.505757 4.070798 2.496199 8.088589 
2.501255 5.853163 2.505144 6.530682 2.508427 10.275320 2.494749 10.581554 2.502373 10.831182 
2.498464 10.092864 2.492984 10.296200 2.498958 4.250142 2.490587 4.599338 2.496585 9.868606 
2.508462 4.022006 2.494658 3.677082 2.509377 4.347478 2.490382 4.217210 2.505270 9.526072 
2.498472 10.162808 2.493182 10.207822 2.500731 9.550092 2.512869 8.864307 2.500550 3.627813 
2.497557 8.564699 2.504571 7.352738 2.501171 3.819441 2.503755 3.627103 2.484399 2.774024 

Avg Classes:
2.501062 6.987991 2.500831 7.004122 2.500320 6.993248 2.501601 6.996249 2.500578 6.990609 
2.499498 7.005723 2.498374 7.006795 2.501292 7.002107 2.499690 7.004367 2.498954 6.983451 
2.499895 6.977804 2.500798 6.985700 2.497879 6.992608 2.496556 7.012830 2.497165 6.990719 
2.505279 7.053359 2.508546 7.025330 2.503622 7.027224 2.496757 7.017660 2.492969 7.021495 
2.515058 7.299356 2.473616 7.259717 2.514286 7.283912 2.472844 7.284170 2.470785 7.327413 
2.523547 7.069138 2.523547 7.098196 2.523547 7.013026 2.523547 6.972445 2.523547 6.891283 
2.484551 7.143258 2.502809 7.093399 2.549157 7.078652 2.497893 7.214185 2.465590 7.115169 
2.417391 6.704348 2.482609 6.821739 2.565217 6.452174 2.560870 6.960870 2.504348 6.700000 
2.416667 8.583333 2.416667 7.583333 2.416667 8.166667 2.416667 7.083333 2.416667 7.333333 
3.333333 7.666667 3.333333 7.666667 3.333333 12.000000 3.333333 8.000000 3.333333 11.666667 

Cluster 0 is class 0
Cluster 1 is class 0
Cluster 2 is class 0
Cluster 3 is class 7
Cluster 4 is class 8
Cluster 5 is class 9
Cluster 6 is class 0
Cluster 7 is class 0
Cluster 8 is class 8
Cluster 9 is class 0

Overall Accuracy is 0.306632

