----------------------------For Number of clusters 58----------------------------
Avg Clusters:
2.499335 4.053420 2.489004 10.150329 2.477992 3.187664 2.527669 3.743759 2.475239 3.965109 
2.477679 10.029170 2.511180 3.581418 2.500718 10.104156 2.513398 4.092963 2.508728 10.374853 
2.495571 10.143823 2.519129 3.219068 2.516970 10.224498 2.489729 10.632124 2.515128 4.736959 
2.482037 9.626630 2.467037 2.943000 2.524481 9.727407 2.505444 3.311889 2.499000 3.404333 
2.507478 4.050183 2.496351 10.053103 2.520340 10.147079 2.485802 10.556807 2.494670 3.974137 
2.488827 9.201069 2.482058 2.563786 2.492212 4.409907 2.486174 9.378524 2.511557 10.805046 
2.478154 3.650956 2.492581 3.669145 2.512649 10.661182 2.507067 10.193694 2.494520 9.581201 
2.507852 4.168199 2.488591 3.182768 2.530556 3.738374 2.502062 3.786658 2.502781 7.365573 
2.517972 4.510204 2.517689 10.478462 2.500812 4.751042 2.474296 7.412012 2.513170 10.912612 
2.475477 2.597622 2.502308 4.979506 2.493547 3.982947 2.516661 10.207994 2.505867 3.784418 
2.497624 9.983354 2.492422 10.477926 2.508895 10.611999 2.515381 9.732304 2.489301 10.110768 
2.537174 4.298343 2.505550 6.183390 2.449774 6.239333 2.505773 11.248926 2.496235 10.463160 
2.504604 10.329794 2.503940 6.927920 2.491539 4.002364 2.501244 9.594227 2.484821 2.835725 
2.494502 10.924566 2.489751 9.241302 2.516689 3.413728 2.484685 3.143917 2.497212 3.961007 
2.490376 9.153140 2.488838 11.701855 2.518305 7.147534 2.510963 4.625558 2.503621 4.492212 
2.539989 10.305863 2.484735 3.711369 2.488606 10.930324 2.502154 10.702753 2.503777 11.030592 
2.496884 3.049799 2.485197 3.252110 2.507272 2.639592 2.512206 9.969095 2.473250 10.630827 
2.501188 3.960078 2.509121 10.475414 2.489928 10.266662 2.505356 3.112090 2.499397 10.436917 
2.517158 3.604155 2.510453 10.255161 2.487750 11.001928 2.508743 3.330543 2.517684 3.306000 
2.505696 10.936508 2.503837 10.533152 2.468802 10.256399 2.496878 3.366891 2.511655 10.071977 
2.513552 2.964405 2.484390 3.211425 2.495926 10.223647 2.481774 4.260314 2.516254 3.799039 
2.489329 10.231099 2.504387 10.766038 2.512289 7.053761 2.498476 11.072117 2.492938 5.901748 
2.492638 11.391539 2.494504 8.236105 2.508658 4.372926 2.488853 4.332694 2.478121 10.660411 
2.509944 3.137355 2.566371 9.975500 2.537618 11.365760 2.513718 8.278543 2.497065 10.452138 
2.508854 8.391641 2.538762 4.702663 2.488978 2.896780 2.494303 3.036718 2.519690 11.327368 
2.503113 4.575796 2.523610 3.535852 2.499825 3.374886 2.468905 4.105212 2.484575 2.325149 
2.549410 3.242840 2.514146 3.577645 2.501133 10.726137 2.489862 10.785860 2.473247 3.140069 
2.479144 11.299742 2.465190 2.617866 2.500923 3.990107 2.469251 3.069841 2.478848 8.026430 
2.500657 3.527866 2.502080 3.466824 2.485437 10.486368 2.496387 2.998029 2.491131 10.763112 
2.519827 10.222955 2.509041 10.746336 2.524903 11.278916 2.508851 7.046824 2.529471 2.990927 
2.477344 10.894074 2.529407 9.369392 2.499325 10.813653 2.514554 2.225881 2.513203 3.586947 
2.505439 10.266295 2.437099 8.742817 2.493352 11.152673 2.522641 11.672431 2.535751 2.830776 
2.502730 4.638630 2.468865 10.958745 2.496718 3.006618 2.468865 10.763609 2.517236 3.305278 
2.510055 7.300066 2.531660 7.765747 2.480223 2.653399 2.429948 8.512049 2.486954 7.440336 
2.527014 10.366412 2.455902 10.907919 2.507339 3.240965 2.504934 10.564327 2.499938 10.981497 
2.505544 2.824207 2.473303 7.291112 2.465882 8.674855 2.507165 3.272859 2.447885 7.176049 
2.522844 9.967852 2.460907 11.826505 2.480912 2.361230 2.499170 3.868961 2.510090 9.433039 
2.484103 10.958432 2.496553 11.156292 2.508694 2.107624 2.528347 10.357033 2.498611 4.913777 
2.451240 2.781122 2.519269 10.460722 2.505611 7.103349 2.494563 6.774859 2.505785 3.207308 
2.499684 3.718922 2.502569 11.149464 2.485712 9.098621 2.480754 11.904444 2.514288 10.280808 
2.479002 3.101224 2.516384 9.864595 2.528437 2.359793 2.505461 11.514595 2.490866 10.298588 
2.482114 3.207420 2.498845 10.756108 2.524396 3.190830 2.557578 2.771299 2.475044 10.269513 
2.501632 2.538383 2.464789 5.377763 2.505270 3.553027 2.506669 3.446880 2.537636 11.500326 
2.497585 11.020998 2.485336 2.445160 2.511234 3.521943 2.521383 10.618044 2.507874 3.897809 
2.474267 6.422062 2.537371 2.797410 2.494919 6.499099 2.516145 10.049828 2.445747 3.352893 
2.444760 7.084279 2.521377 5.698354 2.482028 11.207719 2.495460 6.864359 2.509932 3.269012 
2.488049 6.882360 2.526524 7.193891 2.499242 6.999417 2.500408 2.630057 2.518713 3.264428 
2.538319 10.769314 2.467540 11.586276 2.477718 5.007402 2.464148 10.376870 2.502699 1.780725 
2.498961 8.016069 2.539548 11.166089 2.525558 5.520155 2.505887 2.470979 2.471811 11.429976 
2.511297 11.557718 2.532276 6.212360 2.505411 6.817543 2.500854 10.317733 2.503892 10.256123 
2.505791 10.083018 2.481481 5.513359 2.506937 2.188281 2.522532 11.649811 2.502695 10.282307 
2.529577 3.645559 2.478666 2.552948 2.502036 7.118697 2.508049 6.181827 2.500582 11.095035 
2.491722 12.035145 2.557237 5.713560 2.471610 9.901270 2.466125 6.602235 2.422651 4.297715 
2.583799 7.674767 2.465134 6.787739 2.488779 11.506294 2.484620 3.334319 2.460099 7.781281 
2.505764 2.325896 2.468824 11.473534 2.491633 4.639147 2.553861 10.126193 2.547044 6.826577 
2.475486 11.528150 2.577806 4.148715 2.486897 2.790219 2.511097 7.287774 2.545329 7.074232 
2.534230 10.742955 2.506503 3.036940 2.469473 3.410947 2.507677 3.785766 2.480582 2.608291 
2.475028 5.902126 2.502327 2.759215 2.522330 2.185684 2.474273 11.266197 2.573154 4.773053 

Avg Classes:
2.501062 6.987991 2.500831 7.004122 2.500320 6.993248 2.501601 6.996249 2.500578 6.990609 
2.499498 7.005723 2.498374 7.006795 2.501292 7.002107 2.499690 7.004367 2.498954 6.983451 
2.499895 6.977804 2.500798 6.985700 2.497879 6.992608 2.496556 7.012830 2.497165 6.990719 
2.505279 7.053359 2.508546 7.025330 2.503622 7.027224 2.496757 7.017660 2.492969 7.021495 
2.515058 7.299356 2.473616 7.259717 2.514286 7.283912 2.472844 7.284170 2.470785 7.327413 
2.523547 7.069138 2.523547 7.098196 2.523547 7.013026 2.523547 6.972445 2.523547 6.891283 
2.484551 7.143258 2.502809 7.093399 2.549157 7.078652 2.497893 7.214185 2.465590 7.115169 
2.417391 6.704348 2.482609 6.821739 2.565217 6.452174 2.560870 6.960870 2.504348 6.700000 
2.416667 8.583333 2.416667 7.583333 2.416667 8.166667 2.416667 7.083333 2.416667 7.333333 
3.333333 7.666667 3.333333 7.666667 3.333333 12.000000 3.333333 8.000000 3.333333 11.666667 

Cluster 0 is class 7
Cluster 1 is class 4
Cluster 2 is class 8
Cluster 3 is class 0
Cluster 4 is class 4
Cluster 5 is class 0
Cluster 6 is class 9
Cluster 7 is class 0
Cluster 8 is class 0
Cluster 9 is class 7
Cluster 10 is class 9
Cluster 11 is class 0
Cluster 12 is class 0
Cluster 13 is class 0
Cluster 14 is class 8
Cluster 15 is class 9
Cluster 16 is class 0
Cluster 17 is class 0
Cluster 18 is class 0
Cluster 19 is class 8
Cluster 20 is class 0
Cluster 21 is class 8
Cluster 22 is class 0
Cluster 23 is class 9
Cluster 24 is class 0
Cluster 25 is class 0
Cluster 26 is class 0
Cluster 27 is class 0
Cluster 28 is class 0
Cluster 29 is class 8
Cluster 30 is class 8
Cluster 31 is class 8
Cluster 32 is class 7
Cluster 33 is class 0
Cluster 34 is class 4
Cluster 35 is class 0
Cluster 36 is class 0
Cluster 37 is class 0
Cluster 38 is class 0
Cluster 39 is class 4
Cluster 40 is class 0
Cluster 41 is class 0
Cluster 42 is class 7
Cluster 43 is class 0
Cluster 44 is class 0
Cluster 45 is class 0
Cluster 46 is class 0
Cluster 47 is class 0
Cluster 48 is class 0
Cluster 49 is class 8
Cluster 50 is class 0
Cluster 51 is class 0
Cluster 52 is class 8
Cluster 53 is class 0
Cluster 54 is class 0
Cluster 55 is class 0
Cluster 56 is class 0
Cluster 57 is class 7

Overall Accuracy is 0.291124

