Avg Clusters:
2.506998 9.305758 2.482996 10.053034 2.507848 3.934776 2.496319 9.963255 2.492907 9.898706 
2.498189 3.912836 2.498520 3.913662 2.500680 4.330915 2.496563 10.043398 2.500934 9.498621 
2.497719 3.772777 2.494588 4.647535 2.495150 9.943296 2.498575 4.126558 2.498677 9.758054 
2.503862 3.804638 2.524404 10.337299 2.494109 10.104593 2.494023 10.100752 2.507818 8.375577 
2.499413 9.937160 2.496244 4.302180 2.509984 9.645688 2.505859 4.645060 2.494072 3.407523 
2.509058 3.987266 2.507073 3.957350 2.507237 9.823345 2.488808 10.021497 2.503479 3.566838 
2.495358 4.510597 2.487015 10.032659 2.505103 3.595229 2.506823 9.333068 2.503161 3.383863 
2.502088 4.717680 2.508468 4.396656 2.492847 3.575605 2.493238 3.712882 2.490057 4.056457 
2.501646 4.543517 2.504971 10.419798 2.496390 9.909503 2.504937 3.466081 2.508452 3.888808 
2.497022 10.564900 2.495388 10.180545 2.504771 3.937798 2.493384 3.748063 2.488060 4.747641 
2.495259 10.658572 2.510578 4.003609 2.482408 4.033215 2.509786 10.316517 2.507945 4.228177 
2.499717 4.005286 2.505852 10.136761 2.509440 3.998886 2.513966 3.976276 2.501591 10.496553 
2.507454 10.053613 2.496319 4.334708 2.506184 10.104152 2.502337 10.459547 2.493742 9.928940 
2.501157 10.180092 2.494821 3.932770 2.499176 3.721348 2.488975 4.144132 2.505532 10.364539 
2.508632 10.222961 2.512149 10.516444 2.490527 10.169271 2.505697 4.190160 2.489793 10.011459 
2.475065 10.519117 2.499201 3.433922 2.509446 10.701020 2.503545 3.359423 2.502520 10.143015 
2.495110 10.273822 2.481266 10.267724 2.504709 9.901168 2.511778 10.090227 2.504144 3.522867 

Avg Classes:
2.501062 6.987991 2.500831 7.004122 2.500320 6.993248 2.501601 6.996249 2.500578 6.990609 
2.499498 7.005723 2.498374 7.006795 2.501292 7.002107 2.499690 7.004367 2.498954 6.983451 
2.499895 6.977804 2.500798 6.985700 2.497879 6.992608 2.496556 7.012830 2.497165 6.990719 
2.505279 7.053359 2.508546 7.025330 2.503622 7.027224 2.496757 7.017660 2.492969 7.021495 
2.515058 7.299356 2.473616 7.259717 2.514286 7.283912 2.472844 7.284170 2.470785 7.327413 
2.523547 7.069138 2.523547 7.098196 2.523547 7.013026 2.523547 6.972445 2.523547 6.891283 
2.484551 7.143258 2.502809 7.093399 2.549157 7.078652 2.497893 7.214185 2.465590 7.115169 
2.417391 6.704348 2.482609 6.821739 2.565217 6.452174 2.560870 6.960870 2.504348 6.700000 
2.416667 8.583333 2.416667 7.583333 2.416667 8.166667 2.416667 7.083333 2.416667 7.333333 
3.333333 7.666667 3.333333 7.666667 3.333333 12.000000 3.333333 8.000000 3.333333 11.666667 

Cluster 0 is class 0
Cluster 1 is class 0
Cluster 2 is class 0
Cluster 3 is class 0
Cluster 4 is class 0
Cluster 5 is class 0
Cluster 6 is class 0
Cluster 7 is class 7
Cluster 8 is class 0
Cluster 9 is class 0
Cluster 10 is class 7
Cluster 11 is class 7
Cluster 12 is class 8
Cluster 13 is class 0
Cluster 14 is class 8
Cluster 15 is class 0
Cluster 16 is class 4

Overall Accuracy is 0.360231

