----------------------------For Number of clusters 73----------------------------
Avg Clusters:
2.531261 10.253710 2.504406 7.200343 2.480374 10.437154 2.510204 10.572916 2.501202 10.166546 
2.516407 3.440305 2.507440 6.875808 2.491370 10.567948 2.492203 9.903623 2.510931 3.276158 
2.509432 6.607553 2.478353 10.031920 2.516200 3.682206 2.490208 10.793985 2.461132 10.657776 
2.520050 3.442013 2.476913 7.692304 2.473835 9.625707 2.502121 2.712937 2.493594 4.845216 
2.486744 10.785330 2.523822 4.269922 2.493506 10.189541 2.511527 9.430377 2.503842 2.899908 
2.481745 9.982946 2.505064 11.798087 2.515240 9.816601 2.519056 8.900033 2.499976 9.730909 
2.517869 4.103160 2.515802 11.438481 2.483761 9.773127 2.487100 3.914888 2.483602 10.245995 
2.504992 4.236667 2.484151 10.756676 2.484666 3.336199 2.528053 3.503249 2.483715 3.573302 
2.518890 10.891392 2.499713 10.142037 2.481731 3.803778 2.503539 7.178336 2.504926 2.644620 
2.493418 10.847336 2.498858 3.099797 2.484572 3.640434 2.491507 10.052328 2.519457 10.558744 
2.489138 10.784241 2.495248 3.687500 2.509844 3.536617 2.485404 3.049347 2.499703 10.082824 
2.503941 10.813111 2.500237 3.256278 2.497093 10.988887 2.502864 3.760822 2.488392 9.630529 
2.500693 2.811816 2.465848 2.965441 2.517566 10.727785 2.528082 10.080493 2.484872 8.770565 
2.489856 3.753249 2.547956 7.168480 2.498030 10.694737 2.480976 9.910850 2.517965 11.597413 
2.490241 10.267760 2.485832 3.153522 2.510056 6.147379 2.492965 4.210542 2.480382 3.071089 
2.514574 9.880115 2.474926 10.995903 2.499129 3.981965 2.487639 3.600132 2.504968 11.141075 
2.495735 5.215210 2.512914 7.451118 2.491679 2.753832 2.474083 3.356576 2.499672 9.924068 
2.515065 3.160567 2.525196 2.854021 2.513898 4.119298 2.458042 3.561267 2.495597 4.502493 
2.489867 5.583382 2.487261 2.494427 2.504632 5.849088 2.494499 3.252606 2.509771 10.518529 
2.494563 10.335331 2.495530 4.520852 2.498284 2.951626 2.524380 10.653796 2.513314 3.066254 
2.515058 3.164134 2.489946 10.021017 2.487763 3.535211 2.488081 11.010327 2.503821 3.727322 
2.477933 7.517748 2.521674 2.743050 2.484294 9.779095 2.491519 7.196403 2.532747 11.216978 
2.494260 2.966601 2.488693 5.019715 2.508640 3.458483 2.518497 11.228923 2.515830 10.530500 
2.513600 9.985332 2.447173 10.363999 2.524446 7.142127 2.516747 11.400135 2.500674 3.850511 
2.500747 2.825709 2.507534 11.371929 2.490159 7.377901 2.489344 10.462536 2.536921 10.324420 
2.516269 2.550732 2.525220 10.935425 2.520284 2.602091 2.545295 8.061899 2.549728 9.920117 
2.491653 10.855079 2.526647 10.468730 2.466033 10.723706 2.492038 3.053808 2.495762 10.430012 
2.487413 3.548934 2.519415 11.672184 2.471964 10.857301 2.507483 3.944755 2.504173 3.122698 
2.491205 10.644770 2.474980 8.158087 2.540024 3.037978 2.483524 2.477421 2.468519 3.736593 
2.472433 3.186571 2.516852 2.986428 2.504838 11.004286 2.486200 3.122930 2.479836 9.792389 
2.499366 9.686312 2.477890 11.466272 2.511407 7.199127 2.475356 2.857344 2.502394 4.455922 
2.485017 10.277011 2.482653 10.326954 2.510103 11.807854 2.487533 10.418681 2.493786 3.565612 
2.502403 2.154439 2.483268 7.394577 2.502131 5.484085 2.525528 3.523896 2.518092 10.841117 
2.535840 10.131463 2.551484 9.156801 2.542230 11.672004 2.480684 3.540173 2.524089 5.276146 
2.481210 7.641416 2.516713 7.565961 2.524525 10.151404 2.555874 3.954411 2.506329 2.033821 
2.487586 2.649437 2.493556 2.783747 2.509158 2.516484 2.555284 3.764482 2.490842 10.695428 
2.577858 2.769144 2.483239 3.292158 2.474423 6.765146 2.516658 7.470835 2.513993 10.241722 
2.538660 7.780375 2.518499 5.705416 2.462091 2.627453 2.511528 7.242788 2.477426 11.086113 
2.495126 3.649489 2.533797 10.987376 2.540828 11.739853 2.518936 10.236417 2.499121 7.883829 
2.515625 4.470543 2.509541 3.496990 2.462474 4.676870 2.533940 8.779393 2.479316 2.427446 
2.533726 6.913853 2.513418 3.387138 2.462084 11.044242 2.467644 6.864776 2.475300 5.120235 
2.538254 10.229825 2.512718 2.669426 2.459052 2.065935 2.529077 4.295162 2.518005 4.403591 
2.509309 2.730027 2.482227 2.817366 2.473257 10.539184 2.506855 4.592417 2.516926 2.772766 
2.504411 11.504193 2.538721 10.780634 2.503540 2.670515 2.516828 4.181462 2.520314 7.524017 
2.482866 6.403808 2.498196 2.606012 2.512124 3.445291 2.448798 8.990782 2.492485 7.268437 
2.540580 3.702129 2.493116 11.640469 2.517318 9.581545 2.474044 10.891987 2.504832 2.955101 
2.452751 11.537779 2.438596 3.863437 2.480662 11.179725 2.501695 3.079645 2.540969 3.031798 
2.537713 11.742478 2.463935 9.781139 2.526750 3.759707 2.468387 10.565906 2.511335 10.930591 
2.416311 7.619450 2.491110 11.156849 2.508195 2.477203 2.471839 10.582100 2.491209 3.499354 
2.441118 2.702062 2.501083 10.259249 2.580909 6.695754 2.526687 6.707145 2.477737 4.503907 
2.491982 4.358529 2.549400 7.058428 2.457553 7.414826 2.473926 11.432545 2.471683 6.948413 
2.469302 3.271004 2.527143 11.932788 2.526713 3.509586 2.542008 2.860513 2.459931 10.355881 
2.457391 11.321352 2.509998 10.630564 2.476077 2.548560 2.530945 10.791478 2.518329 6.567127 
2.449383 2.936351 2.447405 6.715034 2.500931 2.410984 2.512218 6.856062 2.527461 5.020479 
2.473613 11.259986 2.452828 2.274444 2.547443 10.632026 2.488162 10.866618 2.501356 9.134104 
2.490733 6.461891 2.457101 7.480633 2.542066 11.176489 2.515618 3.723657 2.435548 11.003332 
2.475579 11.251477 2.529532 5.916856 2.509200 4.761245 2.509655 7.724671 2.465243 7.011699 
2.526259 4.434254 2.511170 2.370762 2.536547 10.060945 2.478248 11.429747 2.478836 2.648442 
2.493053 7.444894 2.540267 11.524889 2.504789 10.421152 2.484824 7.247673 2.550250 3.291515 
2.492697 6.020646 2.533427 5.821208 2.552809 3.391713 2.492697 2.743399 2.447472 2.475421 
2.501102 2.760026 2.504407 2.379462 2.512561 2.312032 2.429044 8.588145 2.419127 11.025342 
2.518470 6.516582 2.482120 2.753924 2.511507 7.321138 2.543491 11.804792 2.456509 11.013218 
2.467553 7.442831 2.468480 3.443603 2.602132 10.709827 2.476514 11.855532 2.534456 6.168418 
2.433578 6.417155 2.571701 3.291496 2.514809 2.917155 2.498680 12.231085 2.506305 5.043402 
2.515555 11.216121 2.514966 7.023450 2.518265 7.304030 2.497054 5.289771 2.517676 11.158732 
2.487006 1.912276 2.502943 7.713568 2.478248 11.291601 2.541996 3.607897 2.536540 10.502800 
2.471738 1.926029 2.465597 3.243405 2.506211 3.519330 2.454292 11.528960 2.562177 4.315283 
2.511377 10.973790 2.494384 6.737183 2.445132 7.368808 2.469758 2.367944 2.490063 6.959245 
2.468281 7.051961 2.506243 2.651154 2.556565 10.419473 2.517468 2.188548 2.504477 4.160550 
2.532866 11.233758 2.513248 3.128025 2.454522 6.666879 2.460764 11.567261 2.483185 4.902166 
2.466008 11.970211 2.493585 11.109276 2.485327 10.327238 2.538859 4.533550 2.481345 2.339625 
2.544595 7.204189 2.540811 11.221486 2.473649 3.964189 2.483243 6.647027 2.488108 7.364865 
2.526168 7.541809 2.468017 5.303389 2.473030 8.124724 2.563064 1.937036 2.567074 11.555645 

Avg Classes:
2.501062 6.987991 2.500831 7.004122 2.500320 6.993248 2.501601 6.996249 2.500578 6.990609 
2.499498 7.005723 2.498374 7.006795 2.501292 7.002107 2.499690 7.004367 2.498954 6.983451 
2.499895 6.977804 2.500798 6.985700 2.497879 6.992608 2.496556 7.012830 2.497165 6.990719 
2.505279 7.053359 2.508546 7.025330 2.503622 7.027224 2.496757 7.017660 2.492969 7.021495 
2.515058 7.299356 2.473616 7.259717 2.514286 7.283912 2.472844 7.284170 2.470785 7.327413 
2.523547 7.069138 2.523547 7.098196 2.523547 7.013026 2.523547 6.972445 2.523547 6.891283 
2.484551 7.143258 2.502809 7.093399 2.549157 7.078652 2.497893 7.214185 2.465590 7.115169 
2.417391 6.704348 2.482609 6.821739 2.565217 6.452174 2.560870 6.960870 2.504348 6.700000 
2.416667 8.583333 2.416667 7.583333 2.416667 8.166667 2.416667 7.083333 2.416667 7.333333 
3.333333 7.666667 3.333333 7.666667 3.333333 12.000000 3.333333 8.000000 3.333333 11.666667 

Cluster 0 is class 9
Cluster 1 is class 0
Cluster 2 is class 0
Cluster 3 is class 0
Cluster 4 is class 8
Cluster 5 is class 8
Cluster 6 is class 0
Cluster 7 is class 0
Cluster 8 is class 0
Cluster 9 is class 0
Cluster 10 is class 0
Cluster 11 is class 8
Cluster 12 is class 0
Cluster 13 is class 9
Cluster 14 is class 5
Cluster 15 is class 0
Cluster 16 is class 0
Cluster 17 is class 0
Cluster 18 is class 7
Cluster 19 is class 0
Cluster 20 is class 0
Cluster 21 is class 9
Cluster 22 is class 0
Cluster 23 is class 4
Cluster 24 is class 0
Cluster 25 is class 7
Cluster 26 is class 8
Cluster 27 is class 0
Cluster 28 is class 0
Cluster 29 is class 0
Cluster 30 is class 5
Cluster 31 is class 4
Cluster 32 is class 0
Cluster 33 is class 8
Cluster 34 is class 0
Cluster 35 is class 0
Cluster 36 is class 0
Cluster 37 is class 0
Cluster 38 is class 0
Cluster 39 is class 0
Cluster 40 is class 0
Cluster 41 is class 7
Cluster 42 is class 0
Cluster 43 is class 0
Cluster 44 is class 7
Cluster 45 is class 0
Cluster 46 is class 0
Cluster 47 is class 4
Cluster 48 is class 0
Cluster 49 is class 0
Cluster 50 is class 0
Cluster 51 is class 0
Cluster 52 is class 4
Cluster 53 is class 7
Cluster 54 is class 8
Cluster 55 is class 9
Cluster 56 is class 0
Cluster 57 is class 0
Cluster 58 is class 0
Cluster 59 is class 7
Cluster 60 is class 0
Cluster 61 is class 0
Cluster 62 is class 4
Cluster 63 is class 0
Cluster 64 is class 4
Cluster 65 is class 9
Cluster 66 is class 0
Cluster 67 is class 8
Cluster 68 is class 0
Cluster 69 is class 0
Cluster 70 is class 8
Cluster 71 is class 0
Cluster 72 is class 0

Overall Accuracy is 0.334447

