----------------------------For Number of clusters 9----------------------------
Avg Clusters:
2.495231 4.668722 2.505702 6.023881 2.504126 4.565544 2.495262 10.765898 2.501623 8.700276 
2.511006 8.819793 2.478625 9.782762 2.506298 7.894393 2.505781 10.461350 2.493535 4.276041 
2.503574 5.050979 2.505457 3.698163 2.500004 10.129751 2.484821 7.077217 2.502784 3.834519 
2.488800 8.802510 2.501715 9.863020 2.502511 8.374847 2.514362 3.124492 2.503624 3.899977 
2.498312 10.541850 2.506314 3.606895 2.483003 3.718223 2.500390 6.592554 2.503945 5.589818 
2.499419 3.297755 2.499321 7.672713 2.517883 3.632693 2.515549 3.778661 2.484796 7.121782 
2.499158 10.188516 2.488594 10.027546 2.494458 4.870214 2.491272 5.518660 2.501813 10.783791 
2.499573 8.567032 2.495496 3.770631 2.508533 10.202224 2.495904 5.656203 2.500901 10.536673 
2.509846 3.560955 2.524685 10.217333 2.483485 10.565984 2.504191 6.411671 2.503103 9.758182 

Avg Classes:
2.501062 6.987991 2.500831 7.004122 2.500320 6.993248 2.501601 6.996249 2.500578 6.990609 
2.499498 7.005723 2.498374 7.006795 2.501292 7.002107 2.499690 7.004367 2.498954 6.983451 
2.499895 6.977804 2.500798 6.985700 2.497879 6.992608 2.496556 7.012830 2.497165 6.990719 
2.505279 7.053359 2.508546 7.025330 2.503622 7.027224 2.496757 7.017660 2.492969 7.021495 
2.515058 7.299356 2.473616 7.259717 2.514286 7.283912 2.472844 7.284170 2.470785 7.327413 
2.523547 7.069138 2.523547 7.098196 2.523547 7.013026 2.523547 6.972445 2.523547 6.891283 
2.484551 7.143258 2.502809 7.093399 2.549157 7.078652 2.497893 7.214185 2.465590 7.115169 
2.417391 6.704348 2.482609 6.821739 2.565217 6.452174 2.560870 6.960870 2.504348 6.700000 
2.416667 8.583333 2.416667 7.583333 2.416667 8.166667 2.416667 7.083333 2.416667 7.333333 
3.333333 7.666667 3.333333 7.666667 3.333333 12.000000 3.333333 8.000000 3.333333 11.666667 

Cluster 0 is class 0
Cluster 1 is class 0
Cluster 2 is class 0
Cluster 3 is class 8
Cluster 4 is class 7
Cluster 5 is class 0
Cluster 6 is class 8
Cluster 7 is class 4
Cluster 8 is class 9

Overall Accuracy is 0.253232

