----------------------------For Number of clusters 93----------------------------
Avg Clusters:
2.514899 10.185342 2.482648 10.554911 2.494959 6.586984 2.491302 4.325141 2.476135 7.157151 
2.497475 6.057174 2.535035 9.694517 2.504419 10.410813 2.500541 9.888177 2.511453 11.308820 
2.512617 6.029456 2.492932 3.712693 2.468314 9.900484 2.485011 3.195997 2.480268 6.716203 
2.531210 8.746509 2.495483 3.592632 2.485040 9.843717 2.489675 10.814561 2.511381 11.456705 
2.522549 2.628940 2.485461 7.470486 2.483951 10.951303 2.520053 3.198619 2.487782 7.671832 
2.506214 10.736429 2.485335 10.030324 2.513124 3.902615 2.495924 3.278534 2.488069 2.688358 
2.502545 10.318405 2.490216 10.861533 2.503573 3.975202 2.499977 11.066922 2.489049 3.725727 
2.531157 8.258561 2.476223 6.303849 2.510804 3.374940 2.489631 8.545336 2.477332 11.109675 
2.512448 11.179434 2.508458 2.686669 2.461060 3.438291 2.564794 8.209437 2.508937 4.382381 
2.471702 10.787353 2.485494 3.090415 2.517825 10.063634 2.511073 3.570529 2.507754 2.748727 
2.489589 3.605412 2.513642 10.993538 2.481826 9.504712 2.526297 3.137049 2.520508 3.181251 
2.541024 3.003540 2.468286 9.244884 2.479536 3.297643 2.508438 5.005965 2.493890 3.273785 
2.507165 4.199083 2.494234 4.453076 2.512955 2.462244 2.508179 3.773607 2.501423 10.500989 
2.477213 5.783715 2.532798 10.871486 2.527909 8.385950 2.465922 9.291834 2.553577 2.739596 
2.471855 3.152927 2.509617 10.930637 2.519680 3.301011 2.547802 4.395768 2.503456 10.447966 
2.527216 4.769484 2.520178 10.618777 2.481178 8.250016 2.480403 2.875638 2.485698 11.226513 
2.512457 11.836395 2.497773 3.294711 2.506054 6.867502 2.497495 10.480793 2.473208 9.594015 
2.458289 4.445389 2.516762 3.546318 2.482954 10.879297 2.497980 3.314905 2.495358 11.713587 
2.511825 9.623998 2.506979 3.531597 2.520613 3.220535 2.488434 2.582709 2.472409 3.453670 
2.467751 10.826635 2.490515 10.607549 2.500289 10.477526 2.506720 10.642981 2.481577 7.052215 
2.520341 2.576076 2.465340 9.881113 2.492510 10.416801 2.493905 11.142385 2.507564 2.962182 
2.511410 2.800845 2.552132 6.047945 2.509028 10.385632 2.470611 6.982251 2.482597 2.811141 
2.521179 7.971844 2.511296 10.628156 2.462625 11.480980 2.537458 3.353239 2.485797 10.491694 
2.476400 2.317450 2.523037 10.986595 2.499944 11.594570 2.483271 5.100597 2.471894 10.567534 
2.495461 3.277234 2.487996 9.581223 2.495939 3.133899 2.485010 11.313067 2.498746 3.630256 
2.527324 3.280432 2.460793 2.897819 2.473849 8.909546 2.504574 3.207881 2.509186 2.547651 
2.502134 11.144879 2.465220 10.569488 2.513371 4.691750 2.469488 11.134566 2.520839 10.693314 
2.504861 2.602550 2.552101 4.737479 2.552467 3.865438 2.473491 2.659787 2.476702 5.338287 
2.498088 10.913161 2.507650 5.570123 2.516150 10.967347 2.490579 6.163479 2.505596 10.013387 
2.531938 2.936803 2.537269 10.972570 2.514394 6.768731 2.524474 6.289813 2.489871 6.865174 
2.448856 10.756715 2.518043 5.980284 2.497422 2.576196 2.512978 11.441621 2.478792 7.312472 
2.545360 9.930697 2.487367 2.570466 2.515280 11.024545 2.497554 8.314109 2.505334 5.509585 
2.486386 10.488298 2.460614 2.319552 2.489755 2.971860 2.491941 8.095893 2.554594 11.152718 
2.514887 3.722654 2.505049 3.054239 2.471392 6.846537 2.524790 10.668544 2.467120 3.124401 
2.517827 4.396308 2.497679 2.264662 2.459810 2.986920 2.528903 5.356118 2.461814 3.551160 
2.490568 11.269066 2.495660 11.253674 2.510589 10.348455 2.507349 7.616480 2.532809 11.288508 
2.505449 8.877132 2.465256 11.166772 2.492656 3.017688 2.467704 3.069883 2.483181 10.890793 
2.534096 5.576820 2.521731 10.502261 2.509458 2.431300 2.497647 9.593522 2.559011 7.695949 
2.503928 2.461398 2.500745 4.267236 2.505756 10.263782 2.520723 9.818976 2.483679 11.264120 
2.462208 7.377307 2.481631 3.740728 2.532870 3.183512 2.481543 11.239058 2.496836 2.933908 
2.463742 11.212971 2.526268 5.608109 2.528516 3.373324 2.471984 3.541254 2.484972 8.721589 
2.467520 10.780174 2.541968 10.699489 2.504014 10.693186 2.519010 4.057727 2.491208 2.706722 
2.470602 6.878356 2.528009 7.966782 2.471991 3.299306 2.477315 2.940509 2.545949 6.438542 
2.515208 10.654305 2.511295 3.400658 2.499911 8.371309 2.512451 11.370776 2.494130 2.759783 
2.441855 2.735248 2.465866 3.423180 2.482188 3.185421 2.494821 9.570465 2.525267 8.190286 
2.507135 8.353369 2.463756 3.210283 2.518382 6.278424 2.495227 2.891882 2.519044 11.234760 
2.479583 6.957211 2.549522 4.790834 2.567984 11.639661 2.470026 9.081994 2.488488 2.777802 
2.521717 3.300924 2.517349 2.770220 2.493510 11.471168 2.478657 11.439466 2.486895 3.599975 
2.474346 11.057266 2.538894 4.024330 2.499834 11.991890 2.497517 11.959947 2.506289 4.618173 
2.497050 2.967416 2.514667 7.599076 2.465150 3.295476 2.495254 11.039767 2.485932 11.372787 
2.473739 3.362156 2.491399 6.696216 2.509977 11.123968 2.481651 11.160665 2.512959 7.238761 
2.494465 11.810205 2.513094 2.643629 2.506884 8.955049 2.529023 3.533477 2.502430 11.294006 
2.518231 6.931815 2.542056 2.598657 2.494274 3.110438 2.421482 11.620113 2.500197 8.713571 
2.469782 11.057814 2.510907 10.954464 2.462868 2.396114 2.538443 6.968769 2.484325 6.788175 
2.505372 7.860849 2.485325 4.294549 2.492662 6.581892 2.461740 6.514282 2.487814 2.853512 
2.530157 6.351495 2.518753 11.644703 2.476052 3.379752 2.480867 10.606057 2.419285 11.545743 
2.514480 2.435396 2.501609 6.387624 2.550743 6.725990 2.454950 4.067450 2.536386 11.211386 
2.513814 11.481281 2.467596 8.798864 2.466176 7.299251 2.530080 2.832042 2.487477 11.573328 
2.441560 5.473288 2.506897 11.912842 2.549034 3.139955 2.533735 2.356785 2.452596 4.100577 
2.547706 8.160604 2.431729 8.276721 2.543369 10.362479 2.493425 11.785814 2.496083 3.099888 
2.456828 5.834759 2.481517 11.232690 2.490759 7.198345 2.539034 11.511310 2.494897 7.364552 
2.543597 11.712631 2.515446 7.656079 2.499128 7.140135 2.488042 7.635899 2.474215 3.213503 
2.520988 6.825738 2.484649 10.827177 2.513672 11.863396 2.507916 6.640441 2.531782 5.077357 
2.489607 10.656943 2.559127 2.378865 2.455022 2.233537 2.480175 2.882096 2.509345 10.790393 
2.527862 3.600000 2.503772 2.402515 2.534745 4.317538 2.530377 10.782793 2.492257 11.926936 
2.461602 11.286953 2.500826 2.818607 2.465593 6.922378 2.479906 2.903936 2.497385 6.548582 
2.557941 11.422513 2.518848 10.638918 2.536649 2.810646 2.517976 6.997382 2.531414 11.720244 
2.547390 10.854462 2.526702 7.052321 2.474260 11.078903 2.538128 2.427111 2.521410 6.005533 
2.469680 6.447294 2.514027 2.332530 2.537121 11.209549 2.508076 7.433126 2.545622 10.348116 
2.521838 6.855439 2.473205 6.977090 2.541801 11.125670 2.503215 2.537111 2.474143 2.427117 
2.588791 3.285969 2.449712 2.227597 2.463552 6.805015 2.516169 6.311181 2.513291 10.086462 
2.514023 11.807645 2.494664 8.969720 2.531397 11.944651 2.479027 2.495408 2.481757 10.800199 
2.494573 11.544723 2.506549 6.119012 2.477545 3.940120 2.488211 11.571669 2.526010 2.229042 
2.446214 10.303441 2.493609 2.414159 2.554966 12.140413 2.472763 2.635202 2.482006 9.532547 
2.528432 11.474291 2.490309 6.606920 2.489508 11.257889 2.543809 11.383950 2.443857 9.982701 
2.522055 6.711345 2.575453 6.340814 2.518341 6.943507 2.487850 10.108807 2.501935 7.383377 
2.504919 2.458415 2.548560 11.591486 2.519764 11.133608 2.582186 8.639242 2.410123 7.385977 
2.437284 2.626081 2.486375 2.145329 2.510597 6.102941 2.514490 2.025303 2.492431 9.991133 
2.509439 11.925782 2.500388 8.932764 2.478666 2.264546 2.556245 2.192914 2.545384 10.582364 
2.522406 11.327825 2.454965 11.238946 2.508114 10.786661 2.494715 10.603097 2.547566 2.315766 
2.432371 2.785488 2.500704 4.801515 2.451920 2.473230 2.516203 8.357344 2.506869 2.678936 
2.499037 2.247387 2.501238 10.957371 2.479923 7.150715 2.448157 10.317794 2.550468 11.558168 
2.465331 11.679067 2.415364 6.069117 2.447282 11.690513 2.493947 7.509575 2.538191 2.596962 
2.551937 2.343203 2.469529 3.628917 2.512707 2.421910 2.444115 12.086603 2.546755 4.299778 
2.553318 3.003729 2.491673 11.420830 2.457122 11.328362 2.463833 12.244842 2.523987 8.058166 
2.453836 7.059785 2.476955 11.451774 2.491238 2.866146 2.496540 7.702106 2.515241 2.393609 
2.455409 10.635130 2.510663 12.006979 2.535479 10.660527 2.425746 2.481582 2.522102 6.669639 
2.411262 9.403633 2.516440 6.704632 2.510990 2.088102 2.457221 6.923524 2.571844 2.768574 
2.455585 2.521548 2.475667 2.283348 2.538405 11.204485 2.477426 6.702140 2.544415 5.907945 
2.497429 4.052047 2.458136 2.118083 2.520880 11.005143 2.517589 11.937873 2.492903 8.710348 
2.472216 1.831772 2.477664 11.815428 2.573110 3.671606 2.610155 11.071475 2.526258 8.140336 
2.430549 6.905913 2.537541 2.030267 2.569216 7.683013 2.492492 11.230643 2.537776 7.484749 
2.501234 2.058824 2.458453 6.169889 2.497943 7.006582 2.502262 11.119292 2.460304 7.678116 

Avg Classes:
2.501062 6.987991 2.500831 7.004122 2.500320 6.993248 2.501601 6.996249 2.500578 6.990609 
2.499498 7.005723 2.498374 7.006795 2.501292 7.002107 2.499690 7.004367 2.498954 6.983451 
2.499895 6.977804 2.500798 6.985700 2.497879 6.992608 2.496556 7.012830 2.497165 6.990719 
2.505279 7.053359 2.508546 7.025330 2.503622 7.027224 2.496757 7.017660 2.492969 7.021495 
2.515058 7.299356 2.473616 7.259717 2.514286 7.283912 2.472844 7.284170 2.470785 7.327413 
2.523547 7.069138 2.523547 7.098196 2.523547 7.013026 2.523547 6.972445 2.523547 6.891283 
2.484551 7.143258 2.502809 7.093399 2.549157 7.078652 2.497893 7.214185 2.465590 7.115169 
2.417391 6.704348 2.482609 6.821739 2.565217 6.452174 2.560870 6.960870 2.504348 6.700000 
2.416667 8.583333 2.416667 7.583333 2.416667 8.166667 2.416667 7.083333 2.416667 7.333333 
3.333333 7.666667 3.333333 7.666667 3.333333 12.000000 3.333333 8.000000 3.333333 11.666667 

Cluster 0 is class 8
Cluster 1 is class 9
Cluster 2 is class 0
Cluster 3 is class 9
Cluster 4 is class 0
Cluster 5 is class 5
Cluster 6 is class 0
Cluster 7 is class 0
Cluster 8 is class 0
Cluster 9 is class 8
Cluster 10 is class 0
Cluster 11 is class 7
Cluster 12 is class 0
Cluster 13 is class 0
Cluster 14 is class 0
Cluster 15 is class 0
Cluster 16 is class 8
Cluster 17 is class 9
Cluster 18 is class 7
Cluster 19 is class 8
Cluster 20 is class 0
Cluster 21 is class 0
Cluster 22 is class 9
Cluster 23 is class 9
Cluster 24 is class 7
Cluster 25 is class 0
Cluster 26 is class 4
Cluster 27 is class 7
Cluster 28 is class 8
Cluster 29 is class 0
Cluster 30 is class 0
Cluster 31 is class 0
Cluster 32 is class 0
Cluster 33 is class 0
Cluster 34 is class 0
Cluster 35 is class 9
Cluster 36 is class 0
Cluster 37 is class 0
Cluster 38 is class 9
Cluster 39 is class 0
Cluster 40 is class 0
Cluster 41 is class 8
Cluster 42 is class 0
Cluster 43 is class 6
Cluster 44 is class 7
Cluster 45 is class 0
Cluster 46 is class 0
Cluster 47 is class 0
Cluster 48 is class 0
Cluster 49 is class 7
Cluster 50 is class 0
Cluster 51 is class 8
Cluster 52 is class 0
Cluster 53 is class 0
Cluster 54 is class 7
Cluster 55 is class 0
Cluster 56 is class 0
Cluster 57 is class 8
Cluster 58 is class 0
Cluster 59 is class 8
Cluster 60 is class 4
Cluster 61 is class 5
Cluster 62 is class 8
Cluster 63 is class 0
Cluster 64 is class 0
Cluster 65 is class 0
Cluster 66 is class 0
Cluster 67 is class 8
Cluster 68 is class 9
Cluster 69 is class 0
Cluster 70 is class 0
Cluster 71 is class 8
Cluster 72 is class 0
Cluster 73 is class 8
Cluster 74 is class 9
Cluster 75 is class 0
Cluster 76 is class 0
Cluster 77 is class 0
Cluster 78 is class 0
Cluster 79 is class 4
Cluster 80 is class 0
Cluster 81 is class 0
Cluster 82 is class 8
Cluster 83 is class 7
Cluster 84 is class 4
Cluster 85 is class 0
Cluster 86 is class 8
Cluster 87 is class 0
Cluster 88 is class 0
Cluster 89 is class 0
Cluster 90 is class 0
Cluster 91 is class 0
Cluster 92 is class 0

Overall Accuracy is 0.296822

