----------------------------For Number of clusters 68----------------------------
Avg Clusters:
2.507848 3.861194 2.494002 10.483634 2.519237 10.019588 2.487143 10.558476 2.505041 3.480380 
2.538431 10.604620 2.510475 3.865177 2.506312 10.426740 2.518208 6.417256 2.489128 9.680424 
2.533798 7.068131 2.528574 10.660997 2.459148 9.845120 2.520895 3.155684 2.473390 10.467854 
2.488650 4.936115 2.459878 10.370810 2.455577 3.511793 2.519862 7.100550 2.540876 2.842126 
2.528160 9.516439 2.475872 10.745127 2.517519 4.371503 2.494534 9.747787 2.452928 11.036036 
2.488340 10.224352 2.522936 3.880419 2.495745 9.970105 2.508864 10.799213 2.489723 3.734046 
2.487600 3.889962 2.516491 10.419739 2.513918 3.199452 2.518853 3.978279 2.499494 10.933488 
2.479445 4.348661 2.536397 2.615354 2.485610 4.968424 2.505430 10.582166 2.522992 4.362066 
2.527578 4.634405 2.517916 3.052048 2.488385 5.001218 2.450578 3.084646 2.479227 3.615249 
2.526046 2.901972 2.478783 3.863521 2.505585 4.111889 2.523392 10.200037 2.489806 10.596055 
2.499440 3.268818 2.479750 7.249984 2.530128 3.228778 2.487850 11.364439 2.465130 3.506355 
2.530012 4.202789 2.450688 4.644381 2.488411 11.112799 2.514036 2.885631 2.489611 3.392742 
2.504323 3.980080 2.501693 3.842740 2.514316 10.913251 2.493245 10.481805 2.488281 10.086355 
2.476160 10.940706 2.522580 10.193945 2.505217 10.838891 2.523682 4.407536 2.503996 3.566873 
2.528377 9.970412 2.474276 7.180586 2.444054 10.517707 2.523821 10.976641 2.522494 10.833372 
2.509549 3.162478 2.511174 10.489696 2.490857 4.976606 2.528763 2.386544 2.458582 3.851164 
2.509886 3.572118 2.543509 10.749642 2.501003 10.674659 2.488108 10.158993 2.522256 10.683494 
2.468843 10.591086 2.495607 3.084308 2.508582 10.500436 2.513062 2.564613 2.515040 5.611160 
2.487583 10.349043 2.531908 6.759056 2.487539 3.337305 2.489948 3.554071 2.521046 10.298673 
2.500924 3.343543 2.480222 11.591119 2.504848 3.769432 2.491073 11.436586 2.513776 5.681391 
2.526332 2.992386 2.504227 3.792859 2.518929 10.922762 2.488317 10.474455 2.492098 3.393227 
2.506719 10.544957 2.489781 2.905776 2.488159 3.712916 2.531264 7.079264 2.507632 3.319844 
2.505901 10.730977 2.502936 10.966076 2.503173 3.866793 2.498903 6.282308 2.456082 6.543206 
2.503894 10.651859 2.453647 10.566466 2.516422 3.366831 2.502878 3.041444 2.487912 2.736643 
2.478914 5.736134 2.462537 2.444260 2.451855 10.720231 2.478677 6.680196 2.515152 5.331118 
2.485032 10.694360 2.509055 3.300835 2.503363 3.069554 2.467736 2.503363 2.468697 5.406017 
2.491939 4.489178 2.492728 2.695163 2.520633 3.620125 2.501405 3.818074 2.526155 10.764335 
2.507223 2.692949 2.465692 6.122958 2.511866 2.977902 2.485985 4.104127 2.520292 7.338693 
2.463730 2.791511 2.499744 10.591132 2.472861 4.576521 2.487764 10.568778 2.483454 11.190591 
2.482895 10.947281 2.483772 3.637018 2.482807 9.962632 2.491754 4.967456 2.499123 2.009211 
2.451704 8.405531 2.482309 2.973228 2.461257 3.873806 2.473287 10.372744 2.519637 11.047116 
2.524347 10.907400 2.470702 10.363026 2.481210 7.427675 2.501623 10.647318 2.515818 3.530729 
2.484677 10.591140 2.487945 5.909804 2.531954 3.024038 2.520189 11.437110 2.494989 3.227088 
2.545455 5.688438 2.511143 8.844771 2.524162 2.050309 2.450243 10.810569 2.529788 10.399051 
2.485609 3.138396 2.493510 11.020568 2.480216 11.176460 2.517088 3.543112 2.503104 3.685458 
2.471627 10.580832 2.532072 11.434132 2.541236 10.966793 2.515511 10.646406 2.452627 8.636402 
2.515769 3.055568 2.521646 2.708775 2.487723 10.183812 2.468114 3.831898 2.494821 10.115268 
2.505698 2.882081 2.494798 10.308340 2.482576 8.053097 2.520479 6.618249 2.473988 7.238398 
2.507041 10.467764 2.458008 11.606040 2.508992 3.595860 2.499576 2.955633 2.511028 11.002206 
2.502344 11.647762 2.513309 9.058606 2.464232 10.792952 2.486388 3.319344 2.509755 10.703342 
2.540079 10.752161 2.489807 10.622692 2.486178 7.461415 2.428114 2.433344 2.514142 6.737432 
2.475030 10.767721 2.485393 10.920626 2.499173 2.766288 2.533458 11.463896 2.546136 6.735421 
2.504704 6.791040 2.552799 9.680974 2.539393 2.458373 2.511642 2.729421 2.486007 5.850894 
2.505231 9.628131 2.485153 9.925711 2.523513 11.975695 2.488217 10.708760 2.524252 2.786748 
2.521015 3.101750 2.533090 7.686230 2.499860 11.407751 2.523074 3.516615 2.475241 8.229804 
2.420982 8.106607 2.460714 3.460179 2.551786 10.338839 2.503482 2.558482 2.497500 11.506607 
2.494550 11.000924 2.505635 2.673841 2.484482 4.082025 2.454739 11.284685 2.481803 6.619527 
2.532408 11.441860 2.480149 2.946326 2.484128 3.468034 2.515872 6.709435 2.507649 10.682731 
2.538575 2.894822 2.505679 11.262871 2.521316 2.476619 2.538132 6.975513 2.554802 7.444756 
2.498659 7.107161 2.520409 10.356143 2.538187 8.383057 2.509187 3.510279 2.516933 2.721522 
2.485950 6.948483 2.538470 6.895740 2.533006 10.574599 2.478256 7.314897 2.522079 3.492640 
2.454755 11.185857 2.569629 7.523842 2.488892 2.714576 2.507451 6.592793 2.487131 2.971281 
2.448553 2.262096 2.534158 6.000720 2.525273 7.610397 2.511466 6.683876 2.500300 2.667427 
2.479316 6.077973 2.534871 8.092809 2.474984 7.534221 2.520576 11.464479 2.506281 7.441737 
2.467040 10.738714 2.467173 11.257691 2.531362 8.732854 2.500732 7.227594 2.546278 11.335464 
2.513865 4.254819 2.469745 6.815895 2.548088 7.777652 2.462736 6.746315 2.500876 11.656427 
2.472789 7.192870 2.456286 5.258503 2.488284 6.938776 2.529227 3.303099 2.503653 7.651927 
2.488087 7.297053 2.530805 11.497251 2.509093 11.517975 2.461018 6.646553 2.537290 6.927675 
2.513552 10.835324 2.475401 2.480668 2.520231 5.278099 2.493256 2.290559 2.473089 11.110212 
2.465951 11.016401 2.496643 2.436313 2.568099 9.094859 2.469212 11.311817 2.507769 10.402839 
2.495486 9.377308 2.510039 11.476216 2.520011 2.768630 2.441989 10.845843 2.492252 2.211831 
2.503566 11.105321 2.509462 6.461739 2.545804 6.689934 2.490812 2.660176 2.501371 2.844487 
2.506042 7.089376 2.487286 5.622860 2.466641 2.607880 2.494461 9.103097 2.439577 6.987286 
2.426888 2.770934 2.472416 6.998215 2.542582 11.099089 2.534726 2.897161 2.542582 12.063024 
2.504480 2.663200 2.550080 7.057920 2.486400 5.855040 2.563840 2.085280 2.501440 11.222240 
2.490951 2.359297 2.491353 11.901998 2.519775 9.933637 2.454485 3.382357 2.474863 10.930554 
2.550475 11.671414 2.519740 6.495252 2.504748 2.926662 2.516742 11.197651 2.535982 10.671664 
2.489329 2.945304 2.478978 4.092524 2.493163 2.105304 2.526645 6.401278 2.500831 2.865048 

Avg Classes:
2.501062 6.987991 2.500831 7.004122 2.500320 6.993248 2.501601 6.996249 2.500578 6.990609 
2.499498 7.005723 2.498374 7.006795 2.501292 7.002107 2.499690 7.004367 2.498954 6.983451 
2.499895 6.977804 2.500798 6.985700 2.497879 6.992608 2.496556 7.012830 2.497165 6.990719 
2.505279 7.053359 2.508546 7.025330 2.503622 7.027224 2.496757 7.017660 2.492969 7.021495 
2.515058 7.299356 2.473616 7.259717 2.514286 7.283912 2.472844 7.284170 2.470785 7.327413 
2.523547 7.069138 2.523547 7.098196 2.523547 7.013026 2.523547 6.972445 2.523547 6.891283 
2.484551 7.143258 2.502809 7.093399 2.549157 7.078652 2.497893 7.214185 2.465590 7.115169 
2.417391 6.704348 2.482609 6.821739 2.565217 6.452174 2.560870 6.960870 2.504348 6.700000 
2.416667 8.583333 2.416667 7.583333 2.416667 8.166667 2.416667 7.083333 2.416667 7.333333 
3.333333 7.666667 3.333333 7.666667 3.333333 12.000000 3.333333 8.000000 3.333333 11.666667 

Cluster 0 is class 0
Cluster 1 is class 8
Cluster 2 is class 0
Cluster 3 is class 0
Cluster 4 is class 4
Cluster 5 is class 8
Cluster 6 is class 0
Cluster 7 is class 7
Cluster 8 is class 7
Cluster 9 is class 0
Cluster 10 is class 0
Cluster 11 is class 0
Cluster 12 is class 9
Cluster 13 is class 8
Cluster 14 is class 9
Cluster 15 is class 0
Cluster 16 is class 9
Cluster 17 is class 0
Cluster 18 is class 0
Cluster 19 is class 7
Cluster 20 is class 0
Cluster 21 is class 0
Cluster 22 is class 8
Cluster 23 is class 0
Cluster 24 is class 0
Cluster 25 is class 7
Cluster 26 is class 0
Cluster 27 is class 0
Cluster 28 is class 0
Cluster 29 is class 5
Cluster 30 is class 0
Cluster 31 is class 4
Cluster 32 is class 0
Cluster 33 is class 0
Cluster 34 is class 0
Cluster 35 is class 8
Cluster 36 is class 0
Cluster 37 is class 0
Cluster 38 is class 0
Cluster 39 is class 8
Cluster 40 is class 0
Cluster 41 is class 4
Cluster 42 is class 0
Cluster 43 is class 8
Cluster 44 is class 0
Cluster 45 is class 8
Cluster 46 is class 0
Cluster 47 is class 0
Cluster 48 is class 0
Cluster 49 is class 0
Cluster 50 is class 5
Cluster 51 is class 7
Cluster 52 is class 0
Cluster 53 is class 0
Cluster 54 is class 8
Cluster 55 is class 0
Cluster 56 is class 0
Cluster 57 is class 8
Cluster 58 is class 0
Cluster 59 is class 8
Cluster 60 is class 5
Cluster 61 is class 0
Cluster 62 is class 7
Cluster 63 is class 9
Cluster 64 is class 0
Cluster 65 is class 9
Cluster 66 is class 0
Cluster 67 is class 7

Overall Accuracy is 0.299550

