Avg Clusters:
2.514462 4.572509 2.472062 3.083189 2.503600 5.147391 2.515427 11.113601 2.492940 10.775936 
2.502668 9.588259 2.505536 3.748208 2.516568 10.447268 2.484427 10.911502 2.504779 10.507010 
2.512553 3.173450 2.505858 11.208289 2.474938 9.908739 2.517706 6.716350 2.500132 6.088883 
2.513986 5.337981 2.492585 3.754063 2.486102 10.571219 2.484726 3.030282 2.481263 7.031303 
2.506530 10.879783 2.502889 3.361605 2.483141 3.841562 2.459526 3.509260 2.478910 7.547345 
2.520604 3.263032 2.516930 6.706583 2.500000 2.919670 2.477907 4.219641 2.465594 4.563847 
2.528503 3.545031 2.492478 10.457834 2.519906 9.752942 2.475540 11.191024 2.500102 3.096459 
2.456015 10.433062 2.490245 11.046654 2.497281 9.569582 2.517190 6.263260 2.511601 10.148346 
2.491147 11.147408 2.505155 7.779208 2.507075 6.634431 2.525208 2.801394 2.475219 11.170021 
2.514353 11.018006 2.485129 3.376517 2.468906 4.162630 2.503135 8.819421 2.520451 11.467411 
2.489361 3.314958 2.484771 9.903672 2.479086 10.668405 2.516846 2.732398 2.504590 3.260718 
2.507191 11.025638 2.527201 3.880878 2.501813 11.237744 2.526388 5.291896 2.481178 9.869747 
2.495057 10.190892 2.493242 10.977154 2.484214 4.255296 2.507767 7.268156 2.494150 2.705820 
2.471143 4.950735 2.491371 9.392124 2.502791 2.904594 2.454806 11.360936 2.497260 3.781124 
2.506663 10.706959 2.474682 10.294699 2.496950 7.818241 2.510038 11.496002 2.495588 4.695529 
2.510833 6.848749 2.530012 10.481151 2.520321 4.814653 2.489726 10.757674 2.465219 10.990258 
2.496455 3.503770 2.486832 2.958694 2.531176 3.420090 2.520709 3.444851 2.520822 10.636016 
2.516929 11.314501 2.483793 3.866995 2.500919 7.495997 2.554134 6.691864 2.474606 2.780840 
2.488995 9.666316 2.486220 3.127081 2.510144 3.954450 2.476746 3.032153 2.548230 11.916746 
2.503489 3.196445 2.494470 11.270046 2.516261 3.686043 2.551547 3.217709 2.459776 7.572087 
2.491634 8.349340 2.539246 11.373555 2.531288 10.109305 2.511903 4.202081 2.527751 2.904095 
2.528286 3.229985 2.494665 2.821282 2.483159 7.674993 2.511535 10.807750 2.480894 3.513979 
2.488170 10.173719 2.477996 7.020886 2.483622 2.809634 2.504432 11.413410 2.520539 9.893256 
2.480272 2.245252 2.497380 10.449329 2.480108 4.214637 2.526359 10.904551 2.517272 10.808120 
2.496632 3.136780 2.495648 7.408145 2.515101 3.828476 2.449852 6.606464 2.532814 11.027931 
2.530855 2.984116 2.463733 3.223362 2.496134 9.985451 2.510402 3.749649 2.513776 2.652305 
2.505311 3.341226 2.496766 8.406919 2.466263 10.911637 2.484066 11.211026 2.535458 10.647736 
2.487935 11.754282 2.487630 9.530563 2.517470 7.880566 2.475375 2.713785 2.517318 3.858872 
2.503922 7.409013 2.517541 3.164718 2.525670 3.321805 2.459926 11.315816 2.491871 4.532302 
2.498721 10.240099 2.518656 7.489636 2.516186 11.859134 2.539649 3.057952 2.480550 3.807797 
2.504460 3.030645 2.483524 2.938771 2.529826 11.326840 2.526610 9.920566 2.487165 9.365495 
2.449051 11.214022 2.543924 3.655074 2.485150 10.747792 2.513668 11.243375 2.481533 3.877791 
2.567596 6.086382 2.515134 10.577569 2.468151 10.803919 2.507690 2.832643 2.462252 10.834047 
2.476003 10.028580 2.482166 7.117942 2.533857 2.676989 2.523920 2.950466 2.456667 3.321547 
2.477929 4.435717 2.484423 11.002720 2.521808 3.828170 2.514348 3.149100 2.482229 2.332778 
2.511393 4.373571 2.501652 2.250233 2.479373 3.562050 2.512834 3.648539 2.506057 3.351546 
2.508657 10.444081 2.492012 9.924129 2.536301 2.365089 2.473285 5.418815 2.550940 10.800476 
2.469278 3.847342 2.557694 10.328148 2.494908 3.605036 2.551987 2.548405 2.480918 11.925574 
2.538508 2.628591 2.456604 11.396947 2.444234 3.369812 2.536014 8.230447 2.560255 3.377294 
2.497515 2.808345 2.518331 5.058134 2.483919 11.792405 2.473511 9.917018 2.540459 3.109517 
2.469652 10.827478 2.480826 2.542030 2.489122 10.520867 2.488106 2.725641 2.545585 3.653602 
2.454710 2.347885 2.490198 3.681430 2.502723 2.522418 2.497368 10.111182 2.546742 4.294972 
2.451069 7.373977 2.527062 3.475137 2.521686 11.257422 2.448503 6.317532 2.477947 2.407819 
2.519311 7.612184 2.493132 11.107804 2.485268 3.305694 2.510950 7.193709 2.475911 7.231435 
2.474267 3.173886 2.508902 3.206041 2.481619 10.769599 2.484808 3.089556 2.503765 11.468243 
2.466286 7.465922 2.446240 5.718503 2.501640 10.315150 2.482444 3.448670 2.522172 11.664075 
2.549438 6.921062 2.552336 6.035006 2.492755 7.119161 2.466211 7.223948 2.455547 9.853599 
2.474782 7.670258 2.504848 10.888552 2.525218 11.243267 2.513662 11.170013 2.491431 8.065126 
2.532613 11.360093 2.492603 10.099061 2.506883 11.590634 2.447189 2.433938 2.493889 9.113341 
2.531384 9.468079 2.440719 2.347908 2.550027 10.641094 2.449303 7.957752 2.554989 6.398873 
2.470283 6.395755 2.508608 2.741745 2.489741 2.289741 2.496226 7.387264 2.448349 9.315212 
2.527576 10.988765 2.435542 8.067522 2.509419 11.306741 2.478098 8.780413 2.531661 2.984793 
2.486348 10.048712 2.489040 11.798744 2.495449 2.850532 2.469683 2.513524 2.503141 4.322138 
2.484354 2.742993 2.526803 11.340408 2.518095 5.746122 2.490204 11.266667 2.492517 6.708571 
2.514174 7.504370 2.489842 6.316797 2.537916 8.259272 2.545594 11.459957 2.514765 2.821994 
2.436545 8.034743 2.537880 11.439923 2.527103 11.663664 2.479653 10.491877 2.509249 2.491073 
2.510381 2.945131 2.544118 6.365175 2.482575 7.443648 2.499135 10.349975 2.464039 7.085146 
2.498608 11.664703 2.506104 2.800921 2.484472 4.044656 2.552581 10.684408 2.517777 3.134397 
2.497367 6.664911 2.540158 2.495556 2.546741 11.424128 2.482883 11.571429 2.489302 3.606814 
2.479785 6.966113 2.540756 6.908413 2.483972 2.882769 2.481879 2.421431 2.479393 9.463038 
2.546604 10.917350 2.517572 2.437283 2.476594 3.170163 2.509237 3.678011 2.510626 2.540214 
2.568284 11.852144 2.463506 11.937735 2.461813 11.030662 2.513544 7.490218 2.505079 3.750564 
2.489993 11.967567 2.471907 8.779359 2.495057 10.191946 2.561611 11.099108 2.497830 9.903304 
2.499197 3.800482 2.598325 11.133318 2.492428 10.766980 2.494837 7.718793 2.482446 11.714663 
2.494203 6.270511 2.520214 7.504459 2.515161 6.919590 2.455410 6.552467 2.617122 3.315250 
2.542994 11.745887 2.468090 11.577996 2.517909 3.618714 2.490958 10.350834 2.504259 10.222611 
2.478288 7.876241 2.502481 4.056452 2.448356 2.503722 2.482475 7.830800 2.486042 2.383995 
2.481334 8.782301 2.497311 12.007682 2.460286 4.056076 2.512675 2.498080 2.494853 11.183285 
2.495877 2.899371 2.541719 6.010482 2.481202 2.076031 2.515584 11.385325 2.487072 9.550245 
2.527644 3.231113 2.443681 11.964801 2.538462 3.022493 2.534341 7.047905 2.535543 11.054430 
2.479674 11.559473 2.526725 6.934253 2.560602 2.784191 2.490213 8.337641 2.480803 6.004893 
2.480955 7.218448 2.532547 10.508528 2.489767 7.480102 2.500569 2.476976 2.526435 6.941586 
2.470493 11.407484 2.520189 2.489573 2.527585 3.549475 2.453335 11.274811 2.492383 7.825618 
2.516452 4.961612 2.488484 2.085276 2.489306 8.504798 2.486153 6.649027 2.530436 11.449136 
2.507461 2.207759 2.545545 2.760409 2.474634 7.030695 2.487992 5.599687 2.519397 7.104874 
2.505722 2.201775 2.524521 7.287482 2.575782 11.144092 2.547875 4.983886 2.459598 9.952242 
2.474601 2.058200 2.468940 11.328302 2.510305 9.575472 2.459507 2.737736 2.515385 10.623077 
2.513818 2.691578 2.431398 6.388880 2.457563 6.868193 2.562551 2.255765 2.523630 10.168602 
2.475944 6.920987 2.538573 2.184571 2.539195 6.671506 2.462671 7.251763 2.382207 3.826421 
2.440454 2.017958 2.513989 7.120227 2.526843 6.803025 2.499433 7.441021 2.431569 2.286011 
2.557127 12.103373 2.468625 11.204389 2.445230 4.058941 2.484403 3.100472 2.493290 8.072724 
2.470742 10.644362 2.508330 11.335123 2.527193 2.431778 2.508605 11.683189 2.480380 4.184359 
2.483968 6.800100 2.477622 5.812625 2.512358 7.161156 2.512358 2.001837 2.462258 2.894623 
2.527748 11.173736 2.473489 7.251679 2.466596 3.088901 2.512902 11.251149 2.595440 2.225345 
2.581723 10.047269 2.535714 10.748739 2.488235 10.914706 2.465756 10.292857 2.488445 12.330462 
2.543553 11.665576 2.532460 6.367521 2.480815 7.683761 2.507547 7.425168 2.497181 7.579014 
2.520818 6.232802 2.498190 7.459269 2.499276 11.896995 2.521904 7.492940 2.507060 5.421072 
2.446974 10.955240 2.488459 2.367592 2.530100 10.084997 2.497817 2.046787 2.503275 10.626326 

Avg Classes:
2.501062 6.987991 2.500831 7.004122 2.500320 6.993248 2.501601 6.996249 2.500578 6.990609 
2.499498 7.005723 2.498374 7.006795 2.501292 7.002107 2.499690 7.004367 2.498954 6.983451 
2.499895 6.977804 2.500798 6.985700 2.497879 6.992608 2.496556 7.012830 2.497165 6.990719 
2.505279 7.053359 2.508546 7.025330 2.503622 7.027224 2.496757 7.017660 2.492969 7.021495 
2.515058 7.299356 2.473616 7.259717 2.514286 7.283912 2.472844 7.284170 2.470785 7.327413 
2.523547 7.069138 2.523547 7.098196 2.523547 7.013026 2.523547 6.972445 2.523547 6.891283 
2.484551 7.143258 2.502809 7.093399 2.549157 7.078652 2.497893 7.214185 2.465590 7.115169 
2.417391 6.704348 2.482609 6.821739 2.565217 6.452174 2.560870 6.960870 2.504348 6.700000 
2.416667 8.583333 2.416667 7.583333 2.416667 8.166667 2.416667 7.083333 2.416667 7.333333 
3.333333 7.666667 3.333333 7.666667 3.333333 12.000000 3.333333 8.000000 3.333333 11.666667 

Cluster 0 is class 0
Cluster 1 is class 9
Cluster 2 is class 0
Cluster 3 is class 0
Cluster 4 is class 7
Cluster 5 is class 0
Cluster 6 is class 4
Cluster 7 is class 8
Cluster 8 is class 8
Cluster 9 is class 0
Cluster 10 is class 0
Cluster 11 is class 8
Cluster 12 is class 0
Cluster 13 is class 0
Cluster 14 is class 4
Cluster 15 is class 0
Cluster 16 is class 7
Cluster 17 is class 0
Cluster 18 is class 0
Cluster 19 is class 0
Cluster 20 is class 8
Cluster 21 is class 0
Cluster 22 is class 0
Cluster 23 is class 0
Cluster 24 is class 0
Cluster 25 is class 0
Cluster 26 is class 9
Cluster 27 is class 8
Cluster 28 is class 7
Cluster 29 is class 8
Cluster 30 is class 9
Cluster 31 is class 8
Cluster 32 is class 9
Cluster 33 is class 0
Cluster 34 is class 7
Cluster 35 is class 7
Cluster 36 is class 0
Cluster 37 is class 0
Cluster 38 is class 7
Cluster 39 is class 0
Cluster 40 is class 0
Cluster 41 is class 7
Cluster 42 is class 0
Cluster 43 is class 0
Cluster 44 is class 0
Cluster 45 is class 9
Cluster 46 is class 4
Cluster 47 is class 4
Cluster 48 is class 8
Cluster 49 is class 0
Cluster 50 is class 0
Cluster 51 is class 8
Cluster 52 is class 0
Cluster 53 is class 0
Cluster 54 is class 0
Cluster 55 is class 8
Cluster 56 is class 0
Cluster 57 is class 0
Cluster 58 is class 0
Cluster 59 is class 0
Cluster 60 is class 7
Cluster 61 is class 8
Cluster 62 is class 8
Cluster 63 is class 9
Cluster 64 is class 0
Cluster 65 is class 0
Cluster 66 is class 7
Cluster 67 is class 0
Cluster 68 is class 7
Cluster 69 is class 0
Cluster 70 is class 0
Cluster 71 is class 0
Cluster 72 is class 0
Cluster 73 is class 0
Cluster 74 is class 0
Cluster 75 is class 9
Cluster 76 is class 4
Cluster 77 is class 0
Cluster 78 is class 0
Cluster 79 is class 0
Cluster 80 is class 8
Cluster 81 is class 4
Cluster 82 is class 0
Cluster 83 is class 0
Cluster 84 is class 9
Cluster 85 is class 8
Cluster 86 is class 8
Cluster 87 is class 8

Overall Accuracy is 0.288651

