Avg Clusters:
2.481181 4.341782 2.541281 10.555042 2.481317 7.034700 2.535135 4.545333 2.523333 4.540846 
2.507347 3.281539 2.505294 10.623235 2.517454 3.483124 2.485145 8.079569 2.536608 10.101803 
2.511461 10.471305 2.483792 2.731697 2.499401 3.600838 2.484690 3.956209 2.487727 7.114566 
2.496536 10.280866 2.474495 10.718239 2.507308 3.725365 2.499188 4.526168 2.498227 3.257333 
2.500809 9.785981 2.529765 9.918942 2.479282 11.259748 2.493512 4.122594 2.493743 10.008023 
2.475220 10.378131 2.490100 3.819642 2.526814 10.505864 2.496818 4.025399 2.501061 3.609523 
2.497950 7.362806 2.459109 9.161305 2.497082 5.379655 2.496873 10.992947 2.462340 3.695838 
2.495595 3.615814 2.483096 3.292325 2.487534 4.009137 2.512857 9.855959 2.491352 10.557727 
2.512260 3.412283 2.550758 10.011261 2.503159 11.146201 2.496808 9.293188 2.505778 9.809081 
2.501574 10.202404 2.522464 10.629124 2.517068 10.700176 2.514452 4.038183 2.495564 3.230571 
2.503412 6.369496 2.512591 3.315516 2.496304 3.177579 2.504752 9.120959 2.469618 3.428188 
2.479711 3.830131 2.512653 9.741094 2.507454 3.725618 2.549088 2.607051 2.462976 10.393639 
2.519707 3.373138 2.505605 3.896465 2.512783 10.584273 2.485947 10.108997 2.514022 3.662019 
2.498927 10.836964 2.514730 3.665019 2.477726 4.042011 2.506015 4.214931 2.457241 2.227353 
2.489139 3.196391 2.495025 3.768483 2.518059 10.400717 2.490803 3.513772 2.487508 9.691257 
2.481477 10.750985 2.503880 4.165970 2.497632 10.278103 2.469818 10.588198 2.486013 6.623851 
2.510877 3.862887 2.488200 10.904505 2.512898 10.528719 2.479147 10.546429 2.507405 3.314305 
2.514476 3.034202 2.495775 10.647382 2.478424 2.957548 2.501925 10.110906 2.533227 3.626831 
2.511239 3.296503 2.478610 9.163757 2.513414 2.637236 2.497630 3.402532 2.450890 3.485359 
2.508776 10.542621 2.469933 10.416332 2.499174 3.374970 2.489256 10.470681 2.503581 10.167139 
2.495438 10.375619 2.499097 3.514520 2.486777 3.669214 2.493632 11.246214 2.521653 9.682090 
2.502162 10.863612 2.501190 3.417472 2.512706 10.612847 2.509062 3.594529 2.509888 10.445071 
2.497055 3.271188 2.470254 10.878310 2.504484 10.383909 2.495622 3.109218 2.490898 10.301014 
2.500189 3.403649 2.492882 3.264731 2.533091 3.287593 2.499481 3.460733 2.523051 9.597954 
2.493033 11.582771 2.502013 4.664458 2.494829 3.497120 2.531058 10.801263 2.532235 3.215458 
2.513561 11.248968 2.519900 11.270121 2.512235 3.645637 2.497642 10.713443 2.499410 3.572155 
2.509293 3.191152 2.519644 3.055481 2.475348 5.293990 2.466945 3.812910 2.486533 3.266611 
2.512623 3.280702 2.469191 3.300385 2.522893 10.797711 2.507542 10.719138 2.486789 10.283269 
2.512890 10.108264 2.499844 10.944023 2.500728 3.199220 2.473753 3.375936 2.493503 10.530665 
2.520093 7.748304 2.529939 6.011086 2.522136 3.225075 2.486106 6.170228 2.512508 10.950186 
2.462323 2.116021 2.469500 4.325688 2.500950 3.739323 2.488567 10.777387 2.532963 3.912686 
2.496982 10.570244 2.512779 10.609971 2.511729 10.439832 2.513304 10.727106 2.493939 9.716085 
2.518340 3.911365 2.445159 3.991221 2.477450 10.912989 2.545159 2.981239 2.504450 3.173061 
2.514866 9.635862 2.532337 2.791111 2.500690 8.693870 2.528966 10.643985 2.493870 2.309808 
2.495478 10.877071 2.463545 9.787435 2.502041 7.060184 2.553501 6.701160 2.496198 10.788155 
2.469744 10.505921 2.512897 7.037881 2.449465 6.830548 2.451411 2.687378 2.452547 6.709848 
2.558491 11.155341 2.434650 11.768830 2.511749 7.221898 2.453321 2.569796 2.534993 7.675854 
2.466789 11.297427 2.501170 5.150137 2.499949 3.276472 2.516529 2.636761 2.559150 11.527922 
2.481370 3.115858 2.487529 8.448961 2.481216 7.079985 2.461586 11.344265 2.488761 7.975058 
2.500732 10.736331 2.466143 10.844020 2.509778 10.594053 2.522150 10.467075 2.525210 3.463483 
2.463270 6.875048 2.549988 3.457797 2.472674 9.890696 2.507670 7.381485 2.516689 11.410082 
2.466092 7.759526 2.451354 2.529595 2.489216 6.320273 2.482986 2.755811 2.498682 11.341361 
2.456241 10.079890 2.517800 6.349862 2.497457 11.407184 2.519708 9.876987 2.534965 2.456559 
2.507351 11.160078 2.547207 7.487858 2.489165 2.662529 2.527388 7.208429 2.497332 6.570075 
2.497309 5.847094 2.510446 10.711705 2.509078 6.998632 2.518475 10.996716 2.466107 11.469665 
2.556836 8.103914 2.471919 5.286930 2.486764 10.451261 2.521333 11.620160 2.461227 11.212499 
2.562465 5.961713 2.492088 7.336727 2.442403 8.672900 2.503264 2.984729 2.515326 11.243776 
2.513085 4.881104 2.520812 7.905625 2.482897 2.287863 2.479188 11.788584 2.475891 10.260457 
2.486406 5.434525 2.564526 2.379912 2.534845 6.893743 2.468598 11.162175 2.489612 6.740829 
2.483204 7.584092 2.525559 6.437254 2.550949 2.742388 2.496236 2.574879 2.500393 3.751826 
2.492679 4.651507 2.507924 8.019121 2.556589 11.323773 2.499828 5.985185 2.485702 3.093368 
2.553378 11.497694 2.484206 2.823841 2.511183 4.475329 2.494351 7.633733 2.478557 11.474983 
2.514462 2.929791 2.477470 10.609647 2.462621 11.241353 2.472921 2.580465 2.525620 3.780963 
2.528029 6.809382 2.529093 2.854164 2.427401 8.966599 2.528667 5.868312 2.534411 6.350495 
2.514829 11.748457 2.468224 3.008595 2.526813 10.445225 2.509987 10.153855 2.509866 11.362789 

Avg Classes:
2.501062 6.987991 2.500831 7.004122 2.500320 6.993248 2.501601 6.996249 2.500578 6.990609 
2.499498 7.005723 2.498374 7.006795 2.501292 7.002107 2.499690 7.004367 2.498954 6.983451 
2.499895 6.977804 2.500798 6.985700 2.497879 6.992608 2.496556 7.012830 2.497165 6.990719 
2.505279 7.053359 2.508546 7.025330 2.503622 7.027224 2.496757 7.017660 2.492969 7.021495 
2.515058 7.299356 2.473616 7.259717 2.514286 7.283912 2.472844 7.284170 2.470785 7.327413 
2.523547 7.069138 2.523547 7.098196 2.523547 7.013026 2.523547 6.972445 2.523547 6.891283 
2.484551 7.143258 2.502809 7.093399 2.549157 7.078652 2.497893 7.214185 2.465590 7.115169 
2.417391 6.704348 2.482609 6.821739 2.565217 6.452174 2.560870 6.960870 2.504348 6.700000 
2.416667 8.583333 2.416667 7.583333 2.416667 8.166667 2.416667 7.083333 2.416667 7.333333 
3.333333 7.666667 3.333333 7.666667 3.333333 12.000000 3.333333 8.000000 3.333333 11.666667 

Cluster 0 is class 0
Cluster 1 is class 7
Cluster 2 is class 7
Cluster 3 is class 0
Cluster 4 is class 8
Cluster 5 is class 8
Cluster 6 is class 0
Cluster 7 is class 0
Cluster 8 is class 9
Cluster 9 is class 8
Cluster 10 is class 0
Cluster 11 is class 0
Cluster 12 is class 0
Cluster 13 is class 7
Cluster 14 is class 0
Cluster 15 is class 8
Cluster 16 is class 0
Cluster 17 is class 7
Cluster 18 is class 0
Cluster 19 is class 0
Cluster 20 is class 0
Cluster 21 is class 3
Cluster 22 is class 9
Cluster 23 is class 0
Cluster 24 is class 0
Cluster 25 is class 0
Cluster 26 is class 0
Cluster 27 is class 9
Cluster 28 is class 4
Cluster 29 is class 0
Cluster 30 is class 7
Cluster 31 is class 9
Cluster 32 is class 0
Cluster 33 is class 0
Cluster 34 is class 8
Cluster 35 is class 0
Cluster 36 is class 8
Cluster 37 is class 0
Cluster 38 is class 4
Cluster 39 is class 8
Cluster 40 is class 9
Cluster 41 is class 0
Cluster 42 is class 8
Cluster 43 is class 5
Cluster 44 is class 4
Cluster 45 is class 9
Cluster 46 is class 0
Cluster 47 is class 0
Cluster 48 is class 0
Cluster 49 is class 0
Cluster 50 is class 0
Cluster 51 is class 4
Cluster 52 is class 0
Cluster 53 is class 0
Cluster 54 is class 9

Overall Accuracy is 0.272267

